tree
version=v4
num_class=1
num_tree_per_iteration=1
label_index=0
max_feature_idx=25
objective=regression
feature_names=Column_0 Column_1 Column_2 Column_3 Column_4 Column_5 Column_6 Column_7 Column_8 Column_9 Column_10 Column_11 Column_12 Column_13 Column_14 Column_15 Column_16 Column_17 Column_18 Column_19 Column_20 Column_21 Column_22 Column_23 Column_24 Column_25
feature_infos=[17529.443359375:543170432] none [6:94] [-0.32770535349845886:0.62228626012802124] [-0.37346276640892029:0.76474785804748535] [5.2155375480651855:95.5535888671875] [-0.1714387983083725:0.052353609353303909] [0.24412068724632263:119906.5078125] [0.24522805213928223:118406.390625] [0.24632993340492249:116292.3203125] [0.25169831514358521:110441.9765625] [0.24668575823307037:122073.40625] [0.23049347102642059:115939.78125] [0.24474500119686127:118789.2734375] [0:100] [0.0039780004881322384:0.32560402154922485] [-0.41478115320205688:0.36072337627410889] [-0.54534262418746948:0.52344578504562378] [-0.61982792615890503:0.61799359321594238] [-0.65404587984085083:1.2999594211578369] [-0.26146489381790161:0.15765713155269623] [-0.51750582456588745:1.57494056224823] [0.0071220109239220619:1.3546830415725708] [-0.2632032036781311:0.30620566010475159] [0.00076684064697474241:0.16913808882236481] [0.092218995094299316:12.667986869812012]
tree_sizes=2374 1677 1392 2337 2632 1758 1674 2323 2213 1727 2316 1808 1542 2010 1802 1959 1607 1504 2186 1712 2273 1430 2135 1640 1558 1403 1648 2089 2282 2158 2418 2456 1696 1922 1707 2135 1577 2261 1774

Tree=0
num_leaves=25
num_cat=0
split_feature=2 7 2 9 19 6 2 19 2 19 24 2 7 19 2 19 6 13 20 7 2 2 19 6
split_gain=0.98724 1.45645 0.585877 0.621778 0.471799 0.465781 0.455179 0.798538 0.512042 0.352431 0.374029 0.317773 0.349477 0.315159 0.250722 0.265564 0.199154 0.0479199 0.0322847 0.0333146 0.0499014 0.0244968 0.000506748 6.27382e-06
threshold=80.500000000000014 7.1332530975341806 62.500000000000007 0.41708248853683477 -0.44319799542427057 -0.0013721438590437172 12.500000000000002 -0.14631535112857816 6.5000000000000009 0.18011751025915149 0.032627169042825706 69.500000000000014 0.38384492695331579 0.65025490522384655 70.500000000000014 0.28568114340305334 -0.020727511495351788 0.38449999690055853 0.0086393514648079889 541.27606201171886 82.500000000000014 85.000000000000014 0.1073342300951481 0.0030244854278862481
decision_type=2 2 2 2 2 2 2 2 2 2 2 2 2 2 2 2 2 2 2 2 2 2 2 2
left_child=2 9 4 11 5 -1 8 -8 -6 -2 21 17 -13 -12 15 -5 -16 -4 22 20 -20 -11 -3 -21
right_child=1 18 3 14 6 -7 7 -9 -10 10 13 12 -14 -15 16 -17 -18 -19 19 23 -22 -23 -24 -25
leaf_value=0.0058920433519580352 0.0034028316314565518 0.0030007437542625614 0.0039316817045190198 0.0035348924537755609 0.0047265284007520503 0.0033468711309820806 0.0036741756594062072 0.0032311771938795257 0.0026613948823927813 0.0075080106861191535 0.0057250213062287293 0.0042590668285607588 0.0071016247238638057 0.0033468711309820806 0.0046222600029196727 0.0044776188848007987 0.0033385702025667025 0.003334875062510765 0.0041193081692183003 0.0033415894385357197 0.0033468711309820806 0.0053258990244200131 0.0033468711309820806 0.0033468711309820806
leaf_weight=64 51 59 86 3283 55 62 2149 18215 935 70 43 99 42 42 58 160 5960 50 81 107 122 52 44 48
leaf_count=64 51 59 86 3283 55 62 2149 18215 935 70 43 99 42 42 58 160 5960 50 81 107 122 52 44 48
internal_value=0.00334687 0.00414598 0.00332847 0.00346799 0.0032643 0.00458446 0.00325558 0.00327889 0.00279601 0.00545983 0.00587151 0.0044927 0.00524544 0.00439429 0.00343591 0.00358442 0.00334767 0.00356751 0.00336796 0.0035031 0.0036949 0.00673934 0.00308941 0.00334687
internal_weight=31937 719 31218 9738 21480 126 21354 20364 990 258 207 277 141 85 9461 3443 6018 136 461 358 203 122 103 155
internal_count=31937 719 31218 9738 21480 126 21354 20364 990 258 207 277 141 85 9461 3443 6018 136 461 358 203 122 103 155
is_linear=0
shrinkage=1


Tree=1
num_leaves=17
num_cat=0
split_feature=0 15 14 6 19 19 11 10 0 15 0 22 0 8 19 0
split_gain=1.30008 0.863538 0.733333 0.510829 0.4277 0.390746 0.547267 0.306781 0.238764 0.246049 0.195799 0.146346 0.130676 0.110726 0.0782691 0.0623705
threshold=422532640.00000006 0.056832280009984977 28.718533515930179 -0.020727511495351788 -0.1414816156029701 0.18542800098657611 48.484735488891609 0.35775719583034521 92382592.000000015 0.050369903445243842 2964509.1250000005 0.092458173632621779 159230760.00000003 55.096069335937507 0.044489793479442603 275265552.00000006
decision_type=2 2 2 2 2 2 2 2 2 2 2 2 2 2 2 2
left_child=2 -2 3 10 8 7 -7 -6 11 -10 13 -4 14 -1 -5 -14
right_child=1 -3 4 12 5 6 -8 -9 9 -11 -12 -13 15 -15 -16 -17
leaf_value=-0.00058539287183994476 0.003858006918932446 0 -4.8476335400454861e-05 -0.00031059687532930801 0.00042667779214054005 0.00058198380800485118 -8.0522190571777067e-05 -3.1488846603909719e-05 0.0015341800742142988 0 0.0015376381533741825 0.00035124172942863416 0.00020240029180594899 0.00072505518495456604 4.0145567716468541e-06 -0.0003125811815975897
leaf_weight=48 69 56 488 5265 717 1298 1008 20219 148 46 98 1592 402 69 273 141
leaf_count=48 69 56 488 5265 717 1298 1008 20219 148 46 98 1592 402 69 273 141
internal_value=0 0.00222022 -8.62478e-06 -0.000219967 4.27517e-05 1.39324e-05 0.000283851 -1.48575e-05 0.000328648 0.00109188 0.000802883 0.000247997 -0.000259368 1.91681e-05 -0.000291533 3.24186e-05
internal_weight=31937 125 31812 6296 25516 23242 2306 20936 2274 194 215 2080 6081 117 5538 543
internal_count=31937 125 31812 6296 25516 23242 2306 20936 2274 194 215 2080 6081 117 5538 543
is_linear=0
shrinkage=0.0218123


Tree=2
num_leaves=14
num_cat=0
split_feature=0 15 16 19 10 24 18 10 19 0 12 12 8
split_gain=1.2462 0.824023 0.502218 0.512259 0.440852 0.346649 0.322736 0.24979 0.198947 0.183954 0.0815461 0.0652256 0.0790295
threshold=422532640.00000006 0.056832280009984977 -0.08479189500212668 0.13438094407320025 33.28306961059571 0.027603961527347568 0.20898125320672992 0.35775719583034521 -0.1414816156029701 98264532.000000015 50.49671936035157 15.810893535614015 58.513216018676765
decision_type=2 2 2 2 2 2 2 2 2 2 2 2 2
left_child=2 -2 5 7 6 -1 -5 9 -9 -4 -6 -7 -13
right_child=1 -3 3 4 10 11 -8 8 -10 -11 -12 12 -14
leaf_value=-0.00038061995574253357 0.003773856679156906 0 6.5638236179475686e-05 0.00054794464230914638 -0.00051919076648837515 0.0020252347421001616 -0.00028236321275081956 9.1018845571054285e-05 -8.6533016009275577e-05 0.00080887756694067708 2.6121407109293372e-05 0 0.0011648382517705268
leaf_weight=50 69 56 599 1753 139 88 222 3342 23299 257 1949 42 72
leaf_count=50 69 56 599 1753 139 88 222 3342 23299 257 1949 42 72
internal_value=0 0.00217377 -8.4066e-06 -1.67643e-05 0.000210908 0.000960161 0.000444645 -5.11214e-05 -6.35209e-05 0.000311784 -7.51991e-07 0.0013895 0.000726043
internal_weight=31937 125 31812 31560 4063 252 1975 27497 26641 856 2088 202 114
internal_count=31937 125 31812 31560 4063 252 1975 27497 26641 856 2088 202 114
is_linear=0
shrinkage=0.0218123


Tree=3
num_leaves=25
num_cat=0
split_feature=2 7 14 2 18 2 18 2 12 18 2 12 22 15 24 24 2 2 14 22 2 7 18 2
split_gain=0.910457 1.34313 0.639612 0.721715 0.784975 0.521906 0.429569 0.403646 0.531768 0.331682 0.261054 0.24448 0.363163 0.660735 0.133402 0.128592 0.118473 0.0786114 0.0412085 0.0298808 0.0299161 0.0386064 0.0114339 0.00146947
threshold=80.500000000000014 7.1332530975341806 28.718533515930179 11.500000000000002 -0.20173867046833036 9.5000000000000018 -0.065801788121461854 64.500000000000014 0.40210589766502386 -0.095298983156681047 60.500000000000007 1.0185588002204897 0.28555905818939215 0.047310490161180503 0.067689530551433577 0.028324019163846973 33.500000000000007 24.500000000000004 12.945730686187746 0.10050547122955324 82.500000000000014 541.27606201171886 0.051072841510176666 83.500000000000014
decision_type=2 2 2 2 2 2 2 2 2 2 2 2 2 2 2 2 2 2 2 2 2 2 2 2
left_child=2 11 3 5 18 -1 14 16 -9 -7 -6 12 13 -2 17 -13 -8 -4 -5 22 21 -21 -3 -22
right_child=1 19 6 4 10 9 7 8 -10 -11 -12 15 -14 -15 -16 -17 -18 -19 -20 20 23 -23 -24 -25
leaf_value=0.00033406807416579512 0 -0.00043739604611246595 0.00049431580589290108 0.0022582307900234069 -0.00028200335870215995 -0.0023134798759815133 1.0498186016576076e-05 0.0011333853315429021 9.5625122305488593e-05 -1.1911040892315858e-05 5.3901443009761217e-05 0.0042728175655395049 0 0.0036039492942262336 -0.00078162295091889879 0.0014942167324251765 -0.00011223590300913089 0.00020132445638034431 0.00073218347359498232 0.00071093831342507207 -7.3994569909685589e-05 0 0 4.302678933965829e-05
leaf_weight=53 52 60 1013 52 4514 164 5828 248 7193 58 1334 47 54 59 42 46 9243 1393 83 81 79 47 50 144
leaf_count=53 52 60 1013 52 4514 164 5828 248 7193 58 1334 47 54 59 42 46 9243 1393 83 81 79 47 50 144
internal_value=0 0.000767592 -1.74822e-05 -0.000215065 -0.000161089 -0.00131781 3.12674e-05 5.50246e-07 0.000132859 -0.00180085 -0.000202013 0.00202933 0.00130079 0.00201787 0.000305702 0.00311019 -6.3468e-05 0.000332866 0.00146584 1.8744e-05 0.000154139 0.000419938 -0.00023431 0
internal_weight=31937 719 31218 6258 5983 275 24960 22512 7441 222 5848 258 165 111 2448 93 15071 2406 135 461 351 128 110 223
internal_count=31937 719 31218 6258 5983 275 24960 22512 7441 222 5848 258 165 111 2448 93 15071 2406 135 461 351 128 110 223
is_linear=0
shrinkage=0.0218123


Tree=4
num_leaves=28
num_cat=0
split_feature=14 17 15 9 22 15 6 8 22 8 9 14 20 7 15 22 22 7 6 22 21 9 11 14 22 7 15
split_gain=0.730217 0.581327 0.404714 0.433763 0.49531 0.274019 0.20191 0.161643 0.151134 0.112021 0.107435 0.103581 0.10338 0.11653 0.0934516 0.215193 0.0925901 0.0923146 0.0717964 0.0926486 0.0611111 0.0485602 0.0358665 0.0354861 0.0280121 0.0224638 0.0107324
threshold=30.241210937500004 -0.13915009051561353 0.037940258160233505 17.861744880676273 0.47022092342376715 0.05991772003471852 0.0025145990075543527 0.3366259634494782 0.076726417988538756 27.119928359985355 4.3053681850433358 23.127297401428226 0.004001548746600748 17.000686645507816 0.043380770832300193 0.29156374931335455 0.14432500302791598 274.77552795410162 -0.01847458258271217 0.20820882171392444 0.72094467282295238 99.70310211181642 91.414234161376967 52.801336288452156 0.04857399873435498 28.19342136383057 0.05991772003471852
decision_type=2 2 2 2 2 2 2 2 2 2 2 2 2 2 2 2 2 2 2 2 2 2 2 2 2 2 2
left_child=1 9 6 4 5 -4 7 24 23 26 -10 18 13 -5 21 -16 -14 -9 25 -20 -6 -13 -11 -8 -2 -3 -1
right_child=2 11 3 12 20 -7 8 17 10 22 -12 14 16 -15 15 -17 -18 -19 19 -21 -22 -23 -24 -25 -26 -27 -28
leaf_value=0.00037889286082133558 0 0.00047962657345805744 0.00076062331518640886 -0.00065446739179986517 0 0 -0.0001221409198612221 -9.6927387864764316e-05 0.00035339977080170025 0 0.00010961595276443206 -0.00024960541970760279 -0.00062453111935845248 0.00024849287103573318 0.00070359003228425386 -0.00039472799899655891 0 2.1361430689161372e-05 -0.00027693748187585876 -0.00063307261452535675 -0.0009612635586843984 -3.7447294284169593e-05 0.00058126747445952018 3.2827350957290074e-05 0.0005575006962532952 0 0.00174015629206976
leaf_weight=50 75 54 1337 62 46 215 1136 7619 1253 53 4301 1721 147 1108 190 131 745 4947 3073 528 95 1079 56 1549 245 49 73
leaf_count=50 75 54 1337 62 46 215 1136 7619 1253 53 4301 1721 147 1108 190 131 745 4947 3073 528 95 1079 56 1549 245 49 73
internal_value=0 -0.000195556 5.58287e-05 0.000264879 0.000524755 0.000643738 1.77378e-05 -3.50501e-05 0.000102689 0.000860257 0.000168159 -0.00023433 4.19605e-05 0.000183816 -0.000130628 0.000194036 -0.000122034 -4.87926e-05 -0.000316394 -0.000334624 -0.000645267 -0.00017488 0.000130519 -2.5406e-05 0.000443073 0.000129779 0.00134687
internal_weight=31937 7057 24880 3755 1693 1552 21125 12886 8239 232 5554 6825 2062 1170 3121 321 892 12566 3704 3601 141 2800 109 2685 320 103 123
internal_count=31937 7057 24880 3755 1693 1552 21125 12886 8239 232 5554 6825 2062 1170 3121 321 892 12566 3704 3601 141 2800 109 2685 320 103 123
is_linear=0
shrinkage=0.0218123


Tree=5
num_leaves=18
num_cat=0
split_feature=0 15 2 10 14 2 17 19 2 19 20 0 0 24 10 2 0
split_gain=1.15619 0.768477 0.66942 0.655015 0.544529 0.603017 0.8719 0.583323 0.500744 0.403673 0.566451 0.39088 0.330944 0.265211 0.163828 0.144691 0.00945994
threshold=422532640.00000006 0.056832280009984977 62.500000000000007 0.38071897625923162 28.718533515930179 11.500000000000002 -0.13915009051561353 -0.1414816156029701 9.5000000000000018 0.30530151724815374 0.034904256463050849 107497800.00000001 98264532.000000015 0.015549998264759781 0.35775719583034521 70.500000000000014 98264532.000000015
decision_type=2 2 2 2 2 2 2 2 2 2 2 2 2 2 2 2 2
left_child=2 -2 4 11 5 8 -7 12 -1 15 -11 16 -6 -13 -9 -5 -4
right_child=1 -3 3 9 7 6 -8 14 -10 10 -12 13 -14 -15 -16 -17 -18
leaf_value=0.00032734358194730356 0.0036389111131902331 0 0 0.0001825277231869094 0.00023862979481525273 0.0013732167317016927 -0.00027304550738717467 0.00027403787835045241 -0.00175892685546925 0.0014264420711152703 7.2959604921025357e-05 0.00055973788204890487 0.0013840945760480597 0.0032474221917266313 -8.3038063041346733e-05 3.0741351734715621e-07 0.00045324174998705017
leaf_weight=53 69 56 68 3330 1922 155 4566 617 222 261 415 53 139 64 13806 6078 63
leaf_count=53 69 56 68 3330 1922 155 4566 617 222 261 415 53 139 64 13806 6078 63
internal_value=0 0.00209392 -7.96589e-06 0.000135613 -7.79447e-05 -0.000277687 -0.000214825 -1.62122e-05 -0.00128526 0.000106241 0.000624657 0.00125054 0.000325437 0.00219821 -6.63977e-05 6.68977e-05 0.000253846
internal_weight=31937 125 31812 10332 21480 4996 4721 16484 275 10084 676 248 2061 117 14423 9408 131
internal_count=31937 125 31812 10332 21480 4996 4721 16484 275 10084 676 248 2061 117 14423 9408 131
is_linear=0
shrinkage=0.0218123


Tree=6
num_leaves=17
num_cat=0
split_feature=0 2 11 14 18 2 17 2 13 14 0 11 2 11 2 2
split_gain=1.10816 0.641761 0.588651 0.52087 0.617074 0.57484 0.834658 0.481406 0.379438 0.420871 0.193939 0.190173 0.452532 0.12364 0.111399 0.108469
threshold=422532640.00000006 62.500000000000007 1.2195250988006594 28.718533515930179 -0.055843913927674287 11.500000000000002 -0.13915009051561353 9.5000000000000018 0.43453250825405126 74.99689102172853 92382592.000000015 38.609262466430671 81.500000000000014 0.39877456426620489 70.500000000000014 32.500000000000007
decision_type=2 2 2 2 2 2 2 2 2 2 2 2 2 2 2 2
left_child=1 3 -2 5 10 7 -7 -1 9 13 -5 12 -10 -3 -13 -6
right_child=2 8 -4 4 15 6 -8 -9 11 -11 -12 14 -14 -15 -16 -17
leaf_value=0.00032020364076491571 0.0038642069878059163 0.00083289683831141721 0.00044125027048997733 0.00021139231934342098 0 0.0013432639718158189 -0.00026708975342875496 -0.0017205607992672868 0.0001672036010554992 0.0029098558092674589 0.00087251216812279746 0.00016442801857357331 0.0012574503242634644 0 -3.1019140932190352e-05 -0.00012360095940136559
leaf_weight=53 53 169 72 2480 5099 155 4566 222 3623 46 261 2004 199 98 4193 8644
leaf_count=53 53 169 72 2480 5099 155 4566 222 3623 46 261 2004 199 98 4193 8644
internal_value=0 -7.65391e-06 0.00205011 -7.61845e-05 -1.57804e-05 -0.000271544 -0.000210048 -0.00125566 0.000132914 0.000889553 0.000281528 0.000107311 0.000229121 0.000467736 2.90081e-05 -7.65102e-05
internal_weight=31937 31812 125 21480 16484 4996 4721 275 10332 313 2741 10019 3822 267 6197 13743
internal_count=31937 31812 125 21480 16484 4996 4721 275 10332 313 2741 10019 3822 267 6197 13743
is_linear=0
shrinkage=0.0218123


Tree=7
num_leaves=25
num_cat=0
split_feature=14 17 22 6 12 10 5 24 14 24 12 14 5 10 16 10 6 22 10 10 5 12 12 10
split_gain=0.645301 0.521967 0.306628 0.282205 0.313955 1.05394 0.18643 0.172564 0.130576 0.145719 0.11337 0.0929958 0.0904835 0.0802299 0.0774693 0.0765143 0.0679305 0.0856778 0.0531952 0.0405345 0.0304483 0.0295745 0.0258784 0.0222607
threshold=30.241210937500004 -0.13915009051561353 0.12031282857060434 0.019780484028160576 0.60992273688316356 0.71716219186782848 33.191663742065437 0.030051028355956081 53.37164497375489 0.023519579321146015 39.44342231750489 23.127297401428226 23.118990898132328 0.35775719583034521 -0.031500212848186486 57.982456207275398 -0.01847458258271217 0.20820882171392444 0.29470035433769232 12.861798763275148 27.507078170776371 0.26360185444355017 55.798530578613288 0.35775719583034521
decision_type=2 2 2 2 2 2 2 2 2 2 2 2 2 2 2 2 2 2 2 2 2 2 2 2
left_child=1 7 8 4 5 -4 -6 -1 13 18 -11 16 -9 21 22 -5 20 -18 -10 -15 -3 -2 -13 -16
right_child=2 11 3 15 6 -7 -8 12 9 10 -12 14 -14 19 23 -17 17 -19 -20 -21 -22 -23 -24 -25
leaf_value=-2.9241522744006725e-05 0 0 0.00035517587250703461 -0.00082850567069247128 0.00057895389116554977 0.0036810055536567023 8.9859599994572331e-05 0.001444499350242064 0.00044724011031788483 0.001127112501387522 0 0 0 0 3.2530319953395987e-05 0 -0.0002604620387998791 -0.00060378063354319202 3.0963072492352366e-05 -0.0001101023428189553 0.00056135608853991276 0.00046408021754027411 0.00031594045288740874 -0.00018381127554746593
leaf_weight=45 111 51 1206 165 413 49 7081 134 159 109 92 267 53 2557 83 70 3073 528 7039 5658 52 171 186 2585
leaf_count=45 111 51 1206 165 413 49 7081 134 159 109 92 267 53 2557 83 70 3073 528 7039 5658 52 171 186 2585
internal_value=0 -0.00018361 5.27037e-05 0.00015462 0.000176384 0.00050072 0.000119441 0.000816031 -3.658e-06 6.20067e-05 0.000648511 -0.000220476 0.00112472 -6.31543e-05 -0.000121708 -0.000571881 -0.000298382 -0.000316269 4.28936e-05 -7.74705e-05 0.000135821 0.000284079 0.000117498 -0.000169702
internal_weight=31937 7057 24880 8984 8749 1255 7494 232 15896 7399 201 6825 187 8497 3121 235 3704 3601 7198 8215 103 282 453 2668
internal_count=31937 7057 24880 8984 8749 1255 7494 232 15896 7399 201 6825 187 8497 3121 235 3704 3601 7198 8215 103 282 453 2668
is_linear=0
shrinkage=0.0218123


Tree=8
num_leaves=24
num_cat=0
split_feature=2 7 2 10 16 2 2 10 2 15 15 2 15 2 2 16 10 20 7 2 7 5 25
split_gain=0.814665 1.21732 0.478521 0.625337 0.397365 0.342414 0.485684 0.233707 0.220977 0.200546 0.143146 0.407593 0.252479 0.140954 0.233436 0.101374 0.0805476 0.0284175 0.029235 0.0459716 0.0162057 0.00407516 0.000254167
threshold=80.500000000000014 7.1332530975341806 62.500000000000007 0.38071897625923162 -0.08479189500212668 6.5000000000000009 12.500000000000002 0.34394647181034094 70.500000000000014 0.022867790423333648 0.039063563570380218 89.000000000000014 0.05833296291530133 14.500000000000002 30.500000000000004 -0.044624518603086465 69.509677886962905 0.0086393514648079889 541.27606201171886 82.500000000000014 41.343135833740241 62.904916763305671 1.4183301925659182
decision_type=2 2 2 2 2 2 2 2 2 2 2 2 2 2 2 2 2 2 2 2 2 2 2
left_child=2 10 4 7 13 -6 -7 21 16 -9 -2 12 -12 20 -15 -10 -5 -3 19 -19 -1 -4 -20
right_child=1 17 3 8 5 6 -8 9 15 -11 11 -13 -14 14 -16 -17 -18 18 22 -21 -22 -23 -24
leaf_value=0.00040927612487997797 0.00025573791884157739 -0.00024931397974992656 0.00050142894493710735 0.00032995511435255975 0.0015295784808152608 -0.0005856058027871588 -6.6869768173280546e-05 0.00046865160522252254 0.00048347415871769227 0.002827406897350501 0.0035392469401736341 0.00039944440832031668 0.0007624267292698991 0.0020048395065321023 0 -1.7172054639642113e-05 9.7821335216131489e-05 0.00072827010461813354 -3.2712912813059766e-05 0 -0.00012674788170998852 0 0
leaf_weight=42 46 103 64 1712 61 911 20292 55 199 67 104 66 42 83 49 5817 1762 81 113 122 42 62 42
leaf_count=42 46 103 64 1712 61 911 20292 55 199 67 104 66 42 83 49 5817 1762 81 113 122 42 62 42
internal_value=0 0.000726451 -1.6167e-05 0.000109854 -7.42156e-05 -8.45139e-05 -9.00861e-05 0.00119685 7.93735e-05 0.00192542 0.00192751 0.00219738 0.0028753 0.000848438 0.00129845 0 0.000217885 1.15651e-05 0.000141616 0.000322314 0 0.000335149 0
internal_weight=31937 719 31218 9738 21480 21264 21203 248 9490 122 258 212 146 216 132 6016 3474 461 358 203 84 126 155
internal_count=31937 719 31218 9738 21480 21264 21203 248 9490 122 258 212 146 216 132 6016 3474 461 358 203 84 126 155
is_linear=0
shrinkage=0.0218123


Tree=9
num_leaves=18
num_cat=0
split_feature=0 24 2 10 14 19 2 20 2 0 19 24 2 10 10 2 8
split_gain=1.03336 0.72507 0.585091 0.58179 0.47926 0.543107 0.541136 0.627209 0.457268 0.302655 0.275363 0.365351 0.273515 0.289152 0.152106 0.138023 0.0307037
threshold=422532640.00000006 0.037637120112776763 62.500000000000007 0.42291958630084997 28.718533515930179 -0.1414816156029701 11.500000000000002 -0.057202288880944245 9.5000000000000018 98264532.000000015 0.30530151724815374 0.032627169042825706 69.500000000000014 0.34394647181034094 0.35775719583034521 70.500000000000014 0.3845795094966889
decision_type=2 2 2 2 2 2 2 2 2 2 2 2 2 2 2 2 2
left_child=2 -2 4 12 6 9 8 -8 -1 -6 15 -12 16 -14 -7 -5 -4
right_child=1 -3 3 10 5 14 7 -9 -10 -11 11 -13 13 -15 -16 -17 -18
leaf_value=0.00031455114594827375 0.0038899556020270312 0.00019797055249226546 0.00048104239436616244 0.00017637977501890471 0.00023145972434663733 0.00026479655807662211 0.0009718791470542848 -0.00025664253165507566 -0.0016688171398319279 0.0013292310535265219 0.0010363508324589897 0 0 0.002114392453379675 -7.9127200465024412e-05 0 0
leaf_weight=53 55 70 85 3285 1922 617 201 4520 222 139 333 297 51 138 13806 6074 69
leaf_count=53 55 70 85 3285 1922 617 201 4520 222 139 333 297 51 138 13806 6074 69
internal_value=5.14169e-08 0.00197997 -7.10956e-06 0.000127079 -7.25717e-05 -1.45812e-05 -0.000259967 -0.000200167 -0.00121498 0.00031505 9.45725e-05 0.000540172 0.00101636 0.00159261 -6.30495e-05 6.24733e-05 0.000181289
internal_weight=31937 125 31812 10332 21480 16484 4996 4721 275 2061 9989 630 343 189 14423 9359 154
internal_count=31937 125 31812 10332 21480 16484 4996 4721 275 2061 9989 630 343 189 14423 9359 154
is_linear=0
shrinkage=0.0218123


Tree=10
num_leaves=25
num_cat=0
split_feature=2 7 14 2 16 2 19 18 10 11 19 22 15 2 2 15 22 2 14 22 2 7 19 2
split_gain=0.763539 1.14931 0.491861 0.580509 0.812271 0.441575 0.370322 0.359527 0.310282 0.29103 0.290363 0.353463 0.288407 0.279256 0.194154 0.145752 0.287198 0.110842 0.0774216 0.0258237 0.0271561 0.0344899 0.0121608 0.00131888
threshold=80.500000000000014 7.1332530975341806 30.241210937500004 11.500000000000002 -0.08479189500212668 9.5000000000000018 -0.1414816156029701 -0.095298983156681047 0.36242303252220159 0.40626505017280584 0.18011751025915149 0.16479226201772693 0.054239990189671523 62.500000000000007 60.500000000000007 0.049493541941046722 0.093071158975362792 30.500000000000004 40.989759445190437 0.10050547122955324 82.500000000000014 541.27606201171886 0.17579418420791629 83.500000000000014
decision_type=2 2 2 2 2 2 2 2 2 2 2 2 2 2 2 2 2 2 2 2 2 2 2 2
left_child=2 10 3 5 17 -1 15 -7 9 -8 -2 -12 -13 -10 -6 16 -4 -5 -17 22 21 -21 -3 -22
right_child=1 19 6 4 14 7 8 -9 13 -11 11 12 -14 -15 -16 18 -18 -19 -20 20 23 -23 -24 -25
leaf_value=0.00031325968780333309 0 -0.00041684510468007201 0 0.0017456728093338618 -0.00024202707204858996 -0.0021241074913160378 0.0002848059928946388 0 -7.4350904449461931e-05 0.0021469622088390217 0.0037155440848035582 0.0023543600513280401 1.8548427432550846e-05 8.906533556039333e-05 2.9166498224503834e-05 0.00031750287329513493 0.00062003555929445267 0.00028856099747185185 -0.00019352303050979225 0.00066629884252819192 -7.8788464752447971e-05 0 0 3.08536271406729e-05
leaf_weight=57 51 66 500 114 5010 167 817 67 13316 47 69 71 67 7894 1511 235 1052 80 351 81 79 47 44 144
leaf_count=57 51 66 500 114 5010 167 817 67 13316 47 69 71 67 7894 1511 235 1052 80 351 81 79 47 44 144
internal_value=1.42193e-07 0.000703503 -1.54267e-05 -0.000176798 -0.000132141 -0.00113962 3.04546e-05 -0.00157765 3.00398e-06 0.000408894 0.00187044 0.0022423 0.00136298 -1.2602e-05 -0.000176169 0.000304663 0.000415388 0.00124629 0 7.7122e-06 0.000137449 0.000390824 -0.000227287 0
internal_weight=31937 719 31218 7006 6715 291 24212 234 22074 864 258 207 138 21210 6521 2138 1552 194 586 461 351 128 110 223
internal_count=31937 719 31218 7006 6715 291 24212 234 22074 864 258 207 138 21210 6521 2138 1552 194 586 461 351 128 110 223
is_linear=0
shrinkage=0.0218123


Tree=11
num_leaves=18
num_cat=0
split_feature=0 24 2 14 19 2 17 2 19 13 22 0 2 0 14 8 8
split_gain=0.970134 0.677617 0.536964 0.43976 0.499478 0.492341 0.711713 0.423328 0.396732 0.690021 0.552111 0.288264 0.162235 0.139674 0.109107 0.0743192 0.0565099
threshold=422532640.00000006 0.037637120112776763 62.500000000000007 28.718533515930179 -0.1414816156029701 11.500000000000002 -0.13915009051561353 9.5000000000000018 0.17579418420791629 43.998998641967781 0.4030109196901322 98264532.000000015 70.500000000000014 190579.00000000003 74.30975723266603 0.3845795094966889 415.92350769042974
decision_type=2 2 2 2 2 2 2 2 2 2 2 2 2 2 2 2 2
left_child=2 -2 3 5 11 7 -7 -1 12 10 -10 -5 15 -6 -14 -4 -11
right_child=1 -3 8 4 13 6 -8 -9 9 16 -12 -13 14 -15 -16 -17 -18
leaf_value=0.0003008575121372995 0.0037661304508667601 0.00018572387914289813 0.00087701074510647479 0.00022040154731847391 5.0545389169287214e-05 0.0012412705350994769 -0.00024462226255942895 -0.00159818980822262 0.0010488588229658582 -0.00015955791857292942 -0.00069547280378549827 0.0012920297395243559 -5.4465463792695697e-05 -0.00010127527804675357 0.00022441348012817571 0.00015696616532512786 0.00019686339793765001
leaf_weight=53 55 70 84 1922 3758 155 4566 222 785 505 83 139 4631 10665 771 3111 362
leaf_count=53 55 70 84 1922 3758 155 4566 222 785 505 83 139 4631 10665 771 3111 362
internal_value=2.2977e-07 0.00191863 -6.68947e-06 -6.94266e-05 -1.38245e-05 -0.000248942 -0.000191667 -0.0011606 0.000121834 0.000424571 0.00085938 0.000302229 5.84475e-05 -6.03525e-05 -1.1018e-05 0.000182059 0
internal_weight=31937 125 31812 21480 16484 4996 4721 275 10332 1735 868 2061 8597 14423 5402 3195 867
internal_count=31937 125 31812 21480 16484 4996 4721 275 10332 1735 868 2061 8597 14423 5402 3195 867
is_linear=0
shrinkage=0.0218123


Tree=12
num_leaves=16
num_cat=0
split_feature=0 15 19 19 10 5 11 5 10 19 0 19 12 11 0
split_gain=0.931605 0.677206 0.352196 0.36984 0.349429 0.223982 0.27818 0.223239 0.194404 0.163945 0.160473 0.124844 0.0805322 0.0733767 0.0534593
threshold=422532640.00000006 0.056832280009984977 0.13438094407320025 -0.44319799542427057 33.28306961059571 61.640022277832038 0.51130822300910961 34.368724822998054 0.35775719583034521 -0.1414816156029701 98264532.000000015 0.30530151724815374 50.49671936035157 68.057819366455092 2650789.1250000005
decision_type=2 2 2 2 2 2 2 2 2 2 2 2 2 2 2
left_child=2 -2 3 7 5 11 -7 -1 10 -10 -5 -4 14 -14 -6
right_child=1 -3 4 8 12 6 -8 -9 9 -11 -12 -13 13 -15 -16
leaf_value=0.0018592343901960779 0.0033277238651497625 0 0.00043622454157124768 4.75549649198013e-05 -0.00092829299140277839 0.0010095313172819476 2.5401543064071783e-05 0 8.6153496697587316e-05 -7.3067256027162413e-05 0.00074242743222802782 0.0011487052625428075 0.00088227813485088741 0 0
leaf_weight=78 69 56 534 600 73 167 1026 48 3437 23329 257 248 46 1903 66
leaf_count=78 69 56 534 600 73 167 1026 48 3437 23329 257 248 46 1903 66
internal_value=2.91997e-07 0.00188021 -6.47606e-06 -3.48442e-05 0.000182424 0.000390654 0.000179667 0.00113884 -4.09107e-05 -5.18863e-05 0.000278909 0.000687355 -5.10852e-06 2.14559e-05 -0.000519215
internal_weight=31937 125 31812 27749 4063 1975 1193 126 27623 26766 857 782 2088 1949 139
internal_count=31937 125 31812 27749 4063 1975 1193 126 27623 26766 857 782 2088 1949 139
is_linear=0
shrinkage=0.0218123


Tree=13
num_leaves=21
num_cat=0
split_feature=2 7 2 10 2 2 17 21 11 2 15 2 15 10 20 2 20 7 2 11
split_gain=0.699686 1.05959 0.397866 0.550259 0.336266 0.493154 0.541239 0.311846 0.256981 0.19884 0.122078 0.374895 0.22535 0.0734127 0.0677753 0.0548227 0.0248649 0.0265063 0.041663 8.57447e-05
threshold=80.500000000000014 7.1332530975341806 62.500000000000007 0.38071897625923162 6.5000000000000009 11.500000000000002 -0.13915009051561353 0.34316073358058935 0.41840447485446935 70.500000000000014 0.039063563570380218 89.000000000000014 0.05833296291530133 69.509677886962905 -0.0047207092866301528 65.500000000000014 0.0086393514648079889 541.27606201171886 82.500000000000014 3763.0825195312505
decision_type=2 2 2 2 2 2 2 2 2 2 2 2 2 2 2 2 2 2 2 2
left_child=2 10 4 8 -1 7 -7 -6 15 13 -2 12 -12 -5 -11 -4 -3 18 -18 -19
right_child=1 16 3 9 5 6 -8 -9 -10 14 11 -13 -14 -15 -16 -17 17 19 -20 -21
leaf_value=0.0015221781096504392 0.00021028063298031969 -0.00023913129462427949 0 0.00031003710535535404 -0.0010760612904194783 0.0011366670101533788 -6.3152010227326318e-05 -0.00012754950399553787 0.0027490230137031234 -0.00010664078305691178 0.0033207271481400101 0.00031426545789224028 0.0006677036157537226 8.7988785043961856e-05 4.7907509402633249e-05 0.00084961123383639058 0.00068835223137572168 -2.5651018291900267e-05 0 0
leaf_weight=62 46 103 47 1712 376 179 20473 390 46 2032 104 66 42 1762 3984 155 81 62 122 93
leaf_count=62 46 103 47 1712 376 179 20473 390 46 2032 104 66 42 1762 3984 155 81 62 122 93
internal_value=3.80245e-07 0.000673705 -1.44969e-05 0.000100345 -6.74774e-05 -7.29983e-05 -5.17993e-05 -0.00061884 0.00112015 7.16203e-05 0.00179411 0.0020449 0.00269239 0.000203082 -1.02114e-06 0.000651738 3.95794e-06 0.00012889 0.000302358 0
internal_weight=31937 719 31218 9738 21480 21418 20652 766 248 9490 258 212 146 3474 6016 202 461 358 203 155
internal_count=31937 719 31218 9738 21480 21418 20652 766 248 9490 258 212 146 3474 6016 202 461 358 203 155
is_linear=0
shrinkage=0.0218123


Tree=14
num_leaves=18
num_cat=0
split_feature=0 24 2 14 19 2 16 2 19 12 19 0 2 0 14 25 12
split_gain=0.866849 0.625715 0.489791 0.421794 0.470612 0.454233 0.606318 0.399937 0.357729 0.561632 0.453507 0.275791 0.148298 0.135084 0.103675 0.0791466 0.0510025
threshold=422532640.00000006 0.037637120112776763 62.500000000000007 28.718533515930179 -0.1414816156029701 11.500000000000002 -0.08479189500212668 9.5000000000000018 0.17579418420791629 41.919393539428718 0.56011575460433971 98264532.000000015 70.500000000000014 190579.00000000003 74.30975723266603 0.5542416274547578 341.45011901855474
decision_type=2 2 2 2 2 2 2 2 2 2 2 2 2 2 2 2 2
left_child=2 -2 3 5 11 7 -7 -1 12 10 -10 -5 15 -6 -14 -4 -11
right_child=1 -3 8 4 13 6 -8 -9 9 16 -12 -13 14 -15 -16 -17 -18
leaf_value=0.0002955044007954361 0.0035868063357596697 0.00013953981662678661 0 0.00021494992369108104 5.2354706477444851e-05 0.0011291230904132488 -0.00023583738693142567 -0.0015444087896990999 0.00098484561637228159 -0.00016099256999154785 -0.00030276749138258605 0.0012639920238330042 -5.2375428682587304e-05 -9.7026625889499329e-05 0.00021952234493582254 0.00024186862102554751 0.00018322141274711384
leaf_weight=53 55 70 888 1922 3758 156 4565 222 778 457 130 139 4631 10665 771 2307 370
leaf_count=53 55 70 888 1922 3758 156 4565 222 778 457 130 139 4631 10665 771 2307 370
internal_value=4.47131e-07 0.00181386 -6.05959e-06 -6.60055e-05 -1.15352e-05 -0.000241786 -0.000186563 -0.00111822 0.000116661 0.000404254 0.000778813 0.000295254 5.63306e-05 -5.67394e-05 -9.92432e-06 0.000174514 0
internal_weight=31937 125 31812 21480 16484 4996 4721 275 10332 1735 908 2061 8597 14423 5402 3195 827
internal_count=31937 125 31812 21480 16484 4996 4721 275 10332 1735 908 2061 8597 14423 5402 3195 827
is_linear=0
shrinkage=0.0218123


Tree=15
num_leaves=21
num_cat=0
split_feature=2 7 16 2 10 2 2 24 11 22 24 18 10 8 7 22 2 7 18 2
split_gain=0.655339 1.0009 0.375992 0.387174 0.526928 0.300496 0.43115 0.273688 0.242667 0.21014 0.202277 0.210945 0.120272 0.0472005 0.0447312 0.0231023 0.0241158 0.0310327 0.00967272 0.00101082
threshold=80.500000000000014 7.1332530975341806 -0.08479189500212668 62.500000000000007 0.38071897625923162 6.5000000000000009 12.500000000000002 0.027603961527347568 0.41840447485446935 0.42895628511905676 0.032627169042825706 0.088564082980155959 0.62179335951805126 27.119928359985355 65.515327453613295 0.10050547122955324 82.500000000000014 541.27606201171886 0.051072841510176666 83.500000000000014
decision_type=2 2 2 2 2 2 2 2 2 2 2 2 2 2 2 2 2 2 2 2
left_child=2 10 7 5 8 -4 -7 -1 -5 -6 11 -2 -12 -9 -15 18 17 -17 -3 -18
right_child=1 15 3 4 9 6 -8 13 -10 -11 12 -13 -14 14 -16 16 19 -19 -20 -21
leaf_value=-0.00034082353240995225 0.0008301616874619598 -0.00040897201819156155 0.001438098540575662 0.00063064415778135794 7.5732524443125686e-05 -0.00054601159120892665 -5.7301262247577426e-05 0.0017097547145888572 0.002676274076714585 -0.00096971050429080631 0.0014675458385442288 0.0030371783525222863 0 0 0.00094306252601213808 0.00062652996334038036 -7.2122353782419862e-05 0 0 2.2046033590350565e-05
leaf_weight=50 64 60 61 202 9364 911 20292 98 46 90 45 97 52 45 59 81 79 47 50 144
leaf_count=50 64 60 61 202 9364 911 20292 98 46 90 45 97 52 45 59 81 79 47 50 144
internal_value=4.90883e-07 0.000652141 -1.3887e-05 -2.13359e-05 9.19475e-05 -7.39489e-05 -7.92276e-05 0.0008233 0.00108947 6.36975e-05 0.00174096 0.00228215 0.000639714 0.00120891 0.000547647 7.0567e-08 0.000125835 0.000364771 -0.000222253 0
internal_weight=31937 719 31218 30966 9702 21264 21203 252 248 9454 258 161 97 202 104 461 351 128 110 223
internal_count=31937 719 31218 30966 9702 21264 21203 252 248 9454 258 161 97 202 104 461 351 128 110 223
is_linear=0
shrinkage=0.0218123


Tree=16
num_leaves=16
num_cat=0
split_feature=0 2 19 6 2 19 2 19 8 20 19 2 20 2 12
split_gain=0.817841 0.447216 0.366175 0.396126 0.374531 0.582957 0.396438 0.334316 0.566994 0.424974 0.297146 0.15142 0.164379 0.0718439 0.0301778
threshold=422532640.00000006 62.500000000000007 -0.44319799542427057 -0.0013721438590437172 12.500000000000002 -0.1529455557465553 6.5000000000000009 0.1565891429781914 44.043460845947273 0.083051111549139037 0.65025490522384655 70.500000000000014 0.034904256463050849 69.500000000000014 341.45011901855474
decision_type=2 2 2 2 2 2 2 2 2 2 2 2 2 2 2
left_child=1 2 3 -1 6 -6 -4 11 9 -9 -2 13 -13 -3 -10
right_child=10 7 4 -5 5 -7 -8 8 14 -11 -12 12 -14 -15 -16
leaf_value=0.0023079790215793016 0.0029246118101649838 9.2681830330450165e-05 0.0011963237847550405 0 0.00030744942678403916 -8.8379723986753349e-05 -0.00060756179486125327 0.00084028977355473148 -9.4338437172786501e-05 -0.0010863767296861492 0.00034612039911528417 -4.6311581640066315e-05 0.00075250573805449728 0.00035358274190821224 0.0001348165210524655
leaf_weight=64 61 2274 55 62 1943 18421 935 969 584 49 64 5018 124 810 504
leaf_count=64 61 2274 55 62 1943 18421 935 969 584 49 64 5018 124 810 504
internal_value=5.29433e-07 -5.77296e-06 -6.30804e-05 0.00109997 -7.08651e-05 -4.96455e-05 -0.000487458 0.000111463 0.000358107 0.000728212 0.00176194 4.59238e-05 -2.3219e-05 0.00016759 0
internal_weight=31937 31812 21480 126 21354 20364 990 10332 2106 1018 125 8226 5142 3084 1088
internal_count=31937 31812 21480 126 21354 20364 990 10332 2106 1018 125 8226 5142 3084 1088
is_linear=0
shrinkage=0.0218123


Tree=17
num_leaves=15
num_cat=0
split_feature=0 15 16 6 19 7 19 15 19 8 7 21 15 7
split_gain=0.785628 0.609155 0.347516 0.335299 0.35781 0.386204 0.373426 0.21003 0.281908 0.103701 0.0861069 0.0526714 0.0129822 0.00923822
threshold=422532640.00000006 0.054239990189671523 -0.08479189500212668 0.00090520625235512864 0.098497807979583754 22.226930618286136 -0.38378992676734919 0.050369903445243842 -0.17194886505603788 27.119928359985355 17.000686645507816 -0.13323789089918134 0.053118070587515838 71.160827636718764
decision_type=2 2 2 2 2 2 2 2 2 2 2 2 2 2
left_child=2 -2 9 4 6 -6 -4 8 -5 12 -9 -11 -1 -13
right_child=1 -3 3 7 5 -7 -8 10 -10 11 -12 13 -14 -15
leaf_value=0.00023565537604261708 0.0035985770884130286 0.00017095049937904645 0.0014537073869917982 0.0005162509225130101 0.00049266745820513813 -2.983853338159149e-05 -0.00013251092628387446 -0.00050069910572110912 6.1108468321883672e-05 -0.00011976637318192871 0 0 0.0016596677336027296 0.0008496348481918458
leaf_weight=42 51 74 69 700 982 1945 14264 401 12800 45 399 42 76 47
leaf_count=42 51 74 69 700 982 1945 14264 401 12800 45 399 42 76 47
internal_value=5.65451e-07 0.00172695 -5.59928e-06 -1.26557e-05 -7.78897e-05 0.000138735 -0.000123501 6.47045e-05 8.61668e-05 0.000800005 -0.000272862 0.000195464 0.00131967 0.000576054
internal_weight=31937 125 31812 31560 17260 2927 14333 14300 13500 252 800 134 118 89
internal_count=31937 125 31812 31560 17260 2927 14333 14300 13500 252 800 134 118 89
is_linear=0
shrinkage=0.0218123


Tree=18
num_leaves=24
num_cat=0
split_feature=2 7 2 19 6 2 19 2 12 19 22 2 19 6 2 22 2 22 2 7 8 19 2
split_gain=0.603599 0.925923 0.328834 0.342308 0.371076 0.359307 0.5508 0.37889 0.327191 0.242707 0.325574 0.1756 0.217108 0.158159 0.119772 0.120637 0.112582 0.0216898 0.0229236 0.0296845 0.0216757 0.0105715 0.000924378
threshold=80.500000000000014 7.1332530975341806 62.500000000000007 -0.44319799542427057 -0.0013721438590437172 12.500000000000002 -0.14631535112857816 6.5000000000000009 0.40210589766502386 0.18011751025915149 0.16479226201772693 70.500000000000014 0.28568114340305334 -0.020727511495351788 69.500000000000014 0.12373045086860658 89.000000000000014 0.10050547122955324 82.500000000000014 541.27606201171886 0.3845795094966889 0.17579418420791629 83.500000000000014
decision_type=2 2 2 2 2 2 2 2 2 2 2 2 2 2 2 2 2 2 2 2 2 2 2
left_child=2 9 3 4 -1 7 -7 -5 14 -2 -11 12 -10 -13 20 -16 -12 21 19 -19 -4 -3 -20
right_child=1 17 8 5 -6 6 -8 -9 11 10 16 13 -14 -15 15 -17 -18 18 22 -21 -22 -23 -24
leaf_value=0.0022320596825794246 0 -0.0003938598254335622 0.00038777018467915907 0.0011662959653752278 0 0.00027995394996505328 -8.7925395027063953e-05 -0.00059472639160749032 0.00014496162146958755 0.0034146099012148426 0.0016573415407886147 0.0011269513429027868 0.00099667679459318503 -1.6490715160487494e-05 0.00037924088828285047 0.0019291651917817986 0 0.00060999758789909782 -7.0399759818866558e-05 0 0 0 1.8306142369621775e-05
leaf_weight=64 51 66 85 55 62 2149 18215 935 3283 69 88 58 160 5929 93 79 50 81 79 47 51 44 144
leaf_count=64 51 66 85 55 62 2149 18215 935 3283 69 88 58 160 5929 93 79 50 81 79 47 51 44 144
internal_value=6.02694e-07 0.000626017 -1.3171e-05 -6.13863e-05 0.00106275 -6.89414e-05 -4.81365e-05 -0.000477004 9.11603e-05 0.00167321 0.00201177 6.60294e-05 0.00019026 -2.1248e-06 0.000796666 0.0012056 0.00116766 0 0.000120666 0.000353741 0.000134723 -0.000217606 0
internal_weight=31937 719 31218 21480 126 21354 20364 990 9738 258 207 9430 3443 5987 308 172 138 461 351 128 136 110 223
internal_count=31937 719 31218 21480 126 21354 20364 990 9738 258 207 9430 3443 5987 308 172 138 461 351 128 136 110 223
is_linear=0
shrinkage=0.0218123


Tree=19
num_leaves=17
num_cat=0
split_feature=0 15 14 16 18 24 19 11 25 15 0 14 15 19 0 12
split_gain=0.734354 0.584121 0.454423 0.375367 0.310111 0.214334 0.212673 0.252321 0.124068 0.133901 0.114477 0.110265 0.0862686 0.084655 0.0718347 0.0704233
threshold=422532640.00000006 0.056832280009984977 30.241210937500004 -0.08479189500212668 -0.055843913927674287 0.027603961527347568 0.13438094407320025 0.51130822300910961 0.49277907609939581 0.030787259340286258 159230760.00000003 54.75932693481446 0.047310490161180503 0.043622951954603202 275265552.00000006 15.810893535614015
decision_type=2 2 2 2 2 2 2 2 2 2 2 2 2 2 2 2
left_child=2 -2 3 5 8 -1 11 -8 12 -10 13 -6 -4 -5 -12 -7
right_child=1 -3 4 10 6 15 7 -9 9 -11 14 -13 -14 -15 -16 -17
leaf_value=-0.00033187146307985313 0.0030130754541311013 0 0.00017148385061653527 -0.00024095765333215089 -7.9740391282440915e-05 0.0016365200648886908 0.00087994030225643967 0.00010472476382786228 7.6896734914385997e-05 0.00045262090717970683 0.00024246187287261286 2.815055877365863e-05 -0.00032086098724504674 6.9688114303905765e-05 -0.00026698069747308829 0.00037205630365022666
leaf_weight=48 69 56 482 5874 8622 84 222 3758 856 1463 438 9096 261 346 162 100
leaf_count=48 69 56 482 5874 8622 84 222 3758 856 1463 438 9096 261 346 162 100
internal_value=6.87019e-07 0.00166978 -5.25263e-06 -0.000160267 3.81026e-05 0.000684245 8.16329e-06 0.000152912 0.00024383 0.000322422 -0.000191882 -2.32406e-05 0 -0.000220512 7.20997e-05 0.00105632
internal_weight=31937 125 31812 7052 24760 232 21698 3980 3062 2319 6820 17718 743 6220 600 184
internal_count=31937 125 31812 7052 24760 232 21698 3980 3062 2319 6820 17718 743 6220 600 184
is_linear=0
shrinkage=0.0218123


Tree=20
num_leaves=24
num_cat=0
split_feature=2 7 14 2 16 2 24 24 12 15 22 22 2 2 2 12 2 15 22 2 7 16 2
split_gain=0.569124 0.878023 0.39419 0.466857 0.626796 0.370927 0.236405 0.198892 0.291438 0.177661 0.171761 0.215217 0.283595 0.185294 0.14093 0.13993 0.101035 0.06417 0.0204425 0.0218666 0.0285193 0.0165108 0.000896236
threshold=80.500000000000014 7.1332530975341806 30.241210937500004 11.500000000000002 -0.08479189500212668 9.5000000000000018 0.017438477836549286 0.032627169042825706 0.70392003655433666 0.043845959007740028 0.42895628511905676 0.15220495313405993 24.500000000000004 16.500000000000004 64.500000000000014 0.70392003655433666 30.500000000000004 0.042113751173019416 0.10050547122955324 82.500000000000014 541.27606201171886 0.010942711029201748 83.500000000000014
decision_type=2 2 2 2 2 2 2 2 2 2 2 2 2 2 2 2 2 2 2 2 2 2 2
left_child=2 7 3 5 16 -1 -7 8 -2 -6 11 14 -13 -12 -4 -9 -5 -10 -3 20 -20 -15 -21
right_child=1 18 10 4 9 6 -8 15 17 -11 13 12 -14 21 -16 -17 -18 -19 19 22 -22 -23 -24
leaf_value=0.00029063123782335472 0.00069858808024781185 -0.00021335639449937695 -4.1004205610486261e-05 0.0015587277764509855 -0.00019130320862193535 -0.0001111850778868553 -0.0019210689304131141 0.0014405516368838649 0.0014743957341915579 0.00021048347555420631 0.00042214262310856499 0.00046150262624746629 6.7924100416764878e-05 -0.00013811314089928016 8.8447172560243481e-05 0 0.00018209027907642656 0.0040229193559188151 0.00059515219762586201 -7.034930578857892e-05 0 -0.0011461466553603636 1.5685314314919544e-05
leaf_weight=57 70 110 12754 114 5993 75 159 46 42 528 45 1159 4241 62 5830 51 80 49 81 79 47 121 144
leaf_count=57 70 110 12754 114 5993 75 159 46 42 528 45 1159 4241 62 5830 51 80 49 81 79 47 121 144
internal_value=7.39829e-07 0.000608041 -1.26167e-05 -0.000157141 -0.000116756 -0.00102139 -0.00142512 0.00162772 0.00215733 -0.000155752 2.83899e-05 3.4828e-05 0.000156044 -0.000562503 0 0.000545704 0.00109253 0.00306306 0 0.000115947 0.000343718 -0.000912212 0
internal_weight=31937 719 31218 7006 6715 291 234 258 161 6521 24212 23984 5400 228 18584 97 194 91 461 351 128 183 223
internal_count=31937 719 31218 7006 6715 291 234 258 161 6521 24212 23984 5400 228 18584 97 194 91 461 351 128 183 223
is_linear=0
shrinkage=0.0218123


Tree=21
num_leaves=14
num_cat=0
split_feature=0 15 16 19 0 18 24 10 19 0 19 8 7
split_gain=0.685981 0.552188 0.306767 0.285315 0.291079 0.380777 0.241824 0.166759 0.165407 0.118188 0.0887468 0.0360186 0.0443677
threshold=422532640.00000006 0.054239990189671523 -0.08479189500212668 0.085995841771364226 3151753.2500000005 0.20898125320672992 0.027603961527347568 0.35775719583034521 -0.1414816156029701 92382592.000000015 0.28568114340305334 27.119928359985355 65.515327453613295
decision_type=2 2 2 2 2 2 2 2 2 2 2 2 2
left_child=2 -2 6 7 10 -6 -1 9 -9 -4 -5 -8 -13
right_child=1 -3 3 4 5 -7 11 8 -10 -11 -12 12 -14
leaf_value=-0.0003297861402469467 0.0033932574024580654 0.00012162372964528917 1.2412614349768539e-05 -4.5599948536363768e-05 0.00035680969834327013 -0.00059702048319116468 0.0015773703229956882 8.335528760930927e-05 -7.9536710690595504e-05 0.00062476589798495311 0.00032213960226635516 0 0.0008877781049257753
leaf_weight=50 51 74 469 3361 2636 201 98 3342 20926 284 341 45 59
leaf_count=50 51 74 469 3361 2636 201 98 3342 20926 284 341 45 59
internal_value=7.78948e-07 0.00161397 -4.94103e-06 -1.16082e-05 0.000115836 0.000282292 0.000751918 -4.57013e-05 -5.62932e-05 0.000269513 -6.40842e-06 0.00111713 0.000494124
internal_weight=31937 125 31812 31560 6539 2837 252 25021 24268 753 3702 202 104
internal_count=31937 125 31812 31560 6539 2837 252 25021 24268 753 3702 202 104
is_linear=0
shrinkage=0.0218123


Tree=22
num_leaves=23
num_cat=0
split_feature=2 7 14 2 16 2 25 20 17 20 25 2 9 20 2 25 2 12 15 2 7 8
split_gain=0.537913 0.807234 0.389973 0.447762 0.584615 0.357495 0.258435 0.211693 0.186058 0.171873 0.156373 0.153827 0.419369 0.320437 0.138159 0.161674 0.0967221 0.033936 0.0147985 0.00816426 0.00366316 0.00479276
threshold=81.500000000000014 7.1332530975341806 30.241210937500004 11.500000000000002 -0.08479189500212668 9.5000000000000018 0.81710737943649303 0.070386622101068511 -0.070560306310653673 -0.033509287983179085 0.7126792073249818 64.500000000000014 0.41708248853683477 -0.013551758602261542 24.500000000000004 0.80110394954681408 30.500000000000004 31.125354766845707 0.042113751173019416 82.500000000000014 87.14987945556642 229.57674407958987
decision_type=2 2 2 2 2 2 2 2 2 2 2 2 2 2 2 2 2 2 2 2 2 2
left_child=2 7 3 5 16 -1 -7 10 14 -6 -2 13 -13 -10 15 -4 -5 -16 -12 -3 -21 -22
right_child=1 19 8 4 9 6 -8 -9 11 -11 18 12 -14 -15 17 -17 -18 -19 -20 20 21 -23
leaf_value=0.00028185829059913748 0.00084326472325816921 0.00021375661756658774 0 0.0015067549823462539 9.5503150063918875e-05 0 -0.0018054785424371283 0 0.00018064845371062329 -0.00020172068247333014 0.0012344966593896079 0.001028280574733211 7.1241036603863947e-05 -6.3937528485624398e-05 -0.00021712564247651514 0.0014067728131176983 0.00015851436018904844 0.00039809070909482 0.0033028332068384325 0 -0.00023779970305361418 0
leaf_weight=57 79 79 61 114 1014 56 178 46 3147 5532 42 229 7463 13114 87 122 80 76 64 64 76 157
leaf_count=57 79 79 61 114 1014 56 178 46 3147 5532 42 229 7463 13114 87 122 80 76 64 64 76 157
internal_value=8.15071e-07 0.000644502 -1.10276e-05 -0.000154546 -0.000115069 -0.00100124 -0.00139792 0.00165955 2.96897e-05 -0.000152672 0.00199583 2.15781e-05 0.000102293 -1.53919e-05 0.000534335 0.000948165 0.00105227 0 0.00266906 0 -3.04094e-05 -9.30523e-05
internal_weight=31937 607 31330 7031 6740 291 234 231 24299 6546 185 23953 7692 16261 346 183 194 163 106 376 297 233
internal_count=31937 607 31330 7031 6740 291 234 231 24299 6546 185 23953 7692 16261 346 183 194 163 106 376 297 233
is_linear=0
shrinkage=0.0218123


Tree=23
num_leaves=17
num_cat=0
split_feature=0 15 2 9 2 2 0 2 2 17 20 8 0 15 2 11
split_gain=0.644509 0.52549 0.376688 0.341665 0.272792 0.269772 0.368919 0.263746 0.480177 0.365216 0.184892 0.150181 0.111298 0.0642722 0.036475 0.0352943
threshold=422532640.00000006 0.056832280009984977 62.500000000000007 0.41708248853683477 49.500000000000007 69.500000000000014 107497800.00000001 11.500000000000002 6.5000000000000009 -0.13915009051561353 0.083051111549139037 37.245117187500007 750925.93750000012 0.033905997872352607 50.500000000000007 0.39877456426620489
decision_type=2 2 2 2 2 2 2 2 2 2 2 2 2 2 2 2
left_child=2 -2 4 5 7 15 -7 8 -1 -9 11 -5 14 -14 -6 -4
right_child=1 -3 3 10 12 6 -8 9 -10 -11 -12 -13 13 -15 -16 -17
leaf_value=0.0013718102642691305 0.0028386424492321256 0 0.00039721456703690897 0.00019556902327637189 -0.00020353860255131479 0 0.0023328515214620905 0.001001198725357346 -0.00055423850760411713 4.5929327314824751e-08 -0.0012169947282334819 1.7840139359296254e-05 -0.0002901294372323228 0 0 -0.00025200691632174942
leaf_weight=62 69 56 87 3861 575 47 94 176 766 14336 50 6144 3286 487 1792 49
leaf_count=62 69 56 87 3861 575 47 94 176 766 14336 50 6144 3286 487 1792 49
internal_value=9.04617e-07 0.00156457 -4.62077e-06 0.000102925 -5.72676e-05 0.000866015 0.0015438 -6.75098e-06 -0.000386238 1.35445e-05 7.99454e-05 8.83947e-05 -0.000180271 -0.000255354 -5.22706e-05 1.85445e-05
internal_weight=31937 125 31812 10332 21480 277 141 15340 828 14512 10055 10005 6140 3773 2367 136
internal_count=31937 125 31812 10332 21480 277 141 15340 828 14512 10055 10005 6140 3773 2367 136
is_linear=0
shrinkage=0.0218123


Tree=24
num_leaves=16
num_cat=0
split_feature=0 24 2 10 0 19 6 2 19 2 19 18 24 2 0
split_gain=0.61664 0.513017 0.360603 0.413727 0.340309 0.303674 0.339393 0.333229 0.487182 0.339045 0.269969 0.543808 0.221608 0.101037 0.00529633
threshold=422532640.00000006 0.037637120112776763 62.500000000000007 0.38071897625923162 107497800.00000001 -0.44319799542427057 -0.0013721438590437172 12.500000000000002 -0.1529455557465553 6.5000000000000009 0.30530151724815374 0.16585370153188708 0.015549998264759781 70.500000000000014 98264532.000000015
decision_type=2 2 2 2 2 2 2 2 2 2 2 2 2 2 2
left_child=2 -2 5 4 14 6 -1 9 -9 -7 13 -12 -6 -5 -4
right_child=1 -3 3 10 12 7 -8 8 -10 -11 11 -13 -14 -15 -16
leaf_value=0.00212169094245474 0.0031242018601309761 0 0 0.0001412468878671216 0.00034362656774752459 0.0010908097096059416 0 0.0002831996141444241 -7.8603109345470266e-05 -0.00056813828767242585 0.0010621136153284754 -0.00013286190976491985 0.0028021331825531653 -5.4264792526026531e-06 0.00021862368522733783
leaf_weight=64 55 70 68 3330 53 55 62 1943 18421 935 375 301 64 6078 63
leaf_count=64 55 70 68 3330 53 55 62 1943 18421 935 375 301 64 6078 63
internal_value=8.99023e-07 0.0015304 -4.49208e-06 0.000100719 0.000987701 -5.60155e-05 0.0010025 -6.31833e-05 -4.31155e-05 -0.000456087 7.69521e-05 0.000500909 0.00185674 4.43965e-05 6.12439e-05
internal_weight=31937 125 31812 10332 248 21480 126 21354 20364 990 10084 676 117 9408 131
internal_count=31937 125 31812 10332 248 21480 126 21354 20364 990 10084 676 117 9408 131
is_linear=0
shrinkage=0.0218123


Tree=25
num_leaves=14
num_cat=0
split_feature=0 24 16 10 0 24 24 18 22 18 24 8 8
split_gain=0.592668 0.488206 0.271585 0.256851 0.382958 0.365742 0.22278 0.133487 0.186556 0.130303 0.0562381 0.0342422 0.0434116
threshold=422532640.00000006 0.037637120112776763 -0.08479189500212668 0.35775719583034521 107497800.00000001 0.018201674334704879 0.027603961527347568 0.030763607472181324 0.42895628511905676 -0.071881435811519609 0.019825694151222709 27.119928359985355 69.256675720214858
decision_type=2 2 2 2 2 2 2 2 2 2 2 2 2
left_child=2 -2 6 4 10 -6 -1 9 -9 -5 -4 -8 -13
right_child=1 -3 3 7 5 -7 11 8 -10 -11 -12 12 -14
leaf_value=-0.00032218100505275579 0.003056057593224127 0 0.0002021694152034683 5.3362461035193327e-05 0.00041744970511704485 0.0027390225541969221 0.0015056643945417995 5.877383555217169e-05 -0.00065887661136545953 -8.1109784752274663e-05 -0.00021739222298297544 0 0.00084182819730468873
leaf_weight=50 55 70 653 4119 137 58 98 9401 172 16861 159 45 59
leaf_count=50 55 70 653 4119 137 58 98 9401 172 16861 159 45 59
internal_value=9.36105e-07 0.00150041 -4.33704e-06 -1.06469e-05 0.000330881 0.00120894 0.000707764 -2.25477e-05 4.3823e-05 -5.37705e-05 9.5768e-05 0.00106016 0.000451049
internal_weight=31937 125 31812 31560 1007 195 252 30553 9573 20980 812 202 104
internal_count=31937 125 31812 31560 1007 195 252 30553 9573 20980 812 202 104
is_linear=0
shrinkage=0.0218123


Tree=26
num_leaves=17
num_cat=0
split_feature=0 11 14 16 20 25 10 0 20 0 0 0 0 0 10 8
split_gain=0.569683 0.451047 0.394603 0.272709 0.177087 0.242358 0.191549 0.323917 0.116134 0.110543 0.0858215 0.0842859 0.0817383 0.0716917 0.0433564 0.0333248
threshold=422532640.00000006 1.2195250988006594 28.410704612731937 -0.08479189500212668 -0.025334499776363369 0.86084339022636425 0.35775719583034521 107497800.00000001 0.070386622101068511 883419.90625000012 174290.83593750003 89065496.000000015 238160.71093750003 23146204.000000004 0.35775719583034521 27.119928359985355
decision_type=2 2 2 2 2 2 2 2 2 2 2 2 2 2 2 2
left_child=2 -2 3 9 5 12 7 -6 -8 -1 -7 13 -4 -5 -13 -11
right_child=1 -3 4 11 6 10 8 -9 -10 15 -12 14 -14 -15 -16 -17
leaf_value=0 0.0030247049269691607 5.397359618285192e-05 -0.0004430866469917857 -0.00019501246868640761 9.1329893519175037e-05 0 9.2306670300024196e-06 0.001195499562278044 -0.00052317431505857954 0.0011461245988211241 0.00065544878619452256 0.00060148250311395162 0.0001119665065038912 -0.00052728305208255227 -3.5936671580747722e-05 0
leaf_weight=79 53 72 142 4618 673 79 22867 172 196 106 608 54 905 425 845 43
leaf_count=79 53 72 142 4618 673 79 22867 172 196 106 608 54 905 425 845 43
internal_value=9.67442e-07 0.00147108 -4.19033e-06 -0.000161345 3.28567e-05 0.000246544 1.65348e-05 0.000339384 3.85237e-06 0.000557226 0.000566371 -0.000192231 1.78829e-05 -0.000226919 0 0.000910001
internal_weight=31937 125 31812 6170 25642 1734 23908 845 23063 228 687 5942 1047 5043 899 149
internal_count=31937 125 31812 6170 25642 1734 23908 845 23063 228 687 5942 1047 5043 899 149
is_linear=0
shrinkage=0.0218123


Tree=27
num_leaves=22
num_cat=0
split_feature=2 8 14 2 16 2 18 18 22 2 9 15 2 2 15 2 2 15 2 8 13
split_gain=0.486825 0.734124 0.354634 0.41049 0.509354 0.334582 0.339572 0.297213 0.271736 0.231894 0.358368 0.159273 0.125731 0.288004 0.180428 0.104831 0.0909824 0.0897186 0.00785395 0.00362392 0.00476066
threshold=81.500000000000014 6.5820038318634042 30.241210937500004 11.500000000000002 -0.08479189500212668 9.5000000000000018 -0.095298983156681047 -0.053710857406258576 0.28555905818939215 64.500000000000014 0.41708248853683477 0.043845959007740028 20.500000000000004 11.500000000000002 0.056832280009984977 32.500000000000007 30.500000000000004 0.042113751173019416 82.500000000000014 83.559123992919936 229.41025543212893
decision_type=2 2 2 2 2 2 2 2 2 2 2 2 2 2 2 2 2 2 2 2 2
left_child=2 8 3 5 16 -1 -7 12 17 15 -11 -6 13 -4 -14 -9 -5 -2 -3 -20 -21
right_child=1 18 7 4 11 6 -8 9 -10 10 -12 -13 14 -15 -16 -17 -18 -19 19 20 -22
leaf_value=0.00027601403163007995 0.00074298494768138392 0.00020854288761082483 2.392210230887116e-06 0.0014153474362662483 -0.00017817953637835567 -0.0018693000144747521 0 2.4352749591822593e-05 0 0.00095653410474512998 6.792690699626504e-05 0.00020099561813165899 0.00019644657962247398 0.00093597974340854976 -0.00049063765036429078 -9.8613568777925826e-05 0.00011203692262005427 0.0025321766890464875 0 -0.00023604040600465117 0
leaf_weight=57 57 79 363 114 6016 167 67 4877 62 228 6978 530 2370 352 183 8948 80 112 64 77 156
leaf_count=57 57 79 363 114 6016 167 67 4877 62 228 6978 530 2370 352 183 8948 80 112 64 77 156
internal_value=9.84048e-07 0.000613358 -1.0252e-05 -0.000147138 -0.000109202 -0.000958134 -0.00134289 2.85463e-05 0.00158132 -5.93332e-07 9.8775e-05 -0.000144472 0.000222097 0.00048954 0.000139484 -5.38111e-05 0.000979386 0.00204523 0 -3.18321e-05 -9.3228e-05
internal_weight=31937 607 31330 7031 6740 291 234 24299 231 21031 7206 6546 3268 715 2553 13825 194 169 376 297 233
internal_count=31937 607 31330 7031 6740 291 234 24299 231 21031 7206 6546 3268 715 2553 13825 194 169 376 297 233
is_linear=0
shrinkage=0.0218123


Tree=28
num_leaves=23
num_cat=0
split_feature=14 18 18 18 13 22 24 5 16 22 15 12 15 12 14 22 12 9 24 24 14 5
split_gain=0.392715 0.293169 0.242016 0.166143 0.299775 0.440117 0.117153 0.10782 0.103581 0.0984486 0.1326 0.0947617 0.092644 0.130619 0.0925394 0.0902449 0.0582969 0.0522345 0.0512972 0.0682564 0.0547893 0.0218102
threshold=30.241210937500004 -0.24727860093116757 -0.055843913927674287 0.074759226292371764 17.798200607299808 0.47022092342376715 0.067689530551433577 67.372554779052749 -0.034564940258860581 0.20820882171392444 0.043845959007740028 4.0221121311187753 0.029135214164853099 193.88270568847659 20.983787536621097 0.14228502660989764 0.32606531679630285 513.31314086914074 0.028758594766259197 0.043146166950464256 21.317226409912113 21.364542007446293
decision_type=2 2 2 2 2 2 2 2 2 2 2 2 2 2 2 2 2 2 2 2 2 2
left_child=1 21 6 7 5 -5 12 16 18 10 -10 -9 17 -14 -11 -6 -4 -2 20 -20 -3 -1
right_child=2 8 3 4 15 -7 -8 11 9 14 -12 -13 13 -15 -16 -17 -18 -19 19 -21 -22 -23
leaf_value=0.0014892152552584124 -1.1229059587270048e-05 -0.00020025535407869558 0.00019924100754272435 0.00048667486740950309 -0.00019714333531129757 -0.00079328546246521285 -0.00080461287607993387 0.00054669539057627828 -0.00018298266048123735 -0.00084464304041298563 0.00064429592774272815 6.5494282149852154e-05 0.00041193518207094517 0 -0.00019011471253918766 8.0026269972799158e-05 -3.9533474828936236e-05 0.00044028732766698039 0.00044459907811030409 -0.00012645412007348771 0.00010618378647779008 0.00011247584650874562
leaf_weight=50 762 666 479 1489 806 129 43 260 4867 242 84 1412 1694 430 366 1813 15430 133 255 92 387 48
leaf_count=50 762 666 479 1489 806 129 43 260 4867 242 84 1412 1694 430 366 1813 15430 133 255 92 387 48
internal_value=1.07467e-06 -0.000141906 4.24212e-05 1.59619e-05 0.000138973 0.000372458 0.000224525 -1.25637e-05 -0.000161039 -0.000203297 -0.00016497 0.000152097 0.000245705 0.000325697 -0.000483016 0 -3.11068e-05 3.38713e-05 0 0.00023646 -6.89359e-05 0.0010158
internal_weight=31937 7057 24880 21818 4237 1618 3062 17581 6959 5559 4951 1672 3019 2124 608 2619 15909 895 1400 347 1053 98
internal_count=31937 7057 24880 21818 4237 1618 3062 17581 6959 5559 4951 1672 3019 2124 608 2619 15909 895 1400 347 1053 98
is_linear=0
shrinkage=0.0218123


Tree=29
num_leaves=23
num_cat=0
split_feature=2 7 14 2 15 2 18 18 22 2 9 18 2 2 2 15 15 15 25 2 7 13
split_gain=0.465497 0.700547 0.32309 0.392252 0.434277 0.32076 0.325296 0.273208 0.255476 0.220576 0.338087 0.126173 0.125133 0.119984 0.27523 0.172054 0.101923 0.0822651 0.0324274 0.00757832 0.00348444 0.00452442
threshold=81.500000000000014 7.1332530975341806 30.241210937500004 11.500000000000002 0.043380770832300193 9.5000000000000018 -0.095298983156681047 -0.053710857406258576 0.28555905818939215 64.500000000000014 0.41708248853683477 -0.24727860093116757 19.000000000000004 20.500000000000004 11.500000000000002 0.056832280009984977 0.017152539454400543 0.042113751173019416 0.75214916467666637 82.500000000000014 87.14987945556642 229.41025543212893
decision_type=2 2 2 2 2 2 2 2 2 2 2 2 2 2 2 2 2 2 2 2 2 2
left_child=2 8 3 5 12 -1 -7 13 17 16 -11 -6 -5 14 -4 -15 -9 -2 -19 -3 -21 -22
right_child=1 19 7 4 11 6 -8 9 -10 10 -12 -13 -14 15 -16 -17 -18 18 -20 20 21 -23
leaf_value=0.00027015991254301735 0.0007209368796415608 0.00020522490000357492 0 -0.00070925496886450098 0.0012719470733681866 -0.0018257756130200251 0 3.2564115617746573e-05 0 0.00092941028456367003 6.6022251480880891e-05 0.00025361480040894067 -0.00014251125123554198 0.00018763014931867739 0.00090998044891107998 -0.00048349758830247417 -9.2850042719874073e-05 0.0012880894390801935 0.0032631738875135577 0 -0.0002304323590411718 0
leaf_weight=57 57 79 363 213 82 167 67 4265 62 228 6978 627 5818 2370 352 183 9560 55 57 64 77 156
leaf_count=57 57 79 363 213 82 167 67 4265 62 228 6978 627 5818 2370 352 183 9560 55 57 64 77 156
internal_value=1.06056e-06 0.000599876 -9.91277e-06 -0.000140588 -0.000103442 -0.000933294 -0.00131058 2.70884e-05 0.00154546 -8.1251e-07 9.60724e-05 0.000399161 -0.000165792 0.000212667 0.000473834 0.000131812 -5.27358e-05 0.00199597 0.00246907 0 -3.06093e-05 -9.11556e-05
internal_weight=31937 607 31330 7031 6740 291 234 24299 231 21031 7206 709 6031 3268 715 2553 13825 169 112 376 297 233
internal_count=31937 607 31330 7031 6740 291 234 24299 231 21031 7206 709 6031 3268 715 2553 13825 169 112 376 297 233
is_linear=0
shrinkage=0.0218123


Tree=30
num_leaves=26
num_cat=0
split_feature=19 11 22 14 18 19 20 14 7 20 22 22 12 19 14 17 7 22 12 19 7 12 19 17 11
split_gain=0.393277 0.592629 0.571184 0.298352 0.315823 0.263327 0.158183 0.234168 0.183458 0.146111 0.129632 0.10992 0.126765 0.0913576 0.187514 0.156422 0.0827304 0.0723853 0.0410602 0.0258138 0.0227676 0.0190474 0.0154797 0.0146043 0.00700257
threshold=0.19578713178634646 48.484735488891609 0.47022092342376715 26.388566017150882 -0.24727860093116757 -0.1414816156029701 0.034904256463050849 77.556125640869155 0.55201277136802684 0.004993120441213251 0.092458173632621779 0.30848370492458349 0.32059873640537268 -0.21230892837047574 20.650564193725589 -0.062440501525998109 418.27748107910162 0.15462527424097064 12.747306346893312 0.33484807610511785 194.02191162109378 534.14474487304699 -0.19490298628807065 -0.0014933663187548516 2119.084594726563
decision_type=2 2 2 2 2 2 2 2 2 2 2 2 2 2 2 2 2 2 2 2 2 2 2 2 2
left_child=3 2 6 4 18 9 8 -8 -2 10 -5 12 -7 14 -6 -15 17 20 -1 -19 -3 -18 -11 -13 -23
right_child=1 16 -4 5 13 11 7 -9 -10 22 -12 23 -14 15 -16 -17 21 19 -20 -21 -22 24 -24 -25 -26
leaf_value=0.0016967294735163742 0 -0.0010327774865022815 -0.00074342573683660294 0 -0.00084860442865898784 0.00031440318734476979 0 0.00095687262426635237 0.0011427181952317804 -0.00066295224465795131 0.00035819814732258501 0 -1.4876183462948649e-05 9.1148782881953616e-05 0 -0.00022002170221064701 0.00050820671618258945 -0.00026410225109135761 0.00010415324528542818 1.7752301934810916e-05 0 -0.0001718504893526412 0 -0.00064118845850927222 6.8821391107668696e-05
leaf_weight=43 96 90 127 533 289 569 348 222 546 73 1814 51 21217 860 173 3853 42 238 48 141 48 74 51 149 242
leaf_count=43 96 90 127 533 289 569 348 222 546 73 1814 51 21217 860 173 3853 42 238 48 141 48 74 51 149 242
internal_value=1.13542e-06 0.000282163 0.000573705 -1.91354e-05 -0.000168325 1.21826e-05 0.000727966 0.000401431 0.000987212 0.000226059 0.00026998 -1.09594e-05 -5.37247e-06 -0.000193958 -0.000507313 -0.000159064 -0.000141479 -0.00032643 0.00107305 -0.000107298 -0.000785581 7.06229e-05 -0.000446486 -0.0005211 0
internal_weight=31937 2214 1339 29723 5266 24457 1212 570 642 2471 2347 21986 21786 5175 462 4713 875 517 91 379 138 358 124 200 316
internal_count=31937 2214 1339 29723 5266 24457 1212 570 642 2471 2347 21986 21786 5175 462 4713 875 517 91 379 138 358 124 200 316
is_linear=0
shrinkage=0.0218123


Tree=31
num_leaves=26
num_cat=0
split_feature=2 10 14 2 17 2 18 18 24 12 2 10 2 12 2 10 15 2 14 15 22 2 10 18 2
split_gain=0.442505 0.681741 0.285969 0.37339 0.462667 0.306905 0.308985 0.259341 0.20268 0.251838 0.194048 0.391928 0.157361 0.123977 0.112327 0.275011 0.165906 0.10093 0.0695938 0.029302 0.0185889 0.0191212 0.0245078 0.00821127 0.000743631
threshold=80.500000000000014 5.0760414600372323 30.241210937500004 11.500000000000002 -0.13915009051561353 9.5000000000000018 -0.095298983156681047 -0.053710857406258576 0.032627169042825706 0.70392003655433666 64.500000000000014 0.38071897625923162 60.500000000000007 0.70392003655433666 20.500000000000004 94.861869812011733 0.056832280009984977 32.500000000000007 12.945730686187746 0.042113751173019416 0.10050547122955324 82.500000000000014 415.89343261718756 0.051072841510176666 83.500000000000014
decision_type=2 2 2 2 2 2 2 2 2 2 2 2 2 2 2 2 2 2 2 2 2 2 2 2 2
left_child=2 8 3 5 18 -1 -7 14 9 -2 17 -12 -6 -10 15 -4 -16 -9 -5 -11 23 22 -22 -3 -23
right_child=1 20 7 4 12 6 -8 10 13 19 11 -13 -14 -15 16 -17 -18 -19 -20 -21 21 24 -24 -25 -26
leaf_value=0.00026520186657171647 0.00057791851748610862 -0.00038028390822512475 0.00080722081982743954 0.0015473258252750549 -0.00019052454742283983 -0.0017788146787591913 0 2.5078138224773881e-05 0.001258473635211104 0.0013388063923209217 0.0010112104288538377 5.6876912162360302e-05 5.4181896450018088e-05 -2.4874506296789828e-05 0.00018144404916046219 -2.5862730640627273e-06 -0.00047766618718432714 -9.558830775140614e-05 0.00032627597537732427 0.0036394351422913921 0.00054696341499713684 -6.4712615006396463e-05 0 0 1.2673048619349048e-05
leaf_weight=57 70 60 431 81 5012 167 67 4877 46 42 215 6904 1515 52 2370 284 183 8948 107 49 83 79 45 50 143
leaf_count=57 70 60 431 81 5012 167 67 4877 46 42 215 6904 1515 52 2370 284 183 8948 107 49 83 79 45 50 143
internal_value=1.10375e-06 0.000536647 -1.06e-05 -0.000133763 -9.73214e-05 -0.000907026 -0.0012767 2.42255e-05 0.00143242 0.00195277 -3.04936e-06 8.84643e-05 -0.000130709 0.000376634 0.000205049 0.000458029 0.000126487 -5.15972e-05 0.000957094 0.00279399 0 0.000107885 0.000320778 -0.000208247 0
internal_weight=31937 719 31218 7006 6715 291 234 24212 259 161 20944 7119 6527 98 3268 715 2553 13825 188 91 460 350 128 110 222
internal_count=31937 719 31218 7006 6715 291 234 24212 259 161 20944 7119 6527 98 3268 715 2553 13825 188 91 460 350 128 110 222
is_linear=0
shrinkage=0.0218123


Tree=32
num_leaves=17
num_cat=0
split_feature=0 11 2 9 22 2 2 22 16 22 9 0 0 5 11 16
split_gain=0.498637 0.409664 0.302051 0.260412 0.348065 0.242176 0.225985 0.410802 0.249482 0.177783 0.126261 0.109144 0.0482389 0.0356323 0.0316924 0.0202882
threshold=422532640.00000006 1.2195250988006594 62.500000000000007 0.41708248853683477 0.17546655982732776 49.500000000000007 12.500000000000002 0.38497558236122137 -0.08479189500212668 0.42895628511905676 27.091184616088871 750925.93750000012 166954808.00000003 33.420909881591804 0.39877456426620489 0.018606854602694515
decision_type=2 2 2 2 2 2 2 2 2 2 2 2 2 2 2 2
left_child=2 -2 5 4 14 6 7 -1 -8 10 -5 13 -13 -7 -4 -11
right_child=1 -3 3 9 -6 11 8 -9 -10 15 -12 12 -14 -15 -16 -17
leaf_value=-0.0004934638238029257 0.0028541389625851995 1.5412871532846025e-05 0.00048617829933243469 0.00019158199639521674 0.0026153410816285418 -0.00028174558285649741 0.00097082204333418355 0.00073726743415093927 8.1145637203163972e-06 0 2.3650837080017548e-05 -0.00027525082098617249 -1.9871322513766226e-05 -9.0898678787328835e-07 0 -0.0011372647341333227
leaf_weight=915 53 72 168 3421 44 262 130 139 14156 42 6532 3186 587 2105 65 60
leaf_count=915 53 72 168 3421 44 262 130 139 14156 42 6532 3186 587 2105 65 60
internal_value=1.15618e-06 0.00137655 -3.62939e-06 9.26101e-05 0.000760011 -5.08377e-05 -3.18764e-06 -0.000312477 1.82532e-05 7.22661e-05 8.33494e-05 -0.000166679 -0.000240737 -4.0312e-05 0.000325139 -0.000816199
internal_weight=31937 125 31812 10332 277 21480 15340 1054 14286 10055 9953 6140 3773 2367 233 102
internal_count=31937 125 31812 10332 277 21480 15340 1054 14286 10055 9953 6140 3773 2367 233 102
is_linear=0
shrinkage=0.0218123


Tree=33
num_leaves=21
num_cat=0
split_feature=2 7 6 18 2 2 25 6 25 6 2 10 2 2 10 10 2 2 21 7
split_gain=0.418858 0.62948 0.2634 0.376147 0.618054 0.676936 0.192492 0.184174 0.217684 0.179944 0.15551 0.469917 0.195381 0.107006 0.075574 0.035284 0.0285206 0.00680455 0.00429365 0.00436409
threshold=81.500000000000014 7.1332530975341806 0.00037829180655535316 -0.18217868357896802 14.500000000000002 16.500000000000004 0.67403775453567516 0.010943030472844841 0.75214916467666637 0.019780484028160576 65.500000000000014 0.38071897625923162 33.500000000000007 11.500000000000002 57.982456207275398 0.63984787464141857 30.500000000000004 82.500000000000014 0.58226966857910167 87.14987945556642
decision_type=2 2 2 2 2 2 2 2 2 2 2 2 2 2 2 2 2 2 2 2
left_child=2 7 3 13 6 -6 -5 8 15 10 12 -12 -4 -1 -11 -2 -15 -3 -19 -20
right_child=1 17 9 4 5 -7 -8 -9 -10 14 11 -13 -14 16 -16 -17 -18 18 19 -21
leaf_value=0 0.0011720554331340063 0.000194804197352355 0.00013035566606792271 0 0.0014708575029818087 -7.4951376739725985e-05 -0.001035222177110461 0 0.0026987474257164088 -0.0008182996307660198 0.0015269737093685054 0.00013239145650162487 -5.5914672764005313e-05 0.0011538464347036514 0 0 0.00010867000427466604 0 0 -0.00016453520297391941
leaf_weight=78 46 79 4517 144 135 14896 422 54 88 155 122 4124 6450 154 70 43 63 89 47 161
leaf_count=78 46 79 4517 144 135 14896 422 54 88 155 122 4124 6450 154 70 43 63 89 47 161
internal_value=1.14356e-06 0.000569189 -9.23361e-06 -7.21039e-05 -8.78198e-05 -5.97579e-05 -0.000798263 0.00146554 0.00181607 5.42103e-05 6.44271e-05 0.000177099 1.90097e-05 0.000692073 -0.000549077 0.000722082 0.000941136 0 -2.83941e-05 -0.000104749
internal_weight=31937 607 31330 15892 15597 15031 566 231 177 15438 15213 4246 10967 295 225 89 217 376 297 208
internal_count=31937 607 31330 15892 15597 15031 566 231 177 15438 15213 4246 10967 295 225 89 217 376 297 208
is_linear=0
shrinkage=0.0218123


Tree=34
num_leaves=17
num_cat=0
split_feature=0 24 14 17 19 10 0 0 17 19 20 0 19 22 0 21
split_gain=0.471374 0.422817 0.298061 0.235316 0.22846 0.193431 0.274793 0.17779 0.238018 0.13498 0.121224 0.106711 0.0971854 0.121089 0.0774364 0.0145043
threshold=422532640.00000006 0.033248092979192741 28.410704612731937 -0.13915009051561353 -0.1414816156029701 0.35775719583034521 107497800.00000001 127055976.00000001 -0.030328813008964058 0.18542800098657611 0.004993120441213251 3871895.0000000005 0.043622951954603202 0.27931047976017004 1055631.0000000002 -0.06980289518833159
decision_type=2 2 2 2 2 2 2 2 2 2 2 2 2 2 2 2
left_child=2 -2 3 11 7 6 -6 10 -9 -7 -4 15 13 -5 -14 -1
right_child=1 -3 4 12 5 9 -8 8 -10 -11 -12 -13 14 -15 -16 -17
leaf_value=-7.3653619190183572e-06 0.003102660494313291 0.00013702621279272308 0.00022475295855075203 -0.00016154660083338539 9.4560180525604383e-05 -2.2125266653592794e-05 0.0011261310822584434 0 0.0021261179422846759 0.00015653316942992881 -0.00043241292172321183 0.0011856231472289354 -5.3027425444655585e-05 -0.00061998934496307692 0.00054902727861746807 0.00028448885905995111
leaf_weight=61 44 81 2042 5291 628 20317 172 75 57 2227 124 81 170 329 151 87
leaf_count=61 44 81 2042 5291 628 20317 172 75 57 2227 124 81 170 329 151 87
internal_value=1.18203e-06 0.00133845 -3.45374e-06 -0.000140112 2.86614e-05 7.36155e-06 0.000340959 0.000236466 0.001046 -3.60327e-06 0.000178042 0.000525494 -0.000169082 -0.000191888 0.000168852 3.11767e-05
internal_weight=31937 125 31812 6170 25642 23344 800 2298 132 22544 2166 229 5941 5620 321 148
internal_count=31937 125 31812 6170 25642 23344 800 2298 132 22544 2166 229 5941 5620 321 148
is_linear=0
shrinkage=0.0218123


Tree=35
num_leaves=22
num_cat=0
split_feature=2 7 19 14 2 20 2 18 18 2 10 2 19 18 2 10 15 15 2 19 19
split_gain=0.39659 0.597678 0.359037 0.265732 0.338021 0.388317 0.290555 0.296284 0.239793 0.18557 0.337824 0.170592 0.134091 0.118839 0.108197 0.263528 0.158962 0.0984785 0.00641413 0.00655955 0.00131304
threshold=81.500000000000014 7.1332530975341806 0.65025490522384655 30.241210937500004 11.500000000000002 -0.037454940378665917 9.5000000000000018 -0.095298983156681047 -0.053710857406258576 64.500000000000014 0.38071897625923162 37.500000000000007 0.26818984746932989 -0.20173867046833036 20.500000000000004 94.861869812011733 0.056832280009984977 0.017152539454400543 82.500000000000014 0.13438094407320025 0.20775809884071353
decision_type=2 2 2 2 2 2 2 2 2 2 2 2 2 2 2 2 2 2 2 2 2
left_child=3 2 12 4 6 13 -1 -8 14 17 -11 -7 -2 -6 15 -5 -16 -10 -3 -20 -21
right_child=1 18 -4 8 5 11 7 -9 9 10 -12 -13 -14 -15 16 -17 -18 -19 19 20 -22
leaf_value=0.00027356956057598432 0.00085292546346833623 0.00018876866475143385 0 0.00078867282401521926 0.00094589008659618314 -0.00032417813014190132 -0.0017163872208674897 0 3.4732122256265393e-05 0.00094512075485431017 5.8110524124390906e-05 -6.7283814029261098e-05 0.0026534784158993015 0.00018204744149575056 0.00017522279089278724 -2.8237402238760956e-06 -0.0004699052391007081 -8.8640943452363168e-05 -0.00022058585344315223 8.7784692629505547e-05 -1.8541927750501345e-06
leaf_weight=57 79 79 60 431 140 2026 167 67 4265 215 6991 3822 92 752 2370 284 183 9560 69 81 147
leaf_count=57 79 79 60 431 140 2026 167 67 4265 215 6991 3822 92 752 2370 284 183 9560 69 81 147
internal_value=1.20813e-06 0.000553956 0.00142736 -8.87267e-06 -0.000127426 -9.27197e-05 -0.00086363 -0.00122477 2.46211e-05 -1.46258e-06 8.73079e-05 -0.00015965 0.00193679 0.000324006 0.000198505 0.000446754 0.000121268 -4.91564e-05 0 -2.82242e-05 0
internal_weight=31937 607 231 31330 7031 6740 291 234 24299 21031 7206 5848 171 892 3268 715 2553 13825 376 297 228
internal_count=31937 607 231 31330 7031 6740 291 234 24299 21031 7206 5848 171 892 3268 715 2553 13825 376 297 228
is_linear=0
shrinkage=0.0218123


Tree=36
num_leaves=16
num_cat=0
split_feature=0 15 14 18 18 25 10 0 19 0 19 0 0 15 12
split_gain=0.442787 0.450147 0.273569 0.248664 0.22152 0.178349 0.170694 0.273053 0.126939 0.0926879 0.0708499 0.0674936 0.0655446 0.0542291 0.0274539
threshold=422532640.00000006 0.054239990189671523 28.410704612731937 -0.24727860093116757 -0.065801788121461854 0.52003216743469249 0.35775719583034521 107497800.00000001 0.085995841771364226 159230760.00000003 -0.20630076527595517 213958.67968750003 275265552.00000006 0.050369903445243842 14.25503444671631
decision_type=2 2 2 2 2 2 2 2 2 2 2 2 2 2 2
left_child=2 -2 3 14 5 13 7 -6 -8 10 -5 -7 -11 -4 -1
right_child=1 -3 4 9 6 11 8 -9 -10 12 -12 -13 -14 -15 -16
leaf_value=0.0013860353966072788 0.0028851763522250561 0 5.3351864958222388e-05 -0.00043678413867280253 7.5786018014421032e-05 0 -3.7595849591187483e-05 0.0011020535286441055 7.869421875584741e-05 0.00026090377473752017 -0.00015016632465320769 0.00038782140215923766 -0.000242594398263723 -0.00033221702029581423 0
leaf_weight=51 51 74 417 552 636 240 16212 171 6135 405 4976 1587 143 244 43
leaf_count=51 51 74 417 552 636 240 16212 171 6135 405 4976 1587 143 244 43
internal_value=1.22114e-06 0.00129731 -3.25282e-06 -0.0001342 2.7488e-05 0.000223286 5.5984e-06 0.000317645 -4.78934e-06 -0.000154221 -0.000182348 0.000336261 9.35903e-05 -5.91923e-05 0.00095045
internal_weight=31937 125 31812 6170 25642 2488 23154 807 22347 6076 5528 1827 548 661 94
internal_count=31937 125 31812 6170 25642 2488 23154 807 22347 6076 5528 1827 548 661 94
is_linear=0
shrinkage=0.0218123


Tree=37
num_leaves=24
num_cat=0
split_feature=19 13 22 19 10 20 24 5 5 18 22 15 9 22 25 13 10 15 13 5 13 10 20
split_gain=0.324366 0.529679 0.53336 0.229083 0.158046 0.154674 0.19465 0.153314 0.112817 0.1279 0.10256 0.083541 0.0767402 0.0615012 0.0522658 0.0392051 0.0352773 0.0173128 0.0137891 0.011395 0.0106835 0.00584103 0.00423934
threshold=0.19578713178634646 43.998998641967781 0.47022092342376715 -0.44319799542427057 0.35775719583034521 0.034904256463050849 0.023294625803828243 34.368724822998054 68.087265014648452 -0.071881435811519609 0.2727599442005158 0.024210083298385147 411.91464233398443 0.15462527424097064 0.54228222370147716 0.30855749547481542 101.14701080322267 0.02770136017352343 193.45747375488284 70.593070983886733 1876.4707641601565 0.29470035433769232 0.040505612269043929
decision_type=2 2 2 2 2 2 2 2 2 2 2 2 2 2 2 2 2 2 2 2 2 2 2
left_child=3 2 5 7 14 6 -2 -1 9 -6 -7 -10 13 18 21 -16 -15 20 -3 -4 -14 -5 -19
right_child=1 12 19 4 8 10 -8 -9 11 -11 -12 -13 17 16 15 -17 -18 22 -20 -21 -22 -23 -24
leaf_value=0.0015050474874000435 0.00052633668032339904 -0.00092126425110894894 -3.9941471837608809e-05 0.00011239506398497824 6.0710940043168883e-05 0 0.0014402868229141793 0 0.00016870899441504374 -6.83266803736446e-05 0.00060956885987114629 -8.9673314388914418e-05 0.00054420587255614688 0 0.00011402657440535411 0.0005387752677710702 -0.00041721395192040794 -0.00016684073107027753 0 -0.0010381832610703691 4.4292185309384498e-06 -0.00010552462059217643 0
leaf_weight=78 367 99 58 86 4241 235 267 48 2128 21567 335 717 49 259 363 343 121 80 46 69 187 152 42
leaf_count=78 367 99 58 86 4241 235 267 48 2128 21567 335 717 49 259 363 343 121 80 46 69 187 152 42
internal_value=1.24363e-06 0.00025651 0.000534538 -1.71083e-05 -2.17092e-05 0.000685048 0.000942289 0.000907386 -3.14704e-05 -4.63592e-05 0.000364383 9.66712e-05 -0.000140283 -0.000316174 0.000253714 0.000348271 -0.000106106 6.26658e-05 -0.000730913 -0.000737317 0.000199925 0 -4.14807e-05
internal_weight=31937 2214 1331 29723 29597 1204 634 126 28653 25808 570 2845 883 525 944 706 380 358 145 127 236 238 122
internal_count=31937 2214 1331 29723 29597 1204 634 126 28653 25808 570 2845 883 525 944 706 380 358 145 127 236 238 122
is_linear=0
shrinkage=0.0218123


Tree=38
num_leaves=18
num_cat=0
split_feature=0 15 2 10 14 2 15 18 18 2 10 0 2 0 0 2 11
split_gain=0.42049 0.430297 0.264972 0.289142 0.274052 0.34872 0.522155 0.283136 0.261811 0.217845 0.258678 0.184204 0.145111 0.120553 0.0914581 0.0895874 0.0138544
threshold=422532640.00000006 0.05833296291530133 62.500000000000007 0.42291958630084997 23.127297401428226 19.000000000000004 0.075462531298398985 -0.10300848633050917 -0.055843913927674287 69.500000000000014 0.34394647181034094 92382592.000000015 70.500000000000014 654780.15625000012 707039.96875000012 78.500000000000014 0.39877456426620489
decision_type=2 2 2 2 2 2 2 2 2 2 2 2 2 2 2 2 2
left_child=2 -2 4 9 5 6 -1 -7 11 16 -11 -6 14 -10 -5 -14 -4
right_child=1 -3 3 12 8 7 -8 -9 13 10 -12 -13 15 -15 -16 -17 -18
leaf_value=-0.0011751146821764309 0.0023224182392892249 0 0.00027055583010886014 5.0832747644659635e-06 9.3564414908422222e-05 0.00032772916310043238 0.0011894044854312282 -0.00024408844095857914 1.1854621531268549e-05 0 0.0017073392337142415 0.00063838875637223561 -3.5853907961625173e-05 -0.0001115016090435072 0.00026066361335513595 0.00016857239885738589 -9.0451400903532138e-05
leaf_weight=342 75 50 82 1176 3239 474 43 2354 6523 51 138 349 5305 8156 2248 1260 72
leaf_count=342 75 50 82 1176 3239 474 43 2354 6523 51 138 349 5305 8156 2248 1260 72
internal_value=1.2462e-06 0.00126428 -3.09789e-06 8.70026e-05 -4.73533e-05 -0.000233519 -0.000859886 -0.000141285 -1.35306e-05 0.000715419 0.00121542 0.000152046 6.34532e-05 -5.53438e-05 0.000178632 3.82175e-07 0
internal_weight=31937 125 31812 10332 21480 3213 385 2828 18267 343 189 3588 9989 14679 3424 6565 154
internal_count=31937 125 31812 10332 21480 3213 385 2828 18267 343 189 3588 9989 14679 3424 6565 154
is_linear=0
shrinkage=0.0218123


end of trees

feature_importances:
Column_2=160
Column_0=64
Column_19=63
Column_15=48
Column_10=45
Column_22=41
Column_14=38
Column_7=36
Column_18=35
Column_24=29
Column_12=26
Column_20=21
Column_8=19
Column_11=19
Column_16=19
Column_6=16
Column_17=13
Column_5=12
Column_9=12
Column_25=12
Column_13=10
Column_21=5

parameters:
[boosting: gbdt]
[objective: regression]
[metric: l2]
[tree_learner: serial]
[device_type: cpu]
[data_sample_strategy: bagging]
[data: ]
[valid: ]
[num_iterations: 39]
[learning_rate: 0.0218123]
[num_leaves: 31]
[num_threads: 1]
[seed: 0]
[deterministic: 0]
[force_col_wise: 0]
[force_row_wise: 0]
[histogram_pool_size: -1]
[max_depth: 5]
[min_data_in_leaf: 42]
[min_sum_hessian_in_leaf: 0.001]
[bagging_fraction: 0.854263]
[pos_bagging_fraction: 1]
[neg_bagging_fraction: 1]
[bagging_freq: 0]
[bagging_seed: 3]
[bagging_by_query: 0]
[feature_fraction: 0.516414]
[feature_fraction_bynode: 1]
[feature_fraction_seed: 2]
[extra_trees: 0]
[extra_seed: 6]
[early_stopping_round: 0]
[early_stopping_min_delta: 0]
[first_metric_only: 0]
[max_delta_step: 0]
[lambda_l1: 0.902584]
[lambda_l2: 0.00145932]
[linear_lambda: 0]
[min_gain_to_split: 0]
[drop_rate: 0.1]
[max_drop: 50]
[skip_drop: 0.5]
[xgboost_dart_mode: 0]
[uniform_drop: 0]
[drop_seed: 4]
[top_rate: 0.2]
[other_rate: 0.1]
[min_data_per_group: 100]
[max_cat_threshold: 32]
[cat_l2: 10]
[cat_smooth: 10]
[max_cat_to_onehot: 4]
[top_k: 20]
[monotone_constraints: ]
[monotone_constraints_method: basic]
[monotone_penalty: 0]
[feature_contri: ]
[forcedsplits_filename: ]
[refit_decay_rate: 0.9]
[cegb_tradeoff: 1]
[cegb_penalty_split: 0]
[cegb_penalty_feature_lazy: ]
[cegb_penalty_feature_coupled: ]
[path_smooth: 0]
[interaction_constraints: ]
[verbosity: -1]
[saved_feature_importance_type: 0]
[use_quantized_grad: 0]
[num_grad_quant_bins: 4]
[quant_train_renew_leaf: 0]
[stochastic_rounding: 1]
[linear_tree: 0]
[max_bin: 255]
[max_bin_by_feature: ]
[min_data_in_bin: 3]
[bin_construct_sample_cnt: 200000]
[data_random_seed: 1]
[is_enable_sparse: 1]
[enable_bundle: 1]
[use_missing: 1]
[zero_as_missing: 0]
[feature_pre_filter: 1]
[pre_partition: 0]
[two_round: 0]
[header: 0]
[label_column: ]
[weight_column: ]
[group_column: ]
[ignore_column: ]
[categorical_feature: ]
[forcedbins_filename: ]
[precise_float_parser: 0]
[parser_config_file: ]
[objective_seed: 5]
[num_class: 1]
[is_unbalance: 0]
[scale_pos_weight: 1]
[sigmoid: 1]
[boost_from_average: 1]
[reg_sqrt: 0]
[alpha: 0.9]
[fair_c: 1]
[poisson_max_delta_step: 0.7]
[tweedie_variance_power: 1.5]
[lambdarank_truncation_level: 30]
[lambdarank_norm: 1]
[label_gain: ]
[lambdarank_position_bias_regularization: 0]
[eval_at: ]
[multi_error_top_k: 1]
[auc_mu_weights: ]
[num_machines: 1]
[local_listen_port: 12400]
[time_out: 120]
[machine_list_filename: ]
[machines: ]
[gpu_platform_id: -1]
[gpu_device_id: -1]
[gpu_use_dp: 0]
[num_gpu: 1]

end of parameters

pandas_categorical:null
