tree
version=v4
num_class=1
num_tree_per_iteration=1
label_index=0
max_feature_idx=21
objective=regression
feature_names=Column_0 Column_1 Column_2 Column_3 Column_4 Column_5 Column_6 Column_7 Column_8 Column_9 Column_10 Column_11 Column_12 Column_13 Column_14 Column_15 Column_16 Column_17 Column_18 Column_19 Column_20 Column_21
feature_infos=[6.8162904210790742:89.87682992951045] [-0.039874550901151995:0.048615036739383166] [-0.066444961458288154:0.069212417012977978] [-0.52155580355992404:1.5435541230339795] [0.032471772886693034:14.953523863452169] [-0.0019425004891432736:0.0027575424069889894] [0:35.911284938709571] [0:60.087901635426341] [0:64.837697590092276] [-0.062856023233931579:0.075680638376838028] [-0.015271747500470556:0.03071098090847113] [-0.015271747500470556:0.03071098090847113] [0.00032357232246432266:0.0111658461496436] [-1:1] [-1:1] [-0.97492791218182362:0.97492791218182362] [-0.90096886790241903:1] [-4.0612864659444359:3.8337828913140575] [-0.024194220839613867:0.023075627421256462] [-0.018208185626812812:0.019804479674847997] [0.032471772886693034:14.953523863452169] [0.032471772886693034:14.953523863452169]
tree_sizes=1112 1114 1121 1691 1121 1123 1583 1117 1119 1561 1600 1034 1398 1567 1480 1586 1605 1592 1604 1582 1701 1691 1600 1093 1713 1714 1494 1090 1684 1198 1601 1118 1716 1587 1322 1706 1686 1662 1594 1591 1302 1688 1692 1681 1198 1683 1608 1690 1290 1487 1720 1707 1503 1366 1402 1305 1198 1637

Tree=0
num_leaves=10
num_cat=0
split_feature=7 15 2 3 2 8 13 9 3
split_gain=0.0140112 0.0132938 0.0121172 0.012212 0.00865428 0.00800687 0.00707505 0.00628781 0.00482733
threshold=1.0000000180025095e-35 -0.60785761079279388 -0.021784754067169562 0.52911932625609059 -0.036857351358847538 31.840584083322238 -0.60355339059327362 0.031858812212086203 1.0803284303919931
decision_type=2 2 2 2 2 2 2 2 2
left_child=8 4 5 -4 6 -3 -2 -6 -1
right_child=1 2 3 -5 7 -7 -8 -9 -10
leaf_value=0.00012789315106400529 -0.00030733188064387574 -0.00058310092132249044 -0.00030740291529386329 -0.00041230471870182727 -0.00027242309913474083 -0.00016724864652344754 0.00072165476576749842 -0.00063842958367919009 0.0012175294419977123
leaf_weight=75 80 2595 16341 14317 12683 362 107 330 45
leaf_count=75 80 2595 16341 14317 12683 362 107 330 45
internal_value=-0.000341861 -0.000344166 -0.000371858 -0.000356392 -0.00027365 -0.000532139 0.000284615 -0.000281733 0.000548419
internal_weight=46935 46815 33615 30658 13200 2957 187 13013 120
internal_count=46935 46815 33615 30658 13200 2957 187 13013 120
is_linear=0
shrinkage=1


Tree=1
num_leaves=10
num_cat=0
split_feature=7 15 10 11 2 3 14 9 3
split_gain=0.0118338 0.0111822 0.0113025 0.0156 0.0101911 0.0107022 0.00811371 0.00525837 0.00408337
threshold=1.0000000180025095e-35 -0.60785761079279388 -0.0023537461310400016 -0.0024166556764521614 -0.021784754067169562 0.33164728667435289 0.91597561503675351 0.031858812212086203 1.0803284303919931
decision_type=2 2 2 2 2 2 2 2 2
left_child=8 2 3 -2 6 -6 -3 -4 -1
right_child=1 4 7 -5 5 -7 -8 -9 -10
leaf_value=0.00043143898540879175 0.001940355047658323 -0.00011971522893585115 5.7211538437739956e-05 0.00030892913171588489 5.5522185224156184e-05 -4.8191744190950522e-05 -0.00051926678996208034 -0.00028005949334840432 0.0014335802238106322
leaf_weight=75 44 2553 12454 377 10306 20352 404 325 45
leaf_count=75 44 2553 12454 377 10306 20352 404 325 45
internal_value=6.18538e-09 -2.1129e-06 6.25606e-05 0.000484694 -2.75104e-05 -1.33264e-05 -0.000174501 4.86072e-05 0.000818192
internal_weight=46935 46815 13200 421 33615 30658 2957 12779 120
internal_count=46935 46815 13200 421 33615 30658 2957 12779 120
is_linear=0
shrinkage=0.0829277


Tree=2
num_leaves=10
num_cat=0
split_feature=8 15 10 11 2 3 14 2 3
split_gain=0.00999482 0.00940855 0.00953213 0.0131969 0.00857356 0.00916065 0.00682859 0.00459414 0.00345406
threshold=1.0000000180025095e-35 -0.60785761079279388 -0.0023537461310400016 -0.0024166556764521614 -0.021784754067169562 0.39024706540644039 0.91597561503675351 -0.036857351358847538 1.0803284303919931
decision_type=2 2 2 2 2 2 2 2 2
left_child=8 2 3 -2 6 -6 -3 -4 -1
right_child=1 4 7 -5 5 -7 -8 -9 -10
leaf_value=0.00039624926338226505 0.0017839058084323203 -0.00010979239855439487 0.00047635780364374151 0.00028339531310093204 4.363994003338547e-05 -4.9003196701255671e-05 -0.00047633849961258246 3.8844938283381353e-05 0.0013179205510940389
leaf_weight=75 44 2553 166 377 12172 18486 404 12613 45
leaf_count=75 44 2553 166 377 12172 18486 404 12613 45
internal_value=1.2898e-08 -1.93458e-06 5.73885e-05 0.000445054 -2.5231e-05 -1.22212e-05 -0.000160053 4.45745e-05 0.000751942
internal_weight=46935 46815 13200 421 33615 30658 2957 12779 120
internal_count=46935 46815 13200 421 33615 30658 2957 12779 120
is_linear=0
shrinkage=0.0829277


Tree=3
num_leaves=16
num_cat=0
split_feature=1 15 2 6 15 14 12 20 2 14 14 12 2 14 15
split_gain=0.00791179 0.00725439 0.00993086 0.00815988 0.00724936 0.0102704 0.00744458 0.00571705 0.00447134 0.00901641 0.00389907 0.00343676 0.00295909 0.00307042 0.00158953
threshold=-0.011919156401175078 -0.60785761079279388 -0.025019465585749797 19.992638365276413 1.0000000180025095e-35 -0.78656609248549325 0.0033058005393452891 0.83299243563829528 -0.036857351358847538 0.78656609248549303 -0.9159756150367534 0.0026035642693197506 -0.021179574644556606 -0.12940952255126037 0.6078576107927941
decision_type=2 2 2 2 2 2 2 2 2 2 2 2 2 2 2
left_child=4 8 7 -4 5 11 -7 -3 9 -2 -10 -1 13 -6 -14
right_child=1 2 3 -5 12 6 -8 -9 10 -11 -12 -13 14 -15 -16
leaf_value=0.0004477847617475407 4.9114368584674735e-05 -0.00011768766310865967 2.846377954786918e-05 -5.6822612916255407e-05 -0.00032336003264441584 -5.8119418380917439e-05 0.00058475180900582186 -0.00046723400263381295 0.00015706074433091143 0.0014300061662543457 2.2984735371081573e-05 0.0013158225722538122 -0.00016541822737076319 9.9155425997634637e-05 0.00028031728575432833
leaf_weight=50 100 899 14350 16682 233 286 217 501 1721 47 11144 92 66 238 309
leaf_count=50 100 899 14350 16682 233 286 217 501 1721 47 11144 92 66 238 309
internal_value=2.00448e-08 -6.14949e-06 -2.71362e-05 -1.73844e-05 0.000187908 0.000397038 0.000219985 -0.000243082 4.61567e-05 0.000498994 4.09342e-05 0.00101678 2.81126e-05 -0.000110161 0.000201575
internal_weight=46935 45444 32432 31032 1491 645 503 1400 13012 147 12865 142 846 471 375
internal_count=46935 45444 32432 31032 1491 645 503 1400 13012 147 12865 142 846 471 375
is_linear=0
shrinkage=0.0829277


Tree=4
num_leaves=10
num_cat=0
split_feature=7 15 1 12 12 2 2 3 3
split_gain=0.00845763 0.00693715 0.0117635 0.00977518 0.00876729 0.007513 0.00623913 0.00445767 0.002888
threshold=1.0000000180025095e-35 1.0000000180025095e-35 -0.0092193647259758409 0.0027884048920381486 0.0024793455378957501 -0.01867313305982737 0.025109547579027284 0.54173236925069623 1.0803284303919931
decision_type=2 2 2 2 2 2 2 2 2
left_child=8 2 4 7 -2 -4 -5 -3 -1
right_child=1 3 5 6 -6 -7 -8 -9 -10
leaf_value=0.00036637639323611236 -2.5106094152484366e-05 4.2700314948189518e-05 -0.00014471658516550993 -0.00014331707800203949 0.00041286832350502522 2.5890060150039915e-05 0.00022384995275678534 -5.2591522588752435e-05 0.0012092958144325977
leaf_weight=75 481 7662 1919 5999 905 23481 335 6033 45
leaf_count=75 481 7662 1919 5999 905 23481 335 6033 45
internal_value=2.5539e-08 -1.76593e-06 2.58376e-05 -3.86812e-05 0.000260987 1.2994e-05 -0.000123857 7.20766e-07 0.000691719
internal_weight=46935 46815 26786 20029 1386 25400 6334 13695 120
internal_count=46935 46815 26786 20029 1386 25400 6334 13695 120
is_linear=0
shrinkage=0.0829277


Tree=5
num_leaves=10
num_cat=0
split_feature=7 15 11 1 3 6 14 9 14
split_gain=0.00714331 0.00627667 0.00586271 0.00610611 0.00563665 0.00686671 0.00678077 0.00492342 0.00284673
threshold=1.0000000180025095e-35 -0.60785761079279388 -0.0022035042533919964 -0.0097427056798468619 0.55017837201439401 21.75842014481427 -0.3794095225512602 0.031858812212086203 -0.70710678118654757
decision_type=2 2 2 2 2 2 2 2 2
left_child=8 2 3 -2 5 -3 -6 -4 -1
right_child=1 4 7 -5 6 -7 -8 -9 -10
leaf_value=0.00093905192069343359 0.0010756677099374552 5.5772621740588329e-05 4.4708981719936375e-05 0.00021314226247180898 1.5095557712143983e-05 -4.3814004487650883e-05 -0.00010264701486145717 -0.00028262767013346009 0.00010022507449045545
leaf_weight=76 65 10123 12423 389 5300 8988 9204 323 44
leaf_count=76 65 10123 12423 389 5300 8988 9204 323 44
internal_value=2.76671e-08 -1.61873e-06 4.6835e-05 0.000339257 -2.06467e-05 8.93668e-06 -5.96243e-05 3.63868e-05 0.000635708
internal_weight=46935 46815 13200 454 33615 19111 14504 12746 120
internal_count=46935 46815 13200 454 33615 19111 14504 12746 120
is_linear=0
shrinkage=0.0829277


Tree=6
num_leaves=15
num_cat=0
split_feature=1 9 13 13 2 1 12 15 10 11 21 15 13 1
split_gain=0.00606445 0.00684671 0.0118114 0.00809843 0.00980671 0.00890123 0.006223 0.00523063 0.00340724 0.00323412 0.00313282 0.00280085 0.00273037 0.00267834
threshold=-0.011919156401175078 -0.010383062831147592 -0.5 -0.5 0.024025508174991276 0.0079797113711558305 0.0020443210713852133 0.87837969732492682 0.0017903096886651151 -0.0026776222895820707 0.42133946013946999 1.0000000180025095e-35 -1.0000000180025095e-35 0.003813594026629397
decision_type=2 2 2 2 2 2 2 2 2 2 2 2 2 2
left_child=7 2 13 5 -5 -3 -4 8 9 -1 -9 -10 -12 -2
right_child=1 3 6 4 -6 -7 -8 10 11 -11 12 -13 -14 -15
leaf_value=0.00049146961496803377 7.4225965501812359e-05 -1.7174500671225553e-05 -4.5533360382247433e-05 2.6283192376058438e-05 0.00027925014165398925 -0.00022611021950376015 -0.00021614357506651616 0.00050249189120021116 0.0011279330819567693 0.00012863635012477323 -0.00048556470066914717 0.00027179074870717384 3.3035351999127198e-05 -0.00056875447400411936
leaf_weight=210 2922 10261 2707 23566 1102 1623 3219 45 51 852 143 55 135 44
leaf_count=210 2922 10261 2707 23566 1102 1623 3219 45 51 852 143 55 135 44
internal_value=2.9842e-08 -5.37161e-06 -7.06278e-05 1.05051e-05 3.75977e-05 -4.57298e-05 -0.000138235 0.000164527 0.000246154 0.000200879 -0.000130451 0.000692091 -0.000234706 6.44508e-05
internal_weight=46935 45444 8892 36552 24668 11884 5926 1491 1168 1062 323 106 278 2966
internal_count=46935 45444 8892 36552 24668 11884 5926 1491 1168 1062 323 106 278 2966
is_linear=0
shrinkage=0.0829277


Tree=7
num_leaves=10
num_cat=0
split_feature=7 1 2 16 16 15 14 15 4
split_gain=0.00602011 0.00521315 0.00654379 0.0115844 0.00570116 0.00447974 0.00360192 0.0029432 0.00243731
threshold=1.0000000180025095e-35 -0.011919156401175078 -0.021784754067169562 1.0000000180025095e-35 1.0000000180025095e-35 -1.0000000180025095e-35 0.25881904510252057 1.0000000180025095e-35 1.783792098081155
decision_type=2 2 2 2 2 2 2 2 2
left_child=8 4 3 -3 7 -4 -6 -2 -1
right_child=1 2 5 -5 6 -7 -8 -9 -10
leaf_value=0.00028591346477614915 0.00022296773433198874 -0.00019978948250324658 3.2683553621972869e-05 0.0002442313661163649 0.00049224601117322175 -2.1731683175991685e-05 0.00010525625834976711 -0.00010990067951252596 0.0010585112100565683
leaf_weight=75 275 2443 18317 483 390 24081 288 538 45
leaf_count=75 275 2443 18317 483 390 24081 288 538 45
internal_value=3.04196e-08 -1.481e-06 -6.50206e-06 -0.000126421 0.000151028 1.77731e-06 0.00032836 2.86203e-06 0.000583598
internal_weight=46935 46815 45324 2926 1491 42398 678 813 120
internal_count=46935 46815 45324 2926 1491 42398 678 813 120
is_linear=0
shrinkage=0.0829277


Tree=8
num_leaves=10
num_cat=0
split_feature=7 15 12 14 2 14 14 13 14
split_gain=0.00508481 0.00446247 0.00571145 0.0164046 0.00511015 0.00734111 0.00539854 0.0028609 0.00237565
threshold=1.0000000180025095e-35 -0.60785761079279388 0.0023704674083646388 1.0000000180025095e-35 -0.021784754067169562 -0.3794095225512602 0.91597561503675351 -0.5 -0.70710678118654757
decision_type=2 2 2 2 2 2 2 2 2
left_child=8 2 7 -4 6 -6 -3 -2 -1
right_child=1 4 3 -5 5 -7 -8 -9 -10
leaf_value=0.00081339960345575447 -5.3857213789937511e-05 -7.6811657694109915e-05 -6.7823775443865902e-05 0.00032474182493915911 4.653961663886792e-05 -3.7907358035543428e-05 -0.00040269426202579352 4.017754800645781e-05 4.8522519833332861e-05
leaf_weight=76 3260 2553 1373 1566 11091 19567 404 7001 44
leaf_count=76 3260 2553 1373 1566 11091 19567 404 7001 44
internal_value=3.25783e-08 -1.35648e-06 3.9499e-05 0.000141398 -1.74006e-05 -7.35669e-06 -0.000121488 1.02989e-05 0.000536356
internal_weight=46935 46815 13200 2939 33615 30658 2957 10261 120
internal_count=46935 46815 13200 2939 33615 30658 2957 10261 120
is_linear=0
shrinkage=0.0829277


Tree=9
num_leaves=15
num_cat=0
split_feature=1 9 13 13 9 9 12 9 2 12 2 1 7 10
split_gain=0.00444738 0.00492593 0.00996139 0.00636671 0.0083473 0.00794347 0.00477925 0.00370498 0.00587654 0.00268331 0.00321672 0.00224682 0.00175248 0.0013928
threshold=-0.011919156401175078 -0.010383062831147592 -0.5 -0.5 0.026125511015501205 0.036913108864143236 0.0020443210713852133 -0.021797117679420105 -0.026816456978151101 0.0033058005393452891 -0.040376209107025045 0.003813594026629397 14.323466871357306 0.0011886480609553109
decision_type=2 2 2 2 2 2 2 2 2 2 2 2 2 2
left_child=7 2 11 5 -5 -3 -4 9 -9 10 -1 -2 -11 -10
right_child=1 3 6 4 -6 -7 -8 8 13 12 -12 -13 -14 -15
leaf_value=-0.0007083754405566141 7.3054312744677116e-05 -3.4159610321364623e-05 -4.079265795538577e-05 2.3248359465231756e-05 0.0002741632968492622 -0.00071440536982875539 -0.00019030848201604362 0.0011852768739584231 0.00017070347352570614 0.00031399087099295896 -3.2280700800729204e-05 -0.00051587036017129685 -7.9037913254058567e-05 0.0005450209304426356
leaf_weight=54 2922 11766 2707 23721 947 118 3219 45 567 243 391 44 114 77
leaf_count=54 2922 11766 2707 23721 947 118 3219 45 567 243 391 44 114 77
internal_value=3.12817e-08 -4.5943e-06 -5.99453e-05 8.87249e-06 3.28944e-05 -4.09887e-05 -0.000122033 0.0001409 0.00028175 1.96429e-05 -0.000116086 6.4103e-05 0.000188646 0.000216433
internal_weight=46935 45444 8892 36552 24668 11884 5926 1491 689 802 445 2966 357 644
internal_count=46935 45444 8892 36552 24668 11884 5926 1491 689 802 445 2966 357 644
is_linear=0
shrinkage=0.0829277


Tree=10
num_leaves=15
num_cat=0
split_feature=15 12 11 17 14 6 12 2 11 17 2 1 13 13
split_gain=0.00437114 0.0144879 0.00695526 0.00635724 0.00517783 0.00469451 0.00599004 0.00455228 0.00355029 0.00354077 0.00329039 0.00230819 0.00209124 0.00140461
threshold=0.6078576107927941 0.0017319988802333771 -0.0042042185125812362 -0.46287629276586345 0.78656609248549303 11.361852138077285 0.0049657560685567714 -0.02071602589662391 0.0078594267254881185 -0.42964677939454571 0.033225435828668888 0.0077869644022111615 0.12940952255126045 -1.0000000180025095e-35
decision_type=2 2 2 2 2 2 2 2 2 2 2 2 2 2
left_child=2 11 4 7 9 6 -4 -3 -5 -1 -7 12 -2 -6
right_child=1 3 5 8 13 10 -8 -9 -10 -11 -12 -13 -14 -15
leaf_value=0.00063639726646835316 0.00018916570288191268 -0.00024785809662933479 0.00010798859455020547 -0.00013817934138100123 -0.0004807954398615156 -2.5845704776433027e-07 0.00089903718822549562 3.9978051229322775e-05 0.00054827165465109583 0.00018248822968643094 0.00022459806110444798 0.0006961909846939457 5.1323654921445854e-05 5.1653150395973881e-05
leaf_weight=251 1251 430 1882 6874 52 30292 67 3051 51 225 453 45 1917 94
leaf_count=251 1251 430 1882 6874 52 30292 67 3051 51 225 453 45 1917 94
internal_value=2.92828e-08 -3.9551e-05 1.62099e-05 -8.70772e-05 0.000290635 1.0978e-05 0.000135743 4.34556e-06 -0.000133025 0.000422885 3.0636e-06 0.000114347 0.000105809 -0.00014046
internal_weight=46935 13619 33316 10406 622 32694 1949 3481 6925 476 30745 3213 3168 146
internal_count=46935 13619 33316 10406 622 32694 1949 3481 6925 476 30745 3213 3168 146
is_linear=0
shrinkage=0.0829277


Tree=11
num_leaves=9
num_cat=0
split_feature=7 17 9 14 13 2 12 14
split_gain=0.0040082 0.00352633 0.00753622 0.00605875 0.00585022 0.00583877 0.00557938 0.0019871
threshold=1.0000000180025095e-35 0.38353660274510182 0.010743535077958112 -0.3794095225512602 -1.0000000180025095e-35 0.042105607672093488 0.0020723346350256622 -0.70710678118654757
decision_type=2 2 2 2 2 2 2 2
left_child=7 2 4 -4 -2 6 -3 -1
right_child=1 5 3 -5 -6 -7 -8 -9
leaf_value=0.00072956903637021034 4.2324008069725664e-05 1.5694573678425435e-05 0.00024847994595023418 4.3779245752255834e-05 -3.7352466125030282e-05 0.00073401995256577087 -7.9842994024094304e-05 3.0462712392049811e-05
leaf_weight=76 11600 7994 1549 2775 13966 67 8864 44
leaf_count=76 11600 7994 1549 2775 13966 67 8864 44
internal_value=3.29816e-08 -1.20029e-06 1.59261e-05 0.000117161 -1.20071e-06 -3.14449e-05 -3.45416e-05 0.000476205
internal_weight=46935 46815 29890 4324 25566 16925 16858 120
internal_count=46935 46815 29890 4324 25566 16925 16858 120
is_linear=0
shrinkage=0.0829277


Tree=12
num_leaves=13
num_cat=0
split_feature=1 9 13 6 15 2 11 14 9 2 15 6
split_gain=0.00378162 0.00393283 0.00893606 0.00470394 0.00420797 0.00627371 0.00443935 0.00337223 0.0040751 0.00273071 0.00222985 0.00209233
threshold=-0.011919156401175078 -0.013942983712733724 -0.5 28.182869844882045 0.6078576107927941 -0.016799191240994268 -0.0026776222895820707 -0.98296291314453399 -0.011536282262709361 -0.011735198986616178 0.87837969732492682 12.516931460257172
decision_type=2 2 2 2 2 2 2 2 2 2 2 2
left_child=7 2 11 -4 6 -6 -3 -1 10 -10 -9 -2
right_child=1 4 3 -5 5 -7 -8 8 9 -11 -12 -13
leaf_value=0.00076586863126883371 0.00038622194692201331 0.00016999378795604458 -0.00020100843011609725 -3.6785749968568506e-06 -0.00056219859921427463 -3.1225838834173367e-05 1.4588830128632511e-05 0.00011504120706818011 0.0010256663220615618 0.00028130008466479357 -0.00014213419123742786 5.3590237771849234e-05
leaf_weight=54 139 1324 2694 1201 154 10718 27415 954 45 133 305 1799
leaf_count=54 139 1324 2694 1201 154 10718 27415 954 45 133 305 1799
internal_value=3.40805e-08 -4.23126e-06 -6.7797e-05 -0.000140184 5.13108e-06 -3.8811e-05 2.17554e-05 0.000129932 0.000105386 0.000475348 5.26588e-05 7.76826e-05
internal_weight=46935 45444 5833 3895 39611 10872 28739 1491 1437 178 1259 1938
internal_count=46935 45444 5833 3895 39611 10872 28739 1491 1437 178 1259 1938
is_linear=0
shrinkage=0.0829277


Tree=13
num_leaves=15
num_cat=0
split_feature=6 14 12 14 17 12 9 15 13 7 12 7 15 17
split_gain=0.00350165 0.00881507 0.0093844 0.00410635 0.00384508 0.00648727 0.00594318 0.00502091 0.00513429 0.00384454 0.00262926 0.00238222 0.00221027 0.00164112
threshold=11.361852138077285 -0.5 0.0047974374696146379 0.78656609248549303 0.41729672022564673 0.0052441799398966283 0.019486602195544659 0.87837969732492682 -0.5 41.676323483473794 0.0022184416623189616 17.865200514467499 -1.0000000180025095e-35 -0.53226452698270543
decision_type=2 2 2 2 2 2 2 2 2 2 2 2 2 2
left_child=1 2 12 13 5 6 -2 9 -9 -6 -5 -7 -1 -3
right_child=4 3 -4 10 7 11 -8 8 -10 -11 -12 -13 -14 -15
leaf_value=0.00010243148785810408 -6.677755708235086e-07 -0.00026119513988085401 0.0014264269581442683 7.0235232705016654e-05 -2.3419407296174584e-05 0.00011892271324792441 0.00017128223308341366 -0.00031394341981235866 -5.9427394704612682e-05 0.00039301629082293788 0.0004472229561223769 0.00055394415378950501 0.00040930141009912777 -3.6021488149696737e-05
leaf_weight=317 26887 292 50 515 13100 154 1456 841 1547 153 168 199 330 926
leaf_count=317 26887 292 50 515 13100 154 1456 841 1547 153 168 199 330 926
internal_value=3.54064e-08 9.35847e-05 0.000345568 1.02773e-06 -5.44874e-06 1.2581e-05 8.17257e-06 -3.85257e-05 -0.00014918 -1.8575e-05 0.000163615 0.000365257 0.00025944 -9.0218e-05
internal_weight=46935 2598 697 1901 44337 28696 28343 15641 2388 13253 683 353 647 1218
internal_count=46935 2598 697 1901 44337 28696 28343 15641 2388 13253 683 353 647 1218
is_linear=0
shrinkage=0.0829277


Tree=14
num_leaves=14
num_cat=0
split_feature=1 2 13 8 6 1 1 15 11 11 15 21 12
split_gain=0.00318899 0.00340374 0.00559797 0.00657907 0.00355581 0.0034735 0.00336239 0.00304772 0.0020967 0.00279699 0.00244559 0.00175086 0.00178461
threshold=-0.013008724891421573 -0.021784754067169562 -0.5 17.996806131247215 1.0000000180025095e-35 0.0014439286252027064 0.0081523920427573077 0.87837969732492682 -0.0026776222895820707 0.0017903096886651151 -1.0000000180025095e-35 0.57430535984072051 0.0028023081396893017
decision_type=2 2 2 2 2 2 2 2 2 2 2 2 2
left_child=7 2 5 -4 -3 -2 -6 8 10 -10 -1 -9 -13
right_child=1 4 3 -5 6 -7 -8 11 9 -11 -12 12 -14
leaf_value=0.00084548987886946749 9.5108390156363026e-05 0.00058005164114314817 0.00026384271139651589 -0.00022029999047172308 9.0895165033660904e-06 -0.00061058367240888253 -7.2527753226377977e-05 0.00032616856592279273 7.8849235988928855e-05 0.0006355845531851365 0.00024076415069347585 0.00011639522671395416 -0.00041925079985934605
leaf_weight=67 1057 72 215 1809 38803 49 3811 46 603 68 146 64 125
leaf_count=67 1057 72 215 1809 38803 49 3811 46 603 68 146 64 125
internal_value=3.91174e-08 -3.34081e-06 -8.67948e-05 -0.00016874 2.7809e-06 6.31864e-05 1.78848e-06 0.000138275 0.000208784 0.000136352 0.000434824 -0.000126652 -0.000238291
internal_weight=46935 45816 3130 2024 42686 1106 42614 1119 884 671 213 235 189
internal_count=46935 45816 3130 2024 42686 1106 42614 1119 884 671 213 235 189
is_linear=0
shrinkage=0.0829277


Tree=15
num_leaves=15
num_cat=0
split_feature=6 14 12 14 1 16 9 16 1 14 10 12 2 17
split_gain=0.00277848 0.00725866 0.00774021 0.00348906 0.00302791 0.00376175 0.00308614 0.00568653 0.00333306 0.00286479 0.00221407 0.00221167 0.00169061 0.00121792
threshold=11.361852138077285 -0.5 0.0047974374696146379 0.78656609248549303 -0.011919156401175078 1.0000000180025095e-35 -0.015449859785417351 1.0000000180025095e-35 -0.0061427096843875697 0.25881904510252057 0.0017502783748080122 0.0022184416623189616 0.007892806801561349 1.0206387332602023
decision_type=2 2 2 2 2 2 2 2 2 2 2 2 2 2
left_child=1 2 13 12 5 10 7 -6 -8 -7 -2 -5 -3 -1
right_child=4 3 -4 11 6 9 8 -9 -10 -11 -12 -13 -14 -15
leaf_value=0.00019333496111015967 -5.4007365596836896e-05 -4.7499307751161246e-05 0.0012936373691843099 6.3611707546193711e-05 -0.00012815292759191815 0.00040145467653445241 8.2916940605867449e-05 7.7269827565085438e-05 -8.2388862075273124e-06 5.655232081913372e-05 0.00040732525933302272 0.00040936476514371039 -0.00034134084011199422 0.00055818486080001317
leaf_weight=577 734 1065 50 515 3413 390 2992 1271 35171 288 78 168 153 70
leaf_count=577 734 1065 50 515 3413 390 2992 1271 35171 288 78 168 153 70
internal_value=4.00234e-08 8.33713e-05 0.00031203 -6.16169e-07 -4.84511e-06 0.000111318 -8.88782e-06 -7.24056e-05 -1.0897e-06 0.000255324 -9.13111e-06 0.000149254 -8.47244e-05 0.000233814
internal_weight=46935 2598 697 1901 44337 1490 42847 4684 38163 678 812 683 1218 647
internal_count=46935 2598 697 1901 44337 1490 42847 4684 38163 678 812 683 1218 647
is_linear=0
shrinkage=0.0829277


Tree=16
num_leaves=15
num_cat=0
split_feature=15 10 13 6 14 16 16 14 6 1 2 14 6 10
split_gain=0.00267129 0.00657758 0.00723113 0.00486708 0.0070768 0.0134277 0.0078784 0.00376258 0.00602514 0.00329433 0.00311078 0.00736374 0.00336055 0.00265114
threshold=-0.60785761079279388 -0.0023537461310400016 -0.9159756150367534 18.201122885279293 -0.3794095225512602 0.81174490092936691 0.81174490092936691 0.91597561503675351 27.000176691279435 -0.0085631430192669149 -0.036857351358847538 0.78656609248549303 24.053525446604684 -0.0028902931504184433
decision_type=2 2 2 2 2 2 2 2 2 2 2 2 2 2
left_child=1 2 -1 4 5 -2 -6 9 -9 -5 11 -3 -12 -4
right_child=3 10 13 7 6 -7 -8 8 -10 -11 12 -13 -14 -15
leaf_value=0.0011794017100075663 4.1131707809202054e-05 1.0439135720904045e-05 1.2845308668512018e-05 6.7489633972994887e-05 1.955738124991259e-05 0.00041437959645708352 -0.00021483727269697462 -4.1859133684865912e-05 -0.00031289382913863087 -3.5902815503285834e-05 -1.7764789165237608e-05 0.0012041190981147128 7.0071285081496347e-05 0.00046604406928424949
leaf_weight=61 3073 116 204 2422 6770 844 1153 1743 833 16897 7720 50 4893 156
leaf_count=61 3073 116 204 2422 6770 844 1153 1743 833 16897 7720 50 4893 156
internal_value=4.3281e-08 3.16691e-05 0.000353694 -1.23321e-05 3.04999e-05 0.000121663 -1.45815e-05 -3.54945e-05 -0.000129614 -2.2937e-05 2.10263e-05 0.000376321 1.63132e-05 0.00021017
internal_weight=46935 13200 421 33735 11840 3917 7923 21895 2576 19319 12779 166 12613 360
internal_count=46935 13200 421 33735 11840 3917 7923 21895 2576 19319 12779 166 12613 360
is_linear=0
shrinkage=0.0829277


Tree=17
num_leaves=15
num_cat=0
split_feature=11 10 11 17 8 11 17 9 10 20 14 11 14 13
split_gain=0.0028303 0.00285906 0.00462716 0.00360638 0.00347907 0.00339775 0.00552232 0.00356275 0.00204645 0.00256426 0.00256276 0.0022699 0.0017134 0.00139188
threshold=-0.0042042185125812362 0.0030103818038423884 0.0024581084594591522 -0.90989456255057377 19.201767112880063 0.0030084410283277578 -0.35985013069689659 -0.0077101645531637555 0.0017903096886651151 1.5350112386748529 -0.9159756150367534 -0.0068065280983719547 -0.60355339059327384 -1.0000000180025095e-35
decision_type=2 2 2 2 2 2 2 2 2 2 2 2 2 2
left_child=8 5 3 -3 -4 7 -7 -2 10 12 -1 -12 -10 -11
right_child=1 2 4 -5 -6 6 -8 -9 9 13 11 -13 -14 -15
leaf_value=0.00053163217039690035 -3.2776812488110739e-05 0.00039726990785363369 -3.1180672936712731e-05 -0.00017903228349286203 0.00048687128246215208 0.00020916057070042839 -0.00016560422147869928 2.1512204684086859e-05 0.00042791179479463723 0.00087791626193596984 -0.0004378407197643705 6.6333793143286186e-05 -0.00012908638616272933 0.00029426886009856445
leaf_weight=71 11434 77 233 1674 143 322 1656 30446 65 65 68 541 88 52
leaf_count=71 11434 77 233 1674 143 322 1656 30446 65 65 68 541 88 52
internal_value=4.60414e-08 -2.88274e-06 -9.6749e-05 -0.000153423 0.000166806 1.67215e-06 -0.000104502 6.68976e-06 0.000141632 0.000334252 6.4675e-05 9.25266e-06 0.000109096 0.000624398
internal_weight=46935 45985 2127 1751 376 43858 1978 41880 950 270 680 609 153 117
internal_count=46935 45985 2127 1751 376 43858 1978 41880 950 270 680 609 153 117
is_linear=0
shrinkage=0.0829277


Tree=18
num_leaves=15
num_cat=0
split_feature=11 15 18 10 15 10 11 17 10 11 8 2 18 5
split_gain=0.0023867 0.00325087 0.00523085 0.00277654 0.00304833 0.00240278 0.00389453 0.00319006 0.00309982 0.00299036 0.00293047 0.00238799 0.00207946 0.00198162
threshold=-0.0042042185125812362 -1.0000000180025095e-35 -0.0074129682320185899 -0.0010219953025900617 0.87837969732492682 0.0030103818038423884 0.0024581084594591522 -0.35985013069689659 0.0021503489194362184 0.0030084410283277578 19.201767112880063 0.027720748433608836 -0.0088886490040696025 0.00011199217687042332
decision_type=2 2 2 2 2 2 2 2 2 2 2 2 2 2
left_child=1 2 -1 4 -3 8 7 -7 9 -2 -8 -10 -5 -4
right_child=5 3 13 12 -6 6 10 -9 11 -11 -12 -13 -14 -15
leaf_value=0.0011163637677128135 1.9906019852293307e-06 6.4490659587598531e-06 -5.8212344493941886e-07 -0.00029266232550547675 -0.00071948404817719991 0.00014944470324208941 -2.8608777831288407e-05 -0.00018377133858004746 9.5740643327774558e-05 -0.00010582018278422588 0.00044684724687024489 0.00064155910020539291 0.00019641005832195141 0.00063265950479139774
leaf_weight=53 40431 117 121 67 59 226 233 1525 1522 1849 143 56 487 46
leaf_count=53 40431 117 121 67 59 226 233 1525 1522 1849 143 56 487 46
internal_value=4.74064e-08 0.000130066 0.000408545 4.55823e-05 -0.000240267 -2.64208e-06 -8.86929e-05 -0.000140687 1.53356e-06 -2.72718e-06 0.000153098 0.000115605 0.000136733 0.000177254
internal_weight=46935 950 220 730 176 45985 2127 1751 43858 42280 376 1578 554 167
internal_count=46935 950 220 730 176 45985 2127 1751 43858 42280 376 1578 554 167
is_linear=0
shrinkage=0.0829277


Tree=19
num_leaves=15
num_cat=0
split_feature=1 14 2 12 16 17 2 2 16 5 8 2 14 8
split_gain=0.00233256 0.00611465 0.014929 0.00461233 0.00443808 0.00583228 0.00391122 0.00302307 0.00298527 0.00257054 0.00335861 0.00249663 0.00187374 0.000928031
threshold=0.0085958095101506 -0.78656609248549325 0.036398092252750598 0.0050829067880870044 -0.22252093395631442 0.18362499984384983 0.020514553543027118 0.020514553543027118 -0.56174490092936669 0.00056904530991155227 25.760736258740341 -0.021784754067169562 -0.12940952255126037 22.009974812753889
decision_type=2 2 2 2 2 2 2 2 2 2 2 2 2 2
left_child=3 2 6 9 5 -5 -2 12 -9 11 -11 -1 -3 -6
right_child=1 7 -4 4 13 -7 -8 8 -10 10 -12 -13 -14 -15
leaf_value=-6.7477067998957029e-05 -0.00013496809126369521 -0.00016148256094423489 0.0015187817648307734 0.00035743540504551505 0.00025744860201958535 -0.00031117420239951772 0.0002823615711549737 -1.3875520008946544e-05 -0.00034947316397895031 7.2878646678265396e-05 0.00077765183193331529 6.2683410011654092e-06 5.5099517211926571e-06 0.00053620815502499277
leaf_weight=3433 354 772 50 171 142 186 272 261 604 157 65 39112 1148 208
leaf_count=3433 354 772 50 171 142 186 272 261 604 157 65 39112 1148 208
internal_value=4.78142e-08 -6.54606e-05 0.000158069 5.26475e-06 0.000215158 9.21167e-06 4.65641e-05 -0.000119765 -0.00024838 1.78868e-06 0.000282445 3.15911e-07 -6.1696e-05 0.000424437
internal_weight=46935 3461 676 43474 707 357 626 2785 865 42767 222 42545 1920 350
internal_count=46935 3461 676 43474 707 357 626 2785 865 42767 222 42545 1920 350
is_linear=0
shrinkage=0.0829277


Tree=20
num_leaves=16
num_cat=0
split_feature=15 10 11 14 1 2 14 14 16 2 11 11 6 3 17
split_gain=0.00232754 0.00480456 0.00413792 0.00512487 0.00352335 0.00356725 0.00984284 0.00339644 0.00335777 0.00331989 0.00327923 0.00313779 0.0030432 0.00268434 0.00241629
threshold=0.6078576107927941 -0.0042322735487075316 -0.0033165641392850494 0.78656609248549303 0.0065472605925278602 -0.017903348744755129 -0.78656609248549325 0.60355339059327384 0.81174490092936691 -0.0076676503142165111 0.00089716261124661589 0.0054692200059058846 11.361852138077285 1.13156728887566 -0.62314098972855858
decision_type=2 2 2 2 2 2 2 2 2 2 2 2 2 2 2
left_child=1 7 3 -3 5 6 -2 14 -9 -7 13 -12 -4 -6 -1
right_child=4 2 12 -5 10 9 -8 8 -10 -11 11 -13 -14 -15 -16
leaf_value=0.00056355093370853736 -0.00049647905184043231 0.00027515286665794519 0.00010336644459440633 -0.00016836149237547252 -0.0001006255006376612 7.1999882646999231e-05 -1.1022292484326412e-05 0.00024867143157652187 -0.00048645712295928022 -2.8462556915004875e-05 -0.00037613861518228986 0.00028963362739298828 -4.2921347889121083e-06 0.00040292575525119621 0.00017869840280514967
leaf_weight=210 384 775 1921 232 633 3215 1129 96 75 7624 500 53 29764 81 243
leaf_count=210 384 775 1921 232 633 3215 1129 96 75 7624 500 53 29764 81 243
internal_value=5.00048e-08 1.18572e-05 7.50175e-06 0.00017289 -2.88321e-05 -1.53153e-05 -0.000134541 0.000239569 -7.49422e-05 1.34081e-06 -0.000160462 -0.000311818 2.2388e-06 -4.28922e-05 0.000358172
internal_weight=46935 33316 32692 1007 13619 12352 1513 624 171 10839 1267 553 31685 714 453
internal_count=46935 33316 32692 1007 13619 12352 1513 624 171 10839 1267 553 31685 714 453
is_linear=0
shrinkage=0.0829277


Tree=21
num_leaves=16
num_cat=0
split_feature=1 16 14 14 12 7 9 16 13 2 16 15 14 16 1
split_gain=0.00210181 0.00316802 0.00332125 0.00295988 0.00356564 0.0025058 0.002502 0.00575116 0.00596744 0.00584833 0.00565871 0.00616268 0.0042358 0.00212724 0.0020233
threshold=-0.014524189286544918 1.0000000180025095e-35 0.25881904510252057 0.25881904510252057 0.0042482022854915995 10.259503074409908 -0.0077101645531637555 -0.22252093395631442 0.37940952255126054 0.042105607672093488 1.0000000180025095e-35 -1.0000000180025095e-35 0.91597561503675351 0.81174490092936691 -0.017316488109262559
decision_type=2 2 2 2 2 2 2 2 2 2 2 2 2 2 2
left_child=1 3 14 5 -5 -1 10 9 -9 -8 12 -12 -2 -4 -3
right_child=6 2 13 4 -6 -7 7 8 -10 -11 11 -13 -14 -15 -16
leaf_value=0.00011905421956413845 -5.0203987246768853e-05 0.00080803125701620234 0.00032186799105845447 1.2576394991597649e-06 0.00079383653552286858 -0.00042875991240160546 4.5553773060102345e-05 -5.5733203739468476e-05 3.8139467394549891e-05 0.00082071098564288241 0.0002088054108951526 -1.7231490639859736e-05 -0.00021787163552142657 -0.00032982187391056571 0.00025855601006190428
leaf_weight=96 6578 101 73 133 54 140 14316 12160 7546 66 1122 3171 1229 63 87
leaf_count=96 6578 101 73 133 54 140 14316 12160 7546 66 1122 3171 1229 63 87
internal_value=4.68803e-08 0.000137921 0.000332515 -1.167e-05 0.0002339 -0.000206465 -2.18662e-06 9.31275e-06 -1.97864e-05 4.91824e-05 -3.45802e-05 4.18881e-05 -7.66296e-05 1.972e-05 0.000557157
internal_weight=46935 747 324 423 187 236 46188 34088 19706 14382 12100 4293 7807 136 188
internal_count=46935 747 324 423 187 236 46188 34088 19706 14382 12100 4293 7807 136 188
is_linear=0
shrinkage=0.0829277


Tree=22
num_leaves=15
num_cat=0
split_feature=12 17 13 6 7 13 12 15 8 10 15 12 8 15
split_gain=0.00192079 0.0050985 0.00305799 0.00534043 0.00280209 0.00251371 0.0024832 0.00904809 0.00455504 0.00429719 0.00238225 0.00322582 0.00279552 0.00140541
threshold=0.0047095442333157005 0.03153514947061957 -0.78656609248549292 19.31345377172547 32.776819320381442 -0.9159756150367534 0.0020443210713852133 0.6078576107927941 28.118736517589852 -0.0026922576820854745 0.6078576107927941 0.0014670753603947299 32.676735891388198 -1.0000000180025095e-35
decision_type=2 2 2 2 2 2 2 2 2 2 2 2 2 2
left_child=6 2 13 -4 5 -3 10 9 -9 -8 12 -12 -1 -2
right_child=1 4 3 -5 -6 -7 7 8 -10 -11 11 -13 -14 -15
leaf_value=8.8379010787703981e-06 -0.00036465814452557138 -0.00027920251285017665 0.00078984638348496337 0.00017621358808315833 -0.00051958334303068849 7.4172060148961381e-05 0.00016332636032368816 -0.0001247293461745666 4.0131105073482798e-05 1.7537331986070329e-06 0.00016000436525809121 2.2212572874808348e-05 -0.00014982492810313933 0.00013188761268807564
leaf_weight=15499 49 168 153 268 73 759 1227 6379 1406 14446 1676 3853 802 177
leaf_count=15499 49 168 153 268 73 759 1227 6379 1406 14446 1676 3853 802 177
internal_value=4.81305e-08 8.79837e-05 0.000269136 0.000400906 -2.9411e-05 9.8383e-06 -3.15217e-06 -2.18841e-05 -9.49531e-05 1.4415e-05 1.69768e-05 6.40082e-05 1.02079e-06 2.28068e-05
internal_weight=46935 1647 647 421 1000 927 45288 23458 7785 15673 21830 5529 16301 226
internal_count=46935 1647 647 421 1000 927 45288 23458 7785 15673 21830 5529 16301 226
is_linear=0
shrinkage=0.0829277


Tree=23
num_leaves=10
num_cat=0
split_feature=7 1 12 16 5 8 17 8 17
split_gain=0.00186694 0.0026804 0.00335655 0.00372699 0.00219277 0.00205545 0.00200286 0.00184612 0.000909092
threshold=41.676323483473794 0.0085958095101506 0.0050829067880870044 -0.22252093395631442 0.00056904530991155227 22.270314284636829 2.4245998962968236 12.092651831228466 1.9345239415048894
decision_type=2 2 2 2 2 2 2 2 2
left_child=1 2 4 -4 -1 7 8 -3 -2
right_child=6 5 3 -5 -6 -7 -8 -9 -10
leaf_value=1.6251006952463715e-07 0.00028122811997696864 2.9491778607476842e-05 -5.1360634799555099e-06 0.00037532024714199497 0.00026190700115989518 0.00046451117803110838 0.00057468043856708179 -0.000116074917474574 -0.00020211737002105601
leaf_weight=42514 49 790 357 350 220 47 79 2473 56
leaf_count=42514 49 790 357 350 220 47 79 2473 56
internal_value=4.4435e-08 -9.96633e-07 4.48529e-06 0.000183538 1.51767e-06 -7.2917e-05 0.000262782 -8.08339e-05 2.4092e-05
internal_weight=46935 46751 43441 707 42734 3310 184 3263 105
internal_count=46935 46751 43441 707 42734 3310 184 3263 105
is_linear=0
shrinkage=0.0829277


Tree=24
num_leaves=16
num_cat=0
split_feature=6 14 9 15 13 2 9 2 15 9 2 14 6 14 13
split_gain=0.00178765 0.00602938 0.0118604 0.00817069 0.00573783 0.00749061 0.00361909 0.00361762 0.00323327 0.00472849 0.00453851 0.00397955 0.00620855 0.00382948 0.00353707
threshold=16.433311512837676 -0.3794095225512602 0.01572405352254003 -1.0000000180025095e-35 -0.60355339059327362 -0.036857351358847538 -0.02083452043936795 0.008835917044121901 -1.0000000180025095e-35 0.033751752677517739 -0.032539236013238375 0.78656609248549303 30.098832205049593 -0.9159756150367534 -0.60355339059327362
decision_type=2 2 2 2 2 2 2 2 2 2 2 2 2 2 2
left_child=1 2 3 -1 6 -6 -3 -4 9 10 -2 13 -13 -10 -11
right_child=8 4 7 -5 5 -7 -8 -9 11 14 -12 12 -14 -15 -16
leaf_value=-7.424944243754217e-05 -0.00026550575408609427 0.00026253940313434134 9.5306052445948529e-05 0.00017303246022715531 0.00096661784713821365 2.1383248187856817e-05 -0.00014923024115028459 0.00069057233334674515 -0.00010286936167874611 -0.00091544394223258519 3.3358714263829107e-05 -6.2946080174893461e-05 -0.00035681195583801601 6.1490773277227128e-06 -0.00016866334867357005
leaf_weight=1645 357 156 93 2079 57 5616 2229 291 2665 55 14204 3602 572 13116 198
leaf_count=1645 357 156 93 2079 57 5616 2229 291 2665 55 14204 3602 572 13116 198
internal_value=4.44429e-08 2.74027e-05 0.00010915 6.38123e-05 -1.42827e-05 3.10923e-05 -0.000122173 0.000547188 -9.52908e-06 1.98203e-05 2.6009e-05 -3.13171e-05 -0.000103312 -1.2268e-05 -0.000334726
internal_weight=46935 12166 4108 3724 8058 5673 2385 384 34769 14814 14561 19955 4174 15781 253
internal_count=46935 12166 4108 3724 8058 5673 2385 384 34769 14814 14561 19955 4174 15781 253
is_linear=0
shrinkage=0.0829277


Tree=25
num_leaves=16
num_cat=0
split_feature=1 15 14 14 2 16 15 9 2 16 9 2 9 16 16
split_gain=0.00190889 0.00436665 0.00662213 0.00476294 0.00595984 0.00365688 0.00360974 0.00281193 0.00245549 0.00582692 0.00492042 0.00351314 0.00261174 0.00337307 0.002718
threshold=-0.0085631430192669149 1.0000000180025095e-35 -0.78656609248549325 -0.70710678118654757 -0.0034230919853083792 1.0000000180025095e-35 -0.60785761079279388 -0.038874260358230377 -0.023062433379397392 1.0000000180025095e-35 -0.018205323264874947 -0.027827076245078682 -0.02083452043936795 -0.22252093395631442 1.0000000180025095e-35
decision_type=2 2 2 2 2 2 2 2 2 2 2 2 2 2 2
left_child=1 2 6 5 -5 -3 -1 -4 9 10 -2 -11 13 -10 -14
right_child=8 3 7 4 -6 -7 -8 -9 12 11 -12 -13 14 -15 -16
leaf_value=-2.4774403227481678e-05 -2.6382969843558787e-05 -0.00037863292258856436 -0.00057940015607794288 5.456955193582912e-06 0.00063574570100708003 5.0254882854343238e-05 0.00057784495020974139 8.6286547666401399e-05 -0.00035803499902750853 0.00078905423851675352 -0.0003063114878063187 8.5752482246355399e-05 2.1197249561966735e-05 2.2864423779114573e-05 -2.1938956499046121e-05
leaf_weight=87 1009 376 44 1159 112 214 316 1229 317 68 754 167 22819 321 17943
leaf_count=87 1009 376 44 1159 112 214 316 1229 317 68 754 167 22819 321 17943
internal_value=4.10953e-08 5.86112e-05 0.000155653 -2.88296e-05 6.15705e-05 -0.000223292 0.000448075 6.27293e-05 -4.73399e-06 -9.44962e-05 -0.000146236 0.000292374 -3.99231e-07 -0.000166721 2.20903e-06
internal_weight=46935 3537 1676 1861 1271 590 403 1273 43398 1998 1763 235 41400 638 40762
internal_count=46935 3537 1676 1861 1271 590 403 1273 43398 1998 1763 235 41400 638 40762
is_linear=0
shrinkage=0.0829277


Tree=26
num_leaves=14
num_cat=0
split_feature=6 14 12 14 17 9 14 2 12 9 12 15 15
split_gain=0.00160199 0.00529294 0.00573081 0.00278203 0.00190564 0.00506888 0.00672503 0.00443543 0.00306653 0.00295111 0.0018846 0.00147224 0.0014686
threshold=11.361852138077285 -0.5 0.0047974374696146379 0.78656609248549303 0.43768237858124664 0.018610203176584132 -0.60355339059327384 0.042105607672093488 0.0052441799398966283 0.036913108864143236 0.0022184416623189616 -1.0000000180025095e-35 -1.0000000180025095e-35
decision_type=2 2 2 2 2 2 2 2 2 2 2 2 2
left_child=1 2 12 11 5 8 -7 9 -2 -6 -5 -3 -1
right_child=4 3 -4 10 7 6 -8 -9 -10 -11 -12 -13 -14
leaf_value=6.3412908355926889e-05 -2.7299962290595001e-06 3.4308189927170844e-05 0.0011031565191210538 4.6410615719637119e-05 -2.6819462323055221e-05 0.00043542156234024947 5.2612034604733159e-05 0.00064969728943704505 0.00026158879297429516 -0.00041310447593340658 0.0003655258370143476 -0.00015393940455326905 0.00031342763514178343
leaf_weight=317 27058 456 50 515 15094 420 1260 65 304 136 168 762 330
leaf_count=317 27058 456 50 515 15094 420 1260 65 304 136 168 762 330
internal_value=3.89721e-08 6.33144e-05 0.000258572 -8.39949e-06 -3.67042e-06 8.8062e-06 0.000148568 -2.73598e-05 2.18486e-07 -3.03027e-05 0.000125432 -8.34989e-05 0.000191293
internal_weight=46935 2598 697 1901 44337 29042 1680 15295 27362 15230 683 1218 647
internal_count=46935 2598 697 1901 44337 29042 1680 15295 27362 15230 683 1218 647
is_linear=0
shrinkage=0.0829277


Tree=27
num_leaves=10
num_cat=0
split_feature=7 17 12 8 6 6 2 8 14
split_gain=0.00158533 0.00170976 0.00161454 0.00572609 0.00323988 0.00278979 0.00214604 0.00166238 0.00121684
threshold=41.676323483473794 2.4245998962968236 0.0020443210713852133 31.195549675386477 18.201122885279293 22.640743703803583 0.031195992281930821 33.433564531390708 -0.5
decision_type=2 2 2 2 2 2 2 2 2
left_child=2 8 6 4 -4 -5 7 -1 -2
right_child=1 -3 3 5 -6 -7 -8 -9 -10
leaf_value=1.9028866842798311e-05 0.00025926167014600672 0.00053032790721533566 1.4708977696399079e-05 0.00026136144090579109 -5.0319434261886241e-05 5.2055921203002242e-05 0.00058606637973379584 -9.9130946453746763e-05 -0.00030585438240317471
leaf_weight=20882 61 79 8194 640 14756 1384 44 851 44
leaf_count=20882 61 79 8194 640 14756 1384 44 851 44
internal_value=4.17964e-08 0.000242154 -9.17545e-07 -1.5308e-05 -2.71023e-05 0.000118361 1.55854e-05 1.43966e-05 2.16271e-05
internal_weight=46935 184 46751 24974 22950 2024 21777 21733 105
internal_count=46935 184 46751 24974 22950 2024 21777 21733 105
is_linear=0
shrinkage=0.0829277


Tree=28
num_leaves=16
num_cat=0
split_feature=1 16 9 16 15 1 16 2 3 2 9 8 17 8 6
split_gain=0.00151397 0.00243975 0.00197934 0.0047894 0.00584269 0.00436566 0.00448829 0.00404921 0.00371777 0.00184066 0.0034843 0.00177455 0.00253891 0.00106972 0.000898446
threshold=-0.014524189286544918 1.0000000180025095e-35 -0.0077101645531637555 -0.22252093395631442 -1.0000000180025095e-35 -0.007535112825939271 -0.22252093395631442 -0.0080896213802261179 0.23914607969488483 -0.016799191240994268 -0.021797117679420105 30.966458018955262 -1.376888387557879 28.495281313397552 26.309953769580616
decision_type=2 2 2 2 2 2 2 2 2 2 2 2 2 2 2
left_child=1 11 3 7 -5 8 -7 -2 -4 10 -3 13 -13 -1 -11
right_child=2 9 5 4 -6 6 -8 -9 -10 14 -12 12 -14 -15 -16
leaf_value=-3.8986860132107163e-05 -6.6745453737064968e-05 0.00016392946447926177 0.00013439076100727352 0.00018767479496547656 -1.9017070144511172e-05 3.9240880827411813e-05 -2.2341091870434103e-05 -0.00031386358273458796 0.00068766957516150785 -0.0001703420972832831 0.00087623672682720592 -3.644997703549647e-05 0.00053658566269545083 -0.00054086789787752526 0.00026874247744696362
leaf_weight=59 4694 121 688 1122 5780 14150 19156 504 94 66 77 240 67 57 60
leaf_count=59 4694 121 688 1122 5780 14150 19156 504 94 66 77 240 67 57 60
internal_value=4.11443e-08 0.000117057 -1.85446e-06 -3.06666e-05 1.46109e-05 8.37353e-06 3.82237e-06 -9.07762e-05 0.000201893 0.000287826 0.000444715 -1.4207e-05 9.02813e-05 -0.000288757 3.93263e-05
internal_weight=46935 747 46188 12100 6902 34088 33306 5198 782 324 198 423 307 116 126
internal_count=46935 747 46188 12100 6902 34088 33306 5198 782 324 198 423 307 116 126
is_linear=0
shrinkage=0.0829277


Tree=29
num_leaves=11
num_cat=0
split_feature=7 1 13 7 9 6 12 9 13 18
split_gain=0.00133942 0.00207994 0.00383213 0.00324744 0.00241774 0.00616221 0.00277571 0.00233456 0.00171338 0.00191076
threshold=41.676323483473794 0.0107030091527921 1.0000000180025095e-35 22.727220684995192 0.019042018064418968 27.23200566289329 0.0047095442333157005 0.041003569956923121 0.25881904510252091 0.00072561324244946334
decision_type=2 2 2 2 2 2 2 2 2 2
left_child=1 4 7 -4 6 -6 -1 -3 9 -2
right_child=8 2 3 -5 5 -7 -8 -9 -10 -11
leaf_value=-5.4249156188714589e-06 0.00046298432980160269 -0.00016745272700223059 0.00071208138799227127 4.5225213484269413e-06 0.00016087529749459837 -0.00016383045896461171 0.00011898227448599927 -0.00077761849994452078 0.0006145489448104969 -0.00018466282031660039
leaf_weight=41352 49 976 46 797 1745 521 1270 44 53 82
leaf_count=41352 49 976 46 797 1745 521 1270 44 53 82
internal_value=4.14665e-08 -8.40337e-07 -8.66698e-05 4.41336e-05 2.72417e-06 8.6169e-05 -1.71456e-06 -0.000194697 0.000222585 5.96731e-05
internal_weight=46935 46751 1863 843 44888 2266 42622 1020 184 131
internal_count=46935 46751 1863 843 44888 2266 42622 1020 184 131
is_linear=0
shrinkage=0.0829277


Tree=30
num_leaves=15
num_cat=0
split_feature=11 15 13 10 15 4 11 10 21 10 10 19 5 11
split_gain=0.00149369 0.00231857 0.00223938 0.00223139 0.00229381 0.00202465 0.00193478 0.00174651 0.00327498 0.00259448 0.00256297 0.00221445 0.00221206 0.00220542
threshold=-0.0042042185125812362 -1.0000000180025095e-35 1.0000000180025095e-35 -0.0010219953025900617 0.87837969732492682 0.99016916580779479 -0.0053756478188513581 0.0030103818038423884 1.5395694490363565 0.0062992673216542014 0.0021503489194362184 0.0036082087562903102 0.00044716681451668975 0.0030084410283277578
decision_type=2 2 2 2 2 2 2 2 2 2 2 2 2 2
left_child=1 2 5 4 -3 -1 -5 10 11 -10 13 -9 -12 -2
right_child=7 3 -4 6 -6 -7 -8 8 9 -11 12 -13 -14 -15
leaf_value=0.00022407676718507813 1.6494068473891466e-06 -1.0466531742461767e-05 -1.2292584287494942e-05 -7.884935850153143e-05 -0.00064037117120684139 0.00085748518620557392 0.00023778400264233763 -0.00010133943277512719 2.087413070729601e-05 0.00050939059637545453 7.9705266723324928e-05 -0.00044070940329885965 0.00048428822483427932 -9.0936711815231281e-05
leaf_weight=72 40431 117 80 218 59 68 336 1497 395 91 1480 144 98 1849
leaf_count=72 40431 117 80 218 59 68 336 1497 395 91 1480 144 98 1849
internal_value=3.97453e-08 0.000102897 0.000338074 3.15621e-05 -0.00022467 0.000536621 0.00011329 -2.0879e-06 -7.54521e-05 0.000113423 1.47211e-06 -0.000131434 0.000105197 -2.40215e-06
internal_weight=46935 950 220 730 176 140 554 45985 2127 486 43858 1641 1578 42280
internal_count=46935 950 220 730 176 140 554 45985 2127 486 43858 1641 1578 42280
is_linear=0
shrinkage=0.0829277


Tree=31
num_leaves=10
num_cat=0
split_feature=8 2 9 12 2 13 1 9 13
split_gain=0.00133408 0.00878114 0.00353924 0.00392144 0.00338563 0.00211282 0.00183392 0.00278572 0.00174558
threshold=11.249220308900714 0.036398092252750598 0.031858812212086203 0.0024538130126220618 0.042105607672093488 1.0000000180025095e-35 0.011886892257731098 0.019042018064418968 1.0000000180025095e-35
decision_type=2 2 2 2 2 2 2 2 2
left_child=1 2 3 -1 6 -6 7 -2 -8
right_child=4 -3 -4 -5 5 -7 8 -9 -10
leaf_value=-2.3713042896776708e-05 -3.5720439030462683e-06 0.00094893232325940328 -0.00063292931361060467 0.00028671666493183828 -0.00073839703847932889 -0.00010271158137680804 -0.00020128495471236053 9.0824866132005957e-05 1.4889520004743395e-05
leaf_weight=1100 41876 74 52 374 67 77 604 2265 446
leaf_count=1100 41876 74 52 374 67 77 604 2265 446
internal_value=3.87547e-08 7.44302e-05 3.1278e-05 5.52289e-05 -2.58869e-06 -0.000402311 -1.30384e-06 1.27415e-06 -0.000109553
internal_weight=46935 1600 1526 1474 45335 144 45191 44141 1050
internal_count=46935 1600 1526 1474 45335 144 45191 44141 1050
is_linear=0
shrinkage=0.0829277


Tree=32
num_leaves=16
num_cat=0
split_feature=12 15 14 16 16 8 14 10 15 12 9 6 13 8 16
split_gain=0.00135965 0.00644252 0.00666701 0.0168604 0.00611625 0.00449446 0.00352931 0.00249789 0.00225844 0.00268642 0.00236312 0.00438216 0.00225976 0.00159798 0.00156845
threshold=0.0020443210713852133 0.6078576107927941 0.60355339059327384 0.81174490092936691 0.81174490092936691 19.430275331950096 -0.9159756150367534 0.0062992673216542014 0.6078576107927941 0.0014791330867024511 0.0032872889927636488 26.202997194864604 0.12940952255126045 11.924592941797501 1.0000000180025095e-35
decision_type=2 2 2 2 2 2 2 2 2 2 2 2 2 2 2
left_child=8 2 4 -4 -2 7 -7 -3 10 12 11 -1 -10 -11 -12
right_child=1 5 3 -5 -6 6 -8 -9 9 13 14 -13 -14 -15 -16
leaf_value=-6.4903119880030733e-05 1.1648277315797856e-05 -0.00018184721024443171 2.7771574517787262e-05 -0.00031522670686343291 0.00014224108477246109 -0.00023074916510500813 -1.2434707932996085e-05 0.00041552026521706484 0.00027004121305920645 0.00037913736172820521 6.9279206575591009e-05 5.8857822666612196e-05 7.3647622787222951e-05 1.3909662175723716e-05 -1.0658201866207156e-05
leaf_weight=6528 8538 2337 3663 1347 3467 564 5141 48 641 83 4080 2815 1085 3720 2878
leaf_count=6528 8538 2337 3663 1347 3467 564 5141 48 641 83 4080 2815 1085 3720 2878
internal_value=3.47355e-08 -1.31266e-05 1.58409e-05 -6.45034e-05 4.9374e-05 -7.40447e-05 -3.40636e-05 -0.000169612 1.51705e-05 6.09635e-05 -3.65044e-07 -2.76116e-05 0.000146728 2.20033e-05 3.6219e-05
internal_weight=46935 25105 17015 5010 12005 8090 5705 2385 21830 5529 16301 9343 1726 3803 6958
internal_count=46935 25105 17015 5010 12005 8090 5705 2385 21830 5529 16301 9343 1726 3803 6958
is_linear=0
shrinkage=0.0829277


Tree=33
num_leaves=15
num_cat=0
split_feature=1 9 14 6 3 15 15 12 15 8 8 13 6 13
split_gain=0.001302 0.00338613 0.0030996 0.00266424 0.00239499 0.00229895 0.00228189 0.00201688 0.0046975 0.00410241 0.00314804 0.00138134 0.00436759 0.00241
threshold=-0.0085631430192669149 -0.010383062831147592 0.91597561503675351 20.697409742967317 0.22403513249945928 -1.0000000180025095e-35 1.0000000180025095e-35 0.0020723346350256622 0.6078576107927941 11.249220308900714 19.430275331950096 -0.5 27.551912644824146 0.12940952255126045
decision_type=2 2 2 2 2 2 2 2 2 2 2 2 2 2
left_child=1 2 6 -4 5 -3 -1 11 9 -9 -10 12 -2 -13
right_child=7 4 3 -5 -6 -7 -8 8 10 -11 -12 13 -14 -15
leaf_value=0.00012593817355303417 -6.4575520729427295e-05 0.00033689216928761955 0.00029658244583946066 -0.00034865586256704743 0.00062123888131155193 1.9195173838733192e-05 -3.3322896521355855e-05 0.00022161781783848833 -0.00015728362212766471 -4.6220822578401335e-06 -3.7991051703273013e-05 7.4755226899011703e-05 0.00010215385633577833 5.0907834414160795e-06
leaf_weight=1117 4178 269 52 258 84 373 1384 572 2332 14318 4375 4899 1456 11268
leaf_count=1117 4178 269 52 258 84 373 1384 572 2332 14318 4375 4899 1456 11268
internal_value=3.32918e-08 4.84051e-05 7.1377e-06 -0.00023966 0.000207899 0.00015271 3.78336e-05 -3.91035e-06 -2.18714e-05 4.0868e-06 -7.94904e-05 1.38828e-05 -2.14742e-05 2.62051e-05
internal_weight=46935 3537 2811 310 726 642 2501 43398 21597 14890 6707 21801 5634 16167
internal_count=46935 3537 2811 310 726 642 2501 43398 21597 14890 6707 21801 5634 16167
is_linear=0
shrinkage=0.0829277


Tree=34
num_leaves=12
num_cat=0
split_feature=11 15 10 14 10 18 10 11 9 11 8
split_gain=0.00125385 0.00184984 0.00258699 0.00296001 0.00228685 0.00148192 0.00157533 0.00368924 0.00160256 0.00113222 0.000320488
threshold=-0.0042042185125812362 -0.60785761079279388 -0.0021620732478097589 -0.78656609248549325 -0.0029950269699258176 -0.0066236506109924034 -0.0019849613932728101 -0.00079091508657197485 -0.0077101645531637555 -0.0019315314202646425 30.353000147794969
decision_type=2 2 2 2 2 2 2 2 2 2 2
left_child=1 -1 4 -4 -3 9 7 -7 -8 10 -2
right_child=5 2 3 -5 -6 6 8 -9 -10 -11 -12
leaf_value=0.00052764992139399077 -0.00018092757226502169 -1.8865035493557661e-05 0.00038625561721642289 2.0837800398338672e-05 -0.00069922623488521117 0.00014975533328839079 -3.4097266478808958e-05 -6.8078659438427684e-06 3.478388662077873e-06 -0.00054393066239404844 7.9270068405606868e-05
leaf_weight=62 111 101 214 523 50 1540 10476 3151 30608 54 45
leaf_count=62 111 101 214 523 50 1540 10476 3151 30608 54 45
internal_value=3.30987e-08 9.42716e-05 6.33105e-05 0.00012742 -0.000248061 -1.91626e-06 -9.04901e-07 4.46161e-05 -6.10374e-06 -0.00022105 -0.000105831
internal_weight=46935 950 888 737 151 45985 45775 4691 41084 210 156
internal_count=46935 950 888 737 151 45985 45775 4691 41084 210 156
is_linear=0
shrinkage=0.0829277


Tree=35
num_leaves=16
num_cat=0
split_feature=6 13 12 9 14 16 17 15 15 2 12 14 2 14 17
split_gain=0.00123649 0.00440646 0.00492624 0.00524858 0.00430595 0.00569741 0.00406184 0.00390521 0.00204789 0.00602085 0.00974436 0.00869834 0.00370995 0.00418167 0.00254271
threshold=16.433311512837676 -0.70710678118654735 0.0047095442333157005 0.01572405352254003 -0.12940952255126037 0.81174490092936691 0.79293221435255445 -1.0000000180025095e-35 -0.60785761079279388 0.0099136461541711202 0.00324261524030797 -0.78656609248549325 0.026416567340894263 0.1294095225512602 -1.5672221271160989
decision_type=2 2 2 2 2 2 2 2 2 2 2 2 2 2 2
left_child=1 4 3 -3 7 -6 -4 -1 9 10 -2 -11 14 -14 -10
right_child=8 2 6 -5 5 -7 -8 -9 12 11 -12 -13 13 -15 -16
leaf_value=-0.00015472746185591501 3.0813538188232401e-05 2.1666895131453114e-05 0.00059923292246513574 0.00026124649129391459 -9.0040310419178438e-05 -0.00058780348033261691 -0.00012094107059465739 0.00024041063271044573 7.3785065364680817e-05 0.0002423276777475278 0.00040002359589717687 -0.00020511585364926701 0.00034671860341888537 -4.2989745168141796e-05 -3.3427597490975387e-05
leaf_weight=266 7469 8478 193 678 1823 172 74 482 1630 376 525 1437 394 363 22575
leaf_count=266 7469 8478 193 678 1823 172 74 482 1630 376 525 1437 394 363 22575
internal_value=2.96505e-08 2.27829e-05 4.97095e-05 3.94412e-05 -6.9698e-05 -0.000133298 0.000399998 9.98685e-05 -7.93243e-06 2.41746e-05 5.51202e-05 -0.000112216 -2.05472e-05 0.000160081 -2.62043e-05
internal_weight=46935 12166 9423 9156 2743 1995 267 748 34769 9807 7994 1813 24962 757 24205
internal_count=46935 12166 9423 9156 2743 1995 267 748 34769 9807 7994 1813 24962 757 24205
is_linear=0
shrinkage=0.0829277


Tree=36
num_leaves=16
num_cat=0
split_feature=1 16 7 0 2 9 2 16 6 15 9 16 16 10 6
split_gain=0.00113629 0.00195815 0.0019207 0.00156642 0.00156146 0.00267013 0.00153228 0.00588229 0.00424506 0.0033324 0.00185689 0.00333882 0.00194979 0.00121724 0.000760609
threshold=-0.014524189286544918 1.0000000180025095e-35 14.146711577662208 34.082803529505718 -0.016799191240994268 -0.020362135717327142 -0.021784754067169562 1.0000000180025095e-35 29.721904827780865 -1.0000000180025095e-35 -0.019406462354701778 -0.22252093395631442 1.0000000180025095e-35 -0.00041443766203291815 26.309953769580616
decision_type=2 2 2 2 2 2 2 2 2 2 2 2 2 2 2
left_child=1 2 13 -4 5 -3 7 8 -2 -9 11 -8 -12 -1 -6
right_child=6 4 3 -5 14 -7 10 9 -10 -11 12 -13 -14 -15 -16
leaf_value=-5.0100566074960078e-05 -0.00014707792823847262 0.0002040396130456318 -0.00068446803966353215 -7.9584473991233119e-07 -0.00016716853379525771 0.00087766050455693112 -0.00025004765852650285 0.00050647631253181342 0.00016005057206042102 6.0567593078375254e-05 2.1689900656632403e-05 2.9290791337779551e-05 -1.4347763708524353e-05 0.00027445930325333494 0.00023680217766277009
leaf_weight=203 2365 142 46 45 66 56 546 159 355 412 22948 636 18767 129 60
leaf_count=203 2365 142 46 45 66 56 546 159 355 412 22948 636 18767 129 60
internal_value=2.93678e-08 0.000101404 -1.61827e-05 -0.000351006 0.000254394 0.000398889 -1.61286e-06 -5.6134e-05 -0.000106937 0.000185574 2.57142e-06 -9.98712e-05 5.47709e-06 7.6564e-05 2.56289e-05
internal_weight=46935 747 423 91 324 198 46188 3291 2720 571 42897 1182 41715 332 126
internal_count=46935 747 423 91 324 198 46188 3291 2720 571 42897 1182 41715 332 126
is_linear=0
shrinkage=0.0829277


Tree=37
num_leaves=16
num_cat=0
split_feature=1 13 9 9 7 6 2 14 6 10 14 15 5 21 14
split_gain=0.00115652 0.00387367 0.00321416 0.00313191 0.00507784 0.0034938 0.00307503 0.00978 0.00267122 0.00194323 0.00181713 0.0157773 0.00175965 0.00164432 0.00103446
threshold=0.0081523920427573077 -0.25881904510252113 0.022315945533788576 0.022315945533788576 16.792726158339985 25.902919145551323 0.033225435828668888 -0.5 26.507920854300345 0.0015252234783122989 -0.9159756150367534 -0.8783796973249266 0.00032794800446151639 1.2616579491913571 -0.3794095225512602
decision_type=2 2 2 2 2 2 2 2 2 2 2 2 2 2 2
left_child=3 2 9 10 14 -6 8 -8 -3 -2 11 -1 -12 -4 -5
right_child=1 6 13 4 5 -7 7 -9 -10 -11 12 -13 -14 -15 -16
leaf_value=0.00032586679072811467 1.6377206613903255e-05 -7.968782290757689e-05 -0.00020882686634174783 -6.7510475875294813e-05 0.00030716526049589978 -0.00010545963798286835 0.0010574362409786103 -0.00013853828706918337 0.00012425856889858387 -0.00021125614268064028 3.7233995031017081e-06 -9.692153043086838e-05 0.00010155643318104927 -0.000526967902187786 -0.00058996679247860665
leaf_weight=693 829 1107 442 44 670 178 78 115 733 373 35320 4829 1310 150 64
leaf_count=693 829 1107 442 44 670 178 78 115 733 373 35320 4829 1310 150 64
internal_value=2.92765e-08 -4.36526e-05 -0.000132425 3.9084e-06 0.000152233 0.000220524 3.47168e-05 0.000348511 1.58699e-06 -5.44069e-05 5.39963e-07 -4.38003e-05 7.22559e-06 -0.000290382 -0.000380342
internal_weight=46935 3827 1794 43108 956 848 2033 193 1840 1202 42152 5522 36630 592 108
internal_count=46935 3827 1794 43108 956 848 2033 193 1840 1202 42152 5522 36630 592 108
is_linear=0
shrinkage=0.0829277


Tree=38
num_leaves=15
num_cat=0
split_feature=1 9 2 14 8 3 12 15 12 20 8 16 2 3
split_gain=0.00107695 0.00292024 0.00550568 0.00281435 0.00215703 0.00211077 0.00144095 0.00377493 0.00387476 0.00311751 0.00178339 0.00164523 0.00151699 0.000980333
threshold=-0.010042434423880807 -0.011536282262709361 -0.016154899177604039 0.91597561503675351 30.966458018955262 0.19582991045395229 0.0020723346350256622 0.6078576107927941 0.0023940678507556163 0.32787492681256947 33.433564531390708 -0.22252093395631442 0.031195992281930821 0.19582991045395229
decision_type=2 2 2 2 2 2 2 2 2 2 2 2 2 2
left_child=1 3 -3 4 -1 -5 10 8 -8 -9 12 -12 -2 -4
right_child=6 2 13 5 -6 -7 7 9 -10 -11 11 -13 -14 -15
leaf_value=-5.4537827853589869e-05 1.5438923024168183e-05 0.0010387516358411272 8.5190933735541742e-05 -0.00011876536693057236 0.00012937430907918808 -0.00071177313830663965 -7.1610935706476156e-05 6.8654592285358071e-05 2.7750887935143998e-05 -9.0472313973945107e-05 -0.0002610716713447988 -8.1258717595442561e-06 0.00049608861975118017 0.00047553285637382453
leaf_weight=800 21330 52 331 166 968 54 3488 984 11916 6030 307 415 44 50
leaf_count=800 21330 52 331 166 968 54 3488 984 11916 6030 307 415 44 50
internal_value=2.66468e-08 5.38761e-05 0.000248698 1.1312e-05 4.61759e-05 -0.000267536 -2.9035e-06 -1.77157e-05 5.24786e-06 -6.81398e-05 1.21247e-05 -0.000115948 1.64575e-05 0.000137812
internal_weight=46935 2421 433 1988 1768 220 44514 22418 15404 7014 22096 722 21374 381
internal_count=46935 2421 433 1988 1768 220 44514 22418 15404 7014 22096 722 21374 381
is_linear=0
shrinkage=0.0829277


Tree=39
num_leaves=15
num_cat=0
split_feature=6 14 15 15 15 14 16 2 17 9 6 13 2 11
split_gain=0.000997466 0.00302249 0.00369213 0.00443254 0.00268585 0.0024454 0.0032 0.00198948 0.00126444 0.00331773 0.00724625 0.00421685 0.00293046 0.00260433
threshold=11.631114260477551 -0.5 -1.0000000180025095e-35 -0.8783796973249266 0.87837969732492682 0.91597561503675351 1.0000000180025095e-35 -0.0080896213802261179 0.43768237858124664 0.0098365454208717579 26.699632033829317 -1.0000000180025095e-35 0.042105607672093488 0.0062992673216542014
decision_type=2 2 2 2 2 2 2 2 2 2 2 2 2 2
left_child=1 2 3 -1 -4 7 -7 -3 9 11 -11 -2 13 -10
right_child=8 5 4 -5 -6 6 -8 -9 12 10 -12 -13 -14 -15
leaf_value=0.00017892255348934044 3.2381115613242653e-05 0.0001066843529947045 0.00047056671356318278 -0.00044199892488123332 -3.7311384032641112e-05 6.9559172118785793e-05 0.0006621019577649457 -0.00010419640557844694 -2.9221031160170998e-05 0.00012785900282263527 -0.00011284564880608295 -3.7320510807145424e-05 0.00052785378589336341 0.000247716846207455
leaf_weight=272 11012 406 319 110 92 437 72 1258 14888 3609 1128 13031 65 236
leaf_count=272 11012 406 319 110 92 437 72 1258 14888 3609 1128 13031 65 236
internal_value=2.66984e-08 4.65629e-05 0.000185001 -7.3571e-07 0.000357111 -4.03486e-06 0.0001548 -5.27014e-05 -3.11369e-06 7.10262e-06 7.05262e-05 -5.39622e-06 -2.24705e-05 -2.48794e-05
internal_weight=46935 2966 793 382 411 2173 509 1664 43969 28780 4737 24043 15189 15124
internal_count=46935 2966 793 382 411 2173 509 1664 43969 28780 4737 24043 15189 15124
is_linear=0
shrinkage=0.0829277


Tree=40
num_leaves=12
num_cat=0
split_feature=9 14 14 11 15 18 18 18 11 9 1
split_gain=0.00105106 0.00524003 0.00120094 0.000944817 0.00154369 0.003732 0.00165211 0.00136986 0.00107458 0.000950648 0.000507648
threshold=0.041003569956923121 -0.3794095225512602 0.78656609248549303 -0.0042042185125812362 -1.0000000180025095e-35 -0.0074129682320185899 -0.0088886490040696025 -0.0066236506109924034 -0.0019315314202646425 -0.0077101645531637555 0.0107030091527921
decision_type=2 2 2 2 2 2 2 2 2 2 2
left_child=3 -2 10 4 5 -1 -6 8 -5 -9 -3
right_child=1 2 -4 7 6 -7 -8 9 -10 -11 -12
leaf_value=0.00087213858976196469 0.00051873392248453761 -0.00042178795224307749 -0.00010728632603225653 -0.00010185995343623175 -0.00029394031166302386 7.9744338789415156e-05 7.3097218185498973e-05 -1.9645072036643942e-05 -0.00053450901723071302 7.3503208476486651e-06 -0.00083748186628168782
leaf_weight=53 50 45 44 156 96 167 634 12275 52 33318 45
leaf_count=53 50 45 44 156 96 167 634 12275 52 33318 45
internal_value=2.81682e-08 -0.00019711 -0.000466556 8.0934e-07 8.26108e-05 0.000274506 2.44066e-05 -8.89573e-07 -0.000212582 8.19917e-08 -0.0006383
internal_weight=46935 184 134 46751 950 220 730 45801 208 45593 90
internal_count=46935 184 134 46751 950 220 730 45801 208 45593 90
is_linear=0
shrinkage=0.0829277


Tree=41
num_leaves=16
num_cat=0
split_feature=10 15 18 15 18 17 8 12 8 14 14 15 8 12 18
split_gain=0.00102911 0.00360112 0.00281277 0.00328565 0.00206056 0.00147926 0.00140251 0.000990811 0.002738 0.00685093 0.00396772 0.00206385 0.00227355 0.00223718 0.000363114
threshold=-0.0042322735487075316 -1.0000000180025095e-35 0.0024297042493982572 0.6078576107927941 -0.001766004415011013 -0.44049293887716506 37.619234913637847 0.0020443210713852133 11.249220308900714 -0.78656609248549325 -0.9159756150367534 0.6078576107927941 32.676735891388198 0.0016440691470515527 0.00052877412942642376
decision_type=2 2 2 2 2 2 2 2 2 2 2 2 2 2 2
left_child=1 5 4 -4 -3 6 -1 11 9 -9 -10 12 -2 -13 -7
right_child=7 2 3 -5 -6 14 -8 8 10 -11 -12 13 -14 -15 -16
leaf_value=0.00070720963449921249 3.2208530670946852e-06 -0.00015004698640986013 6.3114497605574852e-06 -0.00085790311511030652 0.00017639392525081716 -6.8141281075765524e-05 0.0001442535089408185 0.0005326285693444049 -0.00011987177912889984 -2.3972865499932872e-05 -6.7216953764501875e-06 0.0001115652329900282 -0.00014276058984527407 5.2812159536952176e-06 0.00026486835202881227
leaf_weight=98 15451 198 70 52 399 44 45 218 2368 496 21216 2567 769 2900 44
leaf_count=98 15451 198 70 52 399 44 45 218 2368 496 21216 2567 769 2900 44
internal_value=2.4131e-08 8.54001e-05 -6.29143e-06 -0.000367016 6.80379e-05 0.000369292 0.000532857 -1.7419e-06 -1.32417e-05 0.000146605 -1.80886e-05 1.11424e-05 -3.71066e-06 5.52006e-05 9.97351e-05
internal_weight=46935 950 719 122 597 231 143 45985 24298 714 23584 21687 16220 5467 88
internal_count=46935 950 719 122 597 231 143 45985 24298 714 23584 21687 16220 5467 88
is_linear=0
shrinkage=0.0829277


Tree=42
num_leaves=16
num_cat=0
split_feature=1 10 18 14 3 15 3 12 8 14 14 5 15 15 9
split_gain=0.00102105 0.00276386 0.00320522 0.0019974 0.00235904 0.00180939 0.00180752 0.00134452 0.00314092 0.0057425 0.00371034 0.00117169 0.00117592 0.00113429 0.000665638
threshold=-0.0085631430192669149 0.0017903096886651151 -0.00090041563881382281 0.91597561503675351 0.23203534572895418 1.0000000180025095e-35 0.19582991045395229 0.0020831305712337663 11.249220308900714 -0.78656609248549325 -0.9159756150367534 0.00038494526602144471 0.6078576107927941 1.0000000180025095e-35 0.0053306590833226428
decision_type=2 2 2 2 2 2 2 2 2 2 2 2 2 2 2
left_child=1 3 13 4 -1 -4 -5 11 9 -9 -10 12 -2 -3 -13
right_child=7 2 5 6 -6 -7 -8 8 10 -11 -12 14 -14 -15 -16
leaf_value=1.3281913891724968e-05 1.1966026494776041e-06 0.00031910371471205023 0.0010698091807924987 -5.4955292832066238e-05 0.00021869632010756049 0.00032634209520836612 -0.00047401099095857699 0.00051473697989118296 -0.00013034441165142154 -3.7555609578815375e-06 -1.2463937158289815e-05 -0.00043610846876141195 4.5399338493718091e-05 -0.00010235110860117976 -5.9232619212218526e-05
leaf_weight=2417 16302 79 44 306 456 48 91 211 2035 477 18698 60 5546 96 69
leaf_count=2417 16302 79 44 306 456 48 91 211 2035 477 18698 60 5546 96 69
internal_value=2.3422e-08 4.28594e-05 0.00029876 2.1858e-05 4.59666e-05 0.00069153 -0.000152204 -3.46889e-06 -1.82531e-05 0.000155905 -2.40415e-05 1.09415e-05 1.24192e-05 8.88171e-05 -0.000237043
internal_weight=46935 3537 267 3270 2873 92 397 43398 21421 688 20733 21977 21848 175 129
internal_count=46935 3537 267 3270 2873 92 397 43398 21421 688 20733 21977 21848 175 129
is_linear=0
shrinkage=0.0829277


Tree=43
num_leaves=16
num_cat=0
split_feature=1 14 9 8 9 20 9 7 5 12 16 5 6 16 1
split_gain=0.000993569 0.00257741 0.00562809 0.0030964 0.00294626 0.00289423 0.00253885 0.00416592 0.00324395 0.00206186 0.00330248 0.0017783 0.00164896 0.00164113 0.00100401
threshold=0.0081523920427573077 -0.78656609248549325 0.024934643463235377 12.474190318549054 0.022315945533788576 1.069497091249165 0.022315945533788576 16.792726158339985 0.00021942521304378217 0.0050829067880870044 -0.22252093395631442 0.00063508124099372185 12.855068222326127 -0.56174490092936669 0.00093976289139063873
decision_type=2 2 2 2 2 2 2 2 2 2 2 2 2 2 2
left_child=6 2 5 -4 12 -2 9 14 -9 11 -11 -1 -3 -6 -8
right_child=1 4 3 -5 13 -7 7 8 -10 10 -12 -13 -14 -15 -16
leaf_value=-2.6395272771853808e-06 -0.00031627195359177539 0.00045952586413901812 0.00077697137139770924 0.00016794828810948566 -3.4674445713303519e-05 9.3949505250694992e-05 -0.00012694759700776164 0.00012729216307633066 0.00056673794109159418 -3.1826741260081158e-05 0.00033514434215245638 0.00033084956653110304 -3.081307901160978e-05 -0.00026930971897626114 -0.00063905283961727196
leaf_weight=41369 186 47 101 133 300 320 63 711 137 351 323 109 2091 649 45
leaf_count=41369 186 47 101 133 300 320 63 711 137 351 323 109 2091 649 45
internal_value=2.42156e-08 -4.04635e-05 9.84221e-05 0.000433562 -7.37832e-05 -5.72507e-05 3.61969e-06 0.000137165 0.000199021 5.86897e-07 0.000144331 -1.75315e-06 -1.97703e-05 -0.000195281 -0.000345221
internal_weight=46935 3827 740 234 3087 506 43108 956 848 42152 674 41478 2138 949 108
internal_count=46935 3827 740 234 3087 506 43108 956 848 42152 674 41478 2138 949 108
is_linear=0
shrinkage=0.0829277


Tree=44
num_leaves=11
num_cat=0
split_feature=9 14 2 16 14 13 1 9 9 13
split_gain=0.000966898 0.00377444 0.00169446 0.0106541 0.013321 0.0038697 0.00134258 0.00406365 0.00252194 0.00107189
threshold=0.041003569956923121 -0.3794095225512602 0.031195992281930821 1.0000000180025095e-35 -0.60355339059327384 0.12940952255126045 0.0062700685477796734 0.022315945533788576 0.028569330014502462 -0.37940952255126065
decision_type=2 2 2 2 2 2 2 2 2 2
left_child=2 -2 6 4 -4 -5 7 -1 -8 -3
right_child=1 9 3 5 -6 -7 8 -9 -10 -11
leaf_value=1.2816570371190649e-06 0.00041874639148589048 -0.00072761090489908563 0.0015963293025437746 -0.00053950324534651837 0.00021138335338978862 6.8181425532279528e-05 -2.4052598136730944e-05 0.00024100368454372379 -0.00024408200120014958 -0.00023664031450861014
leaf_weight=40166 50 48 58 137 249 150 5116 491 384 86
leaf_count=40166 50 48 58 137 249 150 5116 491 384 86
internal_value=2.53237e-08 -0.000189055 7.74569e-07 0.000139796 0.000478468 -0.00022298 -1.01824e-06 4.18406e-06 -3.9467e-05 -0.000417634
internal_weight=46935 184 46751 594 307 287 46157 40657 5500 134
internal_count=46935 184 46751 594 307 287 46157 40657 5500 134
is_linear=0
shrinkage=0.0829277


Tree=45
num_leaves=16
num_cat=0
split_feature=1 10 13 17 14 6 2 14 8 6 13 2 2 17 14
split_gain=0.00091293 0.00396172 0.00252342 0.00266288 0.00245988 0.00263006 0.00217578 0.00643195 0.00419451 0.00402312 0.00205582 0.00268191 0.00243946 0.00173404 0.00121527
threshold=-0.0052446344366858235 0.0017903096886651151 -0.5 -1.3492709955812197 -0.60355339059327384 17.602809811388394 -0.021784754067169562 -0.78656609248549325 24.135253944896103 26.309953769580616 -0.70710678118654735 -0.0078010291649411303 0.024025508174991276 -2.1963997989755319 0.25881904510252057
decision_type=2 2 2 2 2 2 2 2 2 2 2 2 2 2 2
left_child=1 2 13 -4 5 -3 7 9 -9 -2 11 -8 -12 -1 -6
right_child=6 4 3 -5 14 -7 10 8 -10 -11 12 -13 -14 -15 -16
leaf_value=-0.00016229889043566521 -0.00058538437072345551 0.00098405106050685138 4.7305008026023079e-05 -7.3310663489505146e-05 -8.8964702124993519e-05 0.00029215790511624625 6.1727667327057776e-05 6.3729175471848897e-05 -0.00033323173711058169 0.00013530156093055905 4.4895611505289645e-06 -5.6130638013915028e-05 0.00012361045562114817 9.5568520661505369e-05 0.0002044865526008927
leaf_weight=193 251 47 2107 3123 149 184 1609 940 226 67 26606 7571 1236 2352 274
leaf_count=193 251 47 2107 3123 149 184 1609 940 226 67 26606 7571 1236 2352 274
internal_value=2.49189e-08 2.47427e-05 8.23773e-06 -2.47186e-05 0.000220567 0.000437491 -5.38643e-06 -0.000103802 -1.34864e-05 -0.000433604 -1.43809e-06 -3.54676e-05 9.7831e-06 7.59425e-05 0.00010116
internal_weight=46935 8429 7775 5230 654 231 38506 1484 1166 318 37022 9180 27842 2545 423
internal_count=46935 8429 7775 5230 654 231 38506 1484 1166 318 37022 9180 27842 2545 423
is_linear=0
shrinkage=0.0829277


Tree=46
num_leaves=15
num_cat=0
split_feature=10 21 10 10 19 10 3 1 2 11 0 11 14 15
split_gain=0.000943037 0.00304807 0.00221415 0.00190354 0.00186048 0.00175572 0.00387087 0.00168516 0.00151604 0.00145834 0.00140413 0.00215038 0.00208905 0.000723328
threshold=0.0030103818038423884 1.5395694490363565 0.0078594267254881185 0.0021503489194362184 0.0036082087562903102 0.0016064001740999647 0.06222535146282164 -0.0047895674316303363 0.010943408802786549 0.0030084410283277578 49.890561789420808 0.0041675375647302068 -0.60355339059327384 1.0000000180025095e-35
decision_type=2 2 2 2 2 2 2 2 2 2 2 2 2 2
left_child=3 4 8 5 7 9 -7 -2 -3 -1 12 -12 -5 -6
right_child=1 2 -4 10 13 6 -8 -9 -10 -11 11 -13 -14 -15
leaf_value=6.528585127246094e-06 0.00017417160612079414 0.00014003455982119543 0.00058665256414535284 0.00040255837594689364 -0.0002378058632315092 0.00038036402790135571 -9.9962955312725454e-05 -0.00010999211403375297 -0.00017604450343196933 -7.1270219011974545e-05 5.9241961634136928e-05 -0.00051906750724189552 7.3887509314631125e-05 -0.00061054191444683773
leaf_weight=39116 159 391 59 210 98 121 2060 1382 141 1729 1005 45 361 58
leaf_count=39116 159 391 59 210 98 121 2060 1382 141 1729 1005 45 361 58
internal_value=2.44379e-08 -5.18865e-05 0.000110146 2.68609e-06 -0.000108356 -6.38717e-07 -7.31111e-05 -8.05537e-05 5.60429e-05 3.23319e-06 9.0869e-05 3.38666e-05 0.000195384 -0.000380158
internal_weight=46935 2288 591 44647 1697 43026 2181 1541 532 40845 1621 1050 571 156
internal_count=46935 2288 591 44647 1697 43026 2181 1541 532 40845 1621 1050 571 156
is_linear=0
shrinkage=0.0829277


Tree=47
num_leaves=16
num_cat=0
split_feature=10 14 12 2 6 14 21 10 14 14 13 13 11 11 13
split_gain=0.000911759 0.00250938 0.00599808 0.00261176 0.00218985 0.00290558 0.00188813 0.00173059 0.00199556 0.00268221 0.00171346 0.00164985 0.00158273 0.00187836 0.000817206
threshold=-0.0015408293341839794 0.91597561503675351 0.0035620448969258941 -0.021784754067169562 15.962613549033021 -0.5 0.38997414918650114 -0.001236698847736972 0.60355339059327384 -0.9159756150367534 0.98296291314453421 -1.0000000180025095e-35 0.0062992673216542014 0.0030084410283277578 -0.60355339059327362
decision_type=2 2 2 2 2 2 2 2 2 2 2 2 2 2 2
left_child=1 4 6 -4 5 -1 -3 8 9 -2 -6 -10 13 -9 -14
right_child=7 2 3 -5 10 -7 -8 12 11 -11 -12 -13 14 -15 -16
leaf_value=0.00030794873223073107 -0.00023127090266637548 -0.00033328372472833868 -0.00094508854433533718 -0.00027803634856946778 1.4052748576865668e-05 4.2498820454312405e-05 5.0768317606310622e-05 1.6574911607880171e-06 -5.5208321065266093e-05 3.6994713345519717e-05 0.00030420635971970986 -0.00032571716560173035 3.4609624531898094e-05 -9.5890739102839415e-05 0.00038081592003737306
leaf_weight=471 332 100 66 105 4714 711 673 36285 286 1109 143 339 81 1409 111
leaf_count=471 332 100 66 105 4714 711 673 36285 286 1109 143 339 81 1409 111
internal_value=2.24087e-08 2.76661e-05 -9.79847e-05 -0.000540508 4.73239e-05 0.00014849 6.24329e-07 -4.80998e-06 -7.86961e-05 -2.49592e-05 2.2672e-05 -0.000202292 -7.78317e-07 -1.9919e-06 0.000235938
internal_weight=46935 6983 944 171 6039 1182 773 39952 2066 1441 4857 625 37886 37694 192
internal_count=46935 6983 944 171 6039 1182 773 39952 2066 1441 4857 625 37886 37694 192
is_linear=0
shrinkage=0.0829277


Tree=48
num_leaves=12
num_cat=0
split_feature=9 14 2 16 14 13 5 8 1 14 1
split_gain=0.000855989 0.00316122 0.00130414 0.00902332 0.0111276 0.00318423 0.00113991 0.00266503 0.00130122 0.000945433 0.000379714
threshold=0.041003569956923121 -0.3794095225512602 0.031195992281930821 1.0000000180025095e-35 -0.60355339059327384 0.12940952255126045 0.00051355232646227422 25.421797152777227 0.0062700685477796734 0.78656609248549303 0.0107030091527921
decision_type=2 2 2 2 2 2 2 2 2 2 2
left_child=2 -2 6 4 -4 -5 8 -8 -1 10 -3
right_child=1 9 3 5 -6 -7 7 -9 -10 -11 -12
leaf_value=2.5890313140055108e-06 0.00037841198446938621 -0.00035280034594672272 0.001456053159712414 -0.00049827058817400037 0.00019027967176339522 5.3028131334892392e-05 3.4954636712369058e-05 0.00049221795242470993 -4.1715430613294733e-05 -6.9160147734522473e-05 -0.00071129495512335672
leaf_weight=40364 50 45 58 137 249 150 552 103 5138 44 45
leaf_count=40364 50 45 58 137 249 150 552 103 5138 44 45
internal_value=1.81344e-08 -0.000177888 7.23101e-07 0.000122686 0.000434371 -0.000211155 -8.49724e-07 0.000107665 -2.41474e-06 -0.000387054 -0.000539371
internal_weight=46935 184 46751 594 307 287 46157 655 45502 134 90
internal_count=46935 184 46751 594 307 287 46157 655 45502 134 90
is_linear=0
shrinkage=0.0829277


Tree=49
num_leaves=14
num_cat=0
split_feature=10 15 11 11 11 15 14 0 8 5 10 8 9
split_gain=0.000844689 0.00308087 0.00414764 0.00291228 0.00174469 0.00198033 0.00135139 0.0012691 0.00155082 0.00115453 0.00112739 0.0024818 0.00132781
threshold=-0.0042322735487075316 -1.0000000180025095e-35 0.0034767321761957075 -0.00025906304597789193 0.0078594267254881185 0.6078576107927941 -0.3794095225512602 40.234970171483575 37.619234913637847 -0.00011156310178906627 0.0034842240207323409 20.026064882987239 -0.0077101645531637555
decision_type=2 2 2 2 2 2 2 2 2 2 2 2 2
left_child=1 7 3 -3 10 6 -6 8 -1 -9 12 -12 -2
right_child=4 2 -4 -5 5 -7 -8 9 -10 -11 11 -13 -14
leaf_value=0.00077491253374840148 -2.3681064728215944e-05 -0.00011822499374796997 -0.00059890189694981411 0.00023303263949375655 0.00039977693779661566 0.00071760500503376535 -0.00019156907015924692 -5.7385628619629427e-05 0.00014385116328485495 0.0004748731799807483 -0.00015614062416279009 6.1462901106899698e-05 8.6360705918097262e-06
leaf_weight=70 11983 320 72 327 47 47 58 73 44 44 938 584 32328
leaf_count=70 11983 320 72 327 47 47 58 73 44 44 938 584 32328
internal_value=1.87027e-08 7.73675e-05 -7.43968e-06 5.94099e-05 -1.58129e-06 0.000277755 7.47142e-05 0.000339953 0.00053557 0.000145686 -2.51527e-06 -7.26624e-05 -1.03836e-07
internal_weight=46935 950 719 647 45985 152 105 231 114 117 45833 1522 44311
internal_count=46935 950 719 647 45985 152 105 231 114 117 45833 1522 44311
is_linear=0
shrinkage=0.0829277


Tree=50
num_leaves=16
num_cat=0
split_feature=10 19 14 15 1 19 14 11 10 0 11 10 11 11 8
split_gain=0.000777958 0.00226992 0.00442678 0.00539077 0.00260231 0.00183106 0.00308046 0.0017143 0.00130777 0.00275281 0.00134038 0.00130536 0.00158574 0.00130651 0.00113395
threshold=-0.00023845707387698531 0.003493182327098499 -0.9159756150367534 1.0000000180025095e-35 -0.0021824547218250441 0.0047763276181831413 -0.70710678118654757 0.0016771238178471262 7.6898722114804321e-05 46.256418326005203 0.00033379441214098643 -0.00030223178250393662 -0.00077986148914149778 0.00033379441214098643 25.585224472935455
decision_type=2 2 2 2 2 2 2 2 2 2 2 2 2 2 2
left_child=5 8 3 -3 -4 11 14 -8 9 -2 -10 13 -13 -1 -7
right_child=1 2 4 -5 -6 6 7 -9 10 -11 -12 12 -14 -15 -16
leaf_value=-1.5503944727972569e-05 -0.0001326582906388696 -0.00011364151215042208 0.00015449996179544258 -0.001126268234991949 -0.00012223380831242353 0.00050878176964510398 9.501235824232997e-05 -0.00034044281867242791 2.15812797211597e-05 3.5713110550554349e-06 -2.2283212812569409e-05 0.00031441779767432887 4.7116841693889934e-05 2.8870126462374033e-05 5.6805924495405979e-05
leaf_weight=10962 1565 87 299 61 1054 165 381 73 13026 2925 7576 194 702 7815 50
leaf_count=10962 1565 87 299 61 1054 165 381 73 13026 2925 7576 194 702 7815 50
internal_value=2.08505e-08 -9.3167e-06 -0.000108333 -0.000536972 -6.09911e-05 1.22277e-05 0.000147018 2.42471e-05 -3.38839e-06 -4.39354e-05 5.45051e-06 7.63485e-06 0.000105352 2.96522e-06 0.000404615
internal_weight=46935 26593 1501 148 1353 20342 669 454 25092 4490 20602 19673 896 18777 215
internal_count=46935 26593 1501 148 1353 20342 669 454 25092 4490 20602 19673 896 18777 215
is_linear=0
shrinkage=0.0829277


Tree=51
num_leaves=16
num_cat=0
split_feature=14 16 16 9 14 2 6 15 14 14 5 15 3 14 8
split_gain=0.000761787 0.0167525 0.0108299 0.00915949 0.00679054 0.00447384 0.00439654 0.00341211 0.0134102 0.00384313 0.00296033 0.00504085 0.00327659 0.00295684 0.0019669
threshold=0.37940952255126048 0.81174490092936691 0.81174490092936691 0.01628274839063926 0.1294095225512602 -0.0080896213802261179 16.58721421844044 -0.8783796973249266 -0.9159756150367534 -0.9159756150367534 0.00010931739182749533 -0.60785761079279388 0.78437243900812403 0.60355339059327384 24.209593771979655
decision_type=2 2 2 2 2 2 2 2 2 2 2 2 2 2 2
left_child=2 10 7 5 6 -3 -4 8 -1 -9 12 -12 -2 -5 -6
right_child=1 3 4 13 14 -7 -8 9 -10 -11 11 -13 -14 -15 -16
leaf_value=0.00036698492538493041 1.6965200808518439e-05 7.1258770815574673e-05 0.00033939425412260617 -0.00015274606828760665 -3.1045009557974161e-06 -0.00022227230294100258 0.00012351930878555897 -9.3954827583727244e-05 -1.826003542078995e-05 -7.1973736416998503e-06 0.00023559234406253613 2.2445441789329389e-05 -0.0001033568757293537 -0.00089568856732633658 -0.00031034005372122646
leaf_weight=776 9885 444 851 48 353 1812 2731 4463 3098 16451 1061 2710 1846 166 240
leaf_count=776 9885 444 851 48 353 1812 2731 4463 3098 16451 1061 2710 1846 166 240
internal_value=1.76993e-08 -1.33937e-05 8.33992e-06 -0.000213916 0.00013188 -0.000164495 0.000174907 -1.24733e-05 5.90018e-05 -2.57158e-05 1.8571e-05 8.24746e-05 -1.97773e-06 -0.000730913 -0.000127844
internal_weight=46935 17972 28963 2470 4175 2256 3582 24788 3874 20914 15502 3771 11731 214 593
internal_count=46935 17972 28963 2470 4175 2256 3582 24788 3874 20914 15502 3771 11731 214 593
is_linear=0
shrinkage=0.0829277


Tree=52
num_leaves=14
num_cat=0
split_feature=8 11 15 6 13 12 15 12 10 17 13 2 9
split_gain=0.000751756 0.00358528 0.00327624 0.00204373 0.00200052 0.00148399 0.00346258 0.00376533 0.00335541 0.00146091 0.00110371 0.00103594 0.0013828
threshold=31.195549675386477 0.0015252234783122989 -0.8783796973249266 22.717660633588157 -0.70710678118654735 0.0020723346350256622 0.6078576107927941 0.0023940678507556163 -0.0040230891384753767 -0.9603058750627006 -0.37940952255126065 0.031195992281930821 0.024029956826408187
decision_type=2 2 2 2 2 2 2 2 2 2 2 2 2
left_child=5 2 9 -3 -4 11 7 -7 -8 -2 -5 12 -1
right_child=1 3 4 10 -6 6 8 -9 -10 -11 -12 -13 -14
leaf_value=1.3512408971866855e-05 -0.00033112698440540062 0.00072191936498240553 0.00018889571612970679 0.00045162056207174387 1.0485303742799059e-05 -7.3801618808248153e-05 -0.0003987434418284251 2.6231026901633018e-05 -5.5307159350665324e-05 0.00014601619540991368 -1.7851413938650882e-05 0.00040932384494049193 -0.00031544345514332515
leaf_weight=20732 245 72 523 58 2463 3297 200 12011 7068 53 82 44 87
leaf_count=20732 245 72 523 58 2463 3297 200 12011 7068 53 82 44 87
internal_value=1.48287e-08 3.70028e-05 1.55998e-05 0.000366501 4.18005e-05 -2.96295e-06 -1.76971e-05 4.68189e-06 -6.48251e-05 -0.000246006 0.000178921 1.29811e-05 1.21188e-05
internal_weight=46935 3496 3284 212 2986 43439 22576 15308 7268 298 140 20863 20819
internal_count=46935 3496 3284 212 2986 43439 22576 15308 7268 298 140 20863 20819
is_linear=0
shrinkage=0.0829277


Tree=53
num_leaves=13
num_cat=0
split_feature=9 13 14 2 16 14 13 13 5 8 14 8
split_gain=0.000767056 0.00308444 0.00291018 0.00143234 0.00819602 0.00982315 0.00229135 0.00104905 0.000956469 0.00266302 0.00106834 0.000606418
threshold=0.036913108864143236 -0.60355339059327362 -0.5 0.031195992281930821 1.0000000180025095e-35 -0.3794095225512602 0.12940952255126045 0.60355339059327384 0.00056904530991155227 26.112165285039673 -0.9159756150367534 14.988145183141869
decision_type=2 2 2 2 2 2 2 2 2 2 2 2
left_child=3 11 -3 8 5 -5 -6 -4 10 -10 -1 -2
right_child=1 2 7 4 6 -7 -8 -9 9 -11 -12 -13
leaf_value=-3.4700986838954869e-05 -0.00074884229828195577 0.00050615117945323595 9.6528852287503127e-05 0.0012991199858944273 -0.00045147335470262744 0.0001456502902910925 5.4975099541980237e-05 -0.00027920015899900619 3.5943420207117811e-05 0.00059137902968977056 3.1154440938430786e-06 -0.00031549834072012485
leaf_weight=5900 44 64 85 70 122 178 122 125 417 68 39690 50
leaf_count=5900 44 64 85 70 122 178 122 125 417 68 39690 50
internal_value=1.53199e-08 -0.000119036 2.21771e-05 9.59337e-07 0.000141524 0.000476129 -0.000199259 -0.000127445 -5.45434e-07 0.000115145 -1.77934e-06 -0.00052554
internal_weight=46935 368 274 46567 492 248 244 210 46075 485 45590 94
internal_count=46935 368 274 46567 492 248 244 210 46075 485 45590 94
is_linear=0
shrinkage=0.0829277


Tree=54
num_leaves=13
num_cat=0
split_feature=10 15 11 11 11 15 13 8 14 10 8 10
split_gain=0.000753985 0.00248785 0.00340639 0.00247307 0.00144321 0.00170638 0.00136117 0.00142661 0.00109656 0.000938032 0.00296695 0.00166127
threshold=-0.0042322735487075316 -1.0000000180025095e-35 0.0034767321761957075 -0.00025906304597789193 0.0078594267254881185 0.6078576107927941 0.12940952255126045 37.619234913637847 -0.3794095225512602 0.0030103818038423884 19.261277242908402 0.0021503489194362184
decision_type=2 2 2 2 2 2 2 2 2 2 2 2
left_child=1 6 3 -3 9 8 7 -1 -6 11 -11 -2
right_child=4 2 -4 -5 5 -7 -8 -9 -10 10 -12 -13
leaf_value=0.00057424614138180019 -2.8431825846456772e-06 -0.00010624495418488102 -0.00053913868640560563 0.00021744674360930067 0.00035699918974535386 0.00066084070875385009 -1.9604190708558673e-05 2.4591995373750412e-05 -0.00017566379860804385 -0.00014342406377891221 4.8336733874824015e-05 8.2681754630404067e-05
leaf_weight=124 41982 320 72 327 47 47 63 44 58 1199 1031 1621
leaf_count=124 41982 320 72 327 47 47 63 44 58 1199 1031 1621
internal_value=1.60543e-08 7.30941e-05 -3.12118e-06 5.74546e-05 -1.49559e-06 0.000252563 0.000309058 0.000431544 6.41569e-05 -2.34505e-06 -5.47892e-05 3.38587e-07
internal_weight=46935 950 719 647 45985 152 231 168 105 45833 2230 43603
internal_count=46935 950 719 647 45985 152 231 168 105 45833 2230 43603
is_linear=0
shrinkage=0.0829277


Tree=55
num_leaves=12
num_cat=0
split_feature=11 15 10 14 18 15 11 15 4 10 19
split_gain=0.000726189 0.00124244 0.00203601 0.0023511 0.00116946 0.000972164 0.000968686 0.00166276 0.000865317 0.000853437 0.000817763
threshold=-0.0042042185125812362 -0.60785761079279388 -0.0023537461310400016 -0.60355339059327384 -0.0056337645573859554 0.6078576107927941 -0.0040167783514356561 0.6078576107927941 1.9629240988732248 0.0030103818038423884 -0.0028845047877387726
decision_type=2 2 2 2 2 2 2 2 2 2 2
left_child=1 -1 5 -4 8 -3 7 -6 10 -8 -2
right_child=4 2 3 -5 6 -7 9 -9 -10 -11 -12
leaf_value=0.00042689218243993339 0.00012236414005825148 -5.8175644591370363e-05 0.00028675060821775194 -1.5090670077222617e-05 -1.2587274539453406e-05 -0.00050342342855436129 3.0244031997038298e-06 -0.0005880272971261623 0.00018517489242277782 -5.1439599339342017e-05 -0.00022580361718821764
leaf_weight=62 53 81 286 464 102 57 43322 51 50 2072 335
leaf_count=62 53 81 286 464 102 57 43322 51 50 2072 335
internal_value=1.68908e-08 7.17352e-05 4.637e-05 0.000100297 -1.46663e-06 -0.000244967 -1.67909e-07 -0.000207629 -0.00013613 5.37031e-07 -0.000178001
internal_weight=46935 950 888 750 45985 138 45547 153 438 45394 388
internal_count=46935 950 888 750 45985 138 45547 153 438 45394 388
is_linear=0
shrinkage=0.0829277


Tree=56
num_leaves=11
num_cat=0
split_feature=7 17 1 15 13 3 5 8 10 2
split_gain=0.000728037 0.00150057 0.00102381 0.0019842 0.00236939 0.00150499 0.00159522 0.00154112 0.00071756 0.000367447
threshold=41.676323483473794 2.4245998962968236 0.0107030091527921 -0.8783796973249266 0.12940952255126045 1.0000105271028399 0.00031632534363261038 23.705492624166272 0.001023332186170123 0.029447277712601808
decision_type=2 2 2 2 2 2 2 2 2 2
left_child=2 8 5 9 -5 6 -1 -7 -2 -4
right_child=1 -3 3 4 -6 7 -8 -9 -10 -11
leaf_value=-4.4950695026406399e-06 0.00015947142931196153 0.00043407931317752106 -0.00025298621442099248 -0.00011467616363568244 8.4767935064538572e-05 6.1576707781597066e-05 8.0635119615241299e-05 0.00055135098914249777 -0.00027001663831958115 -0.00053372816697676068
leaf_weight=41359 56 79 118 1013 686 1915 1570 44 49 46
leaf_count=41359 56 79 118 1013 686 1915 1570 44 49 46
internal_value=1.45313e-08 0.000164086 -6.35577e-07 -6.08529e-05 -3.41435e-05 1.86525e-06 -1.3794e-06 7.29235e-05 -4.17688e-05 -0.00033519
internal_weight=46935 184 46751 1863 1699 44888 42929 1959 105 164
internal_count=46935 184 46751 1863 1699 44888 42929 1959 105 164
is_linear=0
shrinkage=0.0829277


Tree=57
num_leaves=15
num_cat=0
split_feature=10 10 14 11 1 5 11 15 10 2 11 10 11 11
split_gain=0.000708514 0.00152218 0.00203802 0.00286155 0.00247738 0.00148983 0.00276365 0.00143929 0.00109967 0.00166742 0.00178083 0.00109252 0.00386756 0.00104344
threshold=-0.00023845707387698531 7.6898722114804321e-05 0.60355339059327384 7.6586630753716647e-05 -0.0057246667605980175 -0.00034035748697174673 0.0017114083113198844 -0.8783796973249266 -0.00030223178250393662 0.018591184129355568 -0.00077986148914149778 -0.0003249637553253692 0.00024266483984569656 -0.0015025765649795406
decision_type=2 2 2 2 2 2 2 2 2 2 2 2 2 2
left_child=8 2 3 -2 -4 6 -3 -7 11 10 -10 13 -13 -1
right_child=1 5 4 -5 -6 7 -8 -9 9 -11 -12 12 -14 -15
leaf_value=5.7561837764227999e-05 -8.9826772595420206e-05 0.00018670929932078663 -0.0004251848273390561 6.7216110309281879e-05 -9.2239562023186259e-05 4.9000496185931655e-05 -0.00048922809562009341 -1.2095821946268452e-05 0.00029683973455945766 0.00056486817328565183 1.0338374957910556e-05 -0.00037970017271986154 0.00016163381067704202 2.2428921056374022e-06
leaf_weight=2737 1643 521 172 1549 1375 3103 44 18186 190 49 679 199 165 16323
leaf_count=2737 1643 521 172 1549 1375 3103 44 18186 190 49 679 199 165 16323
internal_value=1.37606e-08 -8.89729e-06 -5.14966e-05 -1.36209e-05 -0.000129572 3.42678e-07 0.000133101 -3.18826e-06 1.1663e-05 0.000100292 7.33183e-05 7.46807e-06 -0.0001346 1.019e-05
internal_weight=46935 26593 4739 3192 1547 21854 565 21289 20342 918 869 19424 364 19060
internal_count=46935 26593 4739 3192 1547 21854 565 21289 20342 918 869 19424 364 19060
is_linear=0
shrinkage=0.0829277


end of trees

feature_importances:
Column_14=92
Column_15=73
Column_2=64
Column_9=53
Column_11=50
Column_10=49
Column_13=46
Column_1=43
Column_12=43
Column_8=40
Column_16=38
Column_6=36
Column_17=25
Column_7=20
Column_3=19
Column_5=14
Column_18=12
Column_21=6
Column_19=5
Column_0=4
Column_20=4
Column_4=3

parameters:
[boosting: gbdt]
[objective: regression]
[metric: l2]
[tree_learner: serial]
[device_type: cpu]
[data_sample_strategy: bagging]
[data: ]
[valid: ]
[num_iterations: 58]
[learning_rate: 0.0829277]
[num_leaves: 31]
[num_threads: 8]
[seed: 0]
[deterministic: 0]
[force_col_wise: 0]
[force_row_wise: 0]
[histogram_pool_size: -1]
[max_depth: 4]
[min_data_in_leaf: 44]
[min_sum_hessian_in_leaf: 0.001]
[bagging_fraction: 0.731825]
[pos_bagging_fraction: 1]
[neg_bagging_fraction: 1]
[bagging_freq: 0]
[bagging_seed: 3]
[bagging_by_query: 0]
[feature_fraction: 0.810643]
[feature_fraction_bynode: 1]
[feature_fraction_seed: 2]
[extra_trees: 0]
[extra_seed: 6]
[early_stopping_round: 0]
[early_stopping_min_delta: 0]
[first_metric_only: 0]
[max_delta_step: 0]
[lambda_l1: 1.15582e-05]
[lambda_l2: 1.2543]
[linear_lambda: 0]
[min_gain_to_split: 0]
[drop_rate: 0.1]
[max_drop: 50]
[skip_drop: 0.5]
[xgboost_dart_mode: 0]
[uniform_drop: 0]
[drop_seed: 4]
[top_rate: 0.2]
[other_rate: 0.1]
[min_data_per_group: 100]
[max_cat_threshold: 32]
[cat_l2: 10]
[cat_smooth: 10]
[max_cat_to_onehot: 4]
[top_k: 20]
[monotone_constraints: ]
[monotone_constraints_method: basic]
[monotone_penalty: 0]
[feature_contri: ]
[forcedsplits_filename: ]
[refit_decay_rate: 0.9]
[cegb_tradeoff: 1]
[cegb_penalty_split: 0]
[cegb_penalty_feature_lazy: ]
[cegb_penalty_feature_coupled: ]
[path_smooth: 0]
[interaction_constraints: ]
[verbosity: 1]
[saved_feature_importance_type: 0]
[use_quantized_grad: 0]
[num_grad_quant_bins: 4]
[quant_train_renew_leaf: 0]
[stochastic_rounding: 1]
[linear_tree: 0]
[max_bin: 255]
[max_bin_by_feature: ]
[min_data_in_bin: 3]
[bin_construct_sample_cnt: 200000]
[data_random_seed: 1]
[is_enable_sparse: 1]
[enable_bundle: 1]
[use_missing: 1]
[zero_as_missing: 0]
[feature_pre_filter: 1]
[pre_partition: 0]
[two_round: 0]
[header: 0]
[label_column: ]
[weight_column: ]
[group_column: ]
[ignore_column: ]
[categorical_feature: ]
[forcedbins_filename: ]
[precise_float_parser: 0]
[parser_config_file: ]
[objective_seed: 5]
[num_class: 1]
[is_unbalance: 0]
[scale_pos_weight: 1]
[sigmoid: 1]
[boost_from_average: 1]
[reg_sqrt: 0]
[alpha: 0.9]
[fair_c: 1]
[poisson_max_delta_step: 0.7]
[tweedie_variance_power: 1.5]
[lambdarank_truncation_level: 30]
[lambdarank_norm: 1]
[label_gain: ]
[lambdarank_position_bias_regularization: 0]
[eval_at: ]
[multi_error_top_k: 1]
[auc_mu_weights: ]
[num_machines: 1]
[local_listen_port: 12400]
[time_out: 120]
[machine_list_filename: ]
[machines: ]
[gpu_platform_id: -1]
[gpu_device_id: -1]
[gpu_use_dp: 0]
[num_gpu: 1]

end of parameters

pandas_categorical:null
