tree
version=v4
num_class=1
num_tree_per_iteration=1
label_index=0
max_feature_idx=24
objective=regression
feature_names=Column_0 Column_1 Column_2 Column_3 Column_4 Column_5 Column_6 Column_7 Column_8 Column_9 Column_10 Column_11 Column_12 Column_13 Column_14 Column_15 Column_16 Column_17 Column_18 Column_19 Column_20 Column_21 Column_22 Column_23 Column_24
feature_infos=[0:0.010933329789412746] [0.0014020490642297568:0.08454470078915044] [0.063113679924128002:12.934670690830561] [0:37.702534001274124] [-0.083511754148356876:0.10152177146658992] [-0.048045751633986944:0.02127218789215668] [-0.048045751633986944:0.02127218789215668] [-0.016497034093202023:0.02127218789215668] [-1:1] [-1:1] [-0.97492791218182362:0.97492791218182362] [-2.531471170063937:4.0839381339022927] [8:50] [58259.599999999999:82640.100000000006] [0:99.999999998086736] [70.822000000000003:24583.209999999999] [70.822000000000003:18588.095000000001] [0:0.017700940730940171] [-0.5:0.49999999998265698] [-0.047687771406258794:0.03616765879162509] [-0.042669101248376418:0.03616765879162509] [-0.03326871794796904:0.03616765879162509] [0:0.0097089914425552946] [0:0.010243796447171213] [0:0.010243796447171213]
tree_sizes=1483 1562 1620 1547 1659 1543 1655 1637 1568 1679 1454 1652 1577 1626 1649 1664 1677 1534 1596 1431 1422 1666 1174 1662 1352 1319 1358 1410 1649 1522 1454 1672 1632 1660 1665 1485 1510 1411 1367 1330 1551 1568 1064 1564 1519 1519 1345 1627 1587 1521 1609 1613 1474 1340 1130 1447 1464 1587 1675 1210 1620 1579

Tree=0
num_leaves=14
num_cat=0
split_feature=1 4 1 14 12 12 12 12 12 14 14 4 2
split_gain=0.016341 0.0183815 0.0331793 0.0185087 0.0179453 0.0285976 0.0202144 0.0164429 0.02959 0.0115308 0.00986243 0.00597154 0.00562734
threshold=0.020374918034216375 0.055752109600659135 0.030262382559785972 17.481218835880423 22.500000000000004 32.500000000000007 29.500000000000004 18.500000000000004 14.500000000000002 62.888493044356757 65.682474625124669 -0.026423698379659962 1.2275892996017697
decision_type=2 2 2 2 2 2 2 2 2 2 2 2 2
left_child=4 3 -3 12 7 6 -6 8 -1 -5 -9 -7 -2
right_child=1 2 -4 9 5 11 -8 10 -10 -11 -12 -13 -14
leaf_value=1.2281235206150671e-05 -0.00018349767367712311 0.0056251513109411349 -0.00052804245083338543 -0.00053291411042054532 -0.00048677809805404339 0.00094464655418642412 -0.00099994663416802065 0.00035825324885192989 -0.00080477595643393051 -0.00083466681128528761 -0.00044857905685646648 -0.00021605147999499325 0.00099281438790085864
leaf_weight=1508 151 19 28 7648 9671 67 1234 1037 1067 2398 243 4777 124
leaf_count=1508 151 19 28 7648 9671 67 1234 1037 1067 2398 243 4777 124
internal_value=-0.000446338 -0.000567198 0.00177045 -0.000578713 -0.000382419 -0.000439347 -0.000545669 -0.000152167 -0.000329755 -0.000605834 0.000198097 -0.000198147 0.00037948
internal_weight=29972 10368 47 10321 19604 15749 10905 3855 2575 10046 1280 4844 275
internal_count=29972 10368 47 10321 19604 15749 10905 3855 2575 10046 1280 4844 275
is_linear=0
shrinkage=1


Tree=1
num_leaves=15
num_cat=0
split_feature=13 24 14 10 13 14 4 10 4 24 9 13 9 9
split_gain=0.0718323 0.0473081 0.0358396 0.025515 0.0374694 0.0214988 0.0203987 0.0192811 0.021592 0.0154811 0.0137022 0.0126495 0.00698989 0.000442318
threshold=62812.700000000004 0.0034237262867562947 75.124800006417544 0.6078576107927941 59049.000000000007 59.016185089852264 -0.0073115878164822226 0.6078576107927941 -0.02442624240960067 1.0000000180025095e-35 0.78656609248549303 79125.900000000009 -0.3794095225512602 1.0000000180025095e-35
decision_type=2 2 2 2 2 2 2 2 2 2 2 2 2 2
left_child=2 9 3 5 -5 -1 12 10 -9 -2 -3 -11 -4 -8
right_child=1 7 6 4 -6 -7 13 8 -10 11 -12 -13 -14 -15
leaf_value=0.00080194804806237008 -0.0013111259119531176 -8.9187339198369355e-05 -0.0041267836640089955 0.0012047187678120475 -0.00019181968488915369 7.3528840886890072e-05 -0.00033928631581990799 -0.0015836734393430093 -0.0004594118877676399 2.3673873224308474e-07 -0.0005272851150988681 0.00030304263099113744 -0.0012003772482899247 0.00012299419797718548
leaf_weight=2655 120 4517 37 337 1397 768 51 280 2356 13761 1333 2290 33 37
leaf_count=2655 120 4517 37 337 1397 768 51 280 2356 13761 1333 2290 33 37
internal_value=0 -8.55572e-05 0.000396914 0.000452322 7.44471e-05 0.00064113 -0.00135485 -0.000313269 -0.000582234 3.33853e-05 -0.000190543 4.39955e-05 -0.0028755 -4.33367e-05
internal_weight=29972 24657 5315 5157 1734 3423 158 8486 2636 16171 5850 16051 70 88
internal_count=29972 24657 5315 5157 1734 3423 158 8486 2636 16171 5850 16051 70 88
is_linear=0
shrinkage=0.119035


Tree=2
num_leaves=16
num_cat=0
split_feature=10 0 14 23 17 11 15 11 15 14 14 8 11 11 8
split_gain=0.0330904 0.0147395 0.0128212 0.0139341 0.0118964 0.0118336 0.0112624 0.0100885 0.00839018 0.00815715 0.00572748 0.0127476 0.00508585 0.00381334 0.00316595
threshold=-1.0000000180025095e-35 0.007279487174695334 20.034418852003792 0.0034693697038180094 0.004143222847032813 -0.61937062362511208 731.55650000000003 -0.47758798031576249 2036.2790000000002 45.830625931020492 24.031456561844099 -0.70710678118654735 -1.0270543601548339 0.14847928864526286 0.60355339059327384
decision_type=2 2 2 2 2 2 2 2 2 2 2 2 2 2 2
left_child=1 10 8 5 -5 -4 7 -3 13 -8 11 -1 -12 -2 -10
right_child=2 6 3 4 -6 -7 9 -9 14 -11 12 -13 -14 -15 -16
leaf_value=0.001643956034492338 0.00054033196391539446 0.0017471412208839147 0.00014037407645547693 -0.00030591720965702325 8.0123049696494565e-05 -0.00014284787612122834 0.00083181950325959429 1.0288347376767238e-05 0.0013566810970049416 7.4611593342934036e-06 0.00026001161069197799 0 5.2874788101895005e-05 -0.00028259838548688867 0
leaf_weight=110 151 184 3645 6652 1321 4875 287 78 151 473 2092 191 9586 157 19
leaf_count=110 151 184 3645 6652 1321 4875 287 78 151 473 2092 191 9586 157 19
internal_value=0 0.000142794 -0.000109578 -0.000127624 -0.000240835 -2.06312e-05 0.000578666 0.00126422 0.000494335 0.000330541 0.00010486 0.000622651 9.07473e-05 9.18275e-05 0.00117091
internal_weight=29972 13001 16971 16493 7973 8520 1022 262 478 760 11979 301 11678 308 170
internal_count=29972 13001 16971 16493 7973 8520 1022 262 478 760 11979 301 11678 308 170
is_linear=0
shrinkage=0.119035


Tree=3
num_leaves=15
num_cat=0
split_feature=13 23 14 10 13 13 10 23 13 13 13 13 13 2
split_gain=0.0544714 0.0325845 0.0272412 0.0177049 0.0293275 0.0196729 0.0134842 0.0116442 0.0102665 0.00910303 0.0200462 0.00905831 0.00840304 0.000732258
threshold=62812.700000000004 0.0034840996158373885 75.124800006417544 0.6078576107927941 59049.000000000007 59464.200000000004 0.6078576107927941 1.0000000180025095e-35 79125.900000000009 61889.55000000001 61542.500000000007 75487.950000000012 64174.150000000009 0.94912479193224508
decision_type=2 2 2 2 2 2 2 2 2 2 2 2 2 2
left_child=2 7 3 5 -5 -1 12 -2 -9 10 -4 -8 -3 -11
right_child=1 6 9 4 -6 -7 11 8 -10 13 -12 -13 -14 -15
leaf_value=0.0019988806934534828 -0.0011866639281769115 2.2358998001288014e-05 0.00015263295559599002 0.0010784756233743092 -0.00015649972209353486 0.00049096464264173419 -0.00065883124187186121 -8.2166464176810259e-06 0.00025942031719335308 0.00021756810297019052 -0.0032727853886852618 -0.00016130813356023506 -0.00027642323605806706 -0.00055327647387010592
leaf_weight=132 112 2064 33 337 1397 3291 1700 14078 2363 38 59 823 3517 28
leaf_count=132 112 2064 33 337 1397 3291 1700 14078 2363 38 59 823 3517 28
internal_value=0 -7.4311e-05 0.00034583 0.000394304 7.83666e-05 0.000551735 -0.00026996 2.09346e-05 2.97061e-05 -0.0011796 -0.00194711 -0.000500086 -0.000164324 0
internal_weight=29972 24657 5315 5157 1734 3423 8104 16553 16441 158 92 2523 5581 66
internal_count=29972 24657 5315 5157 1734 3423 8104 16553 16441 158 92 2523 5581 66
is_linear=0
shrinkage=0.119035


Tree=4
num_leaves=16
num_cat=0
split_feature=13 12 13 23 8 12 10 12 12 13 3 8 23 13 5
split_gain=0.0423723 0.0604929 0.0304645 0.0249174 0.0194476 0.0168414 0.0136714 0.0211866 0.0109834 0.0448815 0.0118632 0.0098262 0.0163202 0.00801807 0.00247276
threshold=62733.350000000006 18.500000000000004 60008.80000000001 0.0033359896985210888 0.60355339059327384 16.000000000000004 0.6078576107927941 21.500000000000004 32.500000000000007 78170.750000000015 19.557842355493861 0.25881904510252091 0.0044756710877768566 64174.150000000009 -0.0047293360091537609
decision_type=2 2 2 2 2 2 2 2 2 2 2 2 2 2 2
left_child=1 2 4 8 -1 -4 13 -8 9 -2 -10 14 -13 -5 -3
right_child=3 11 5 6 -6 -7 7 -9 10 -11 -12 12 -14 -15 -16
leaf_value=0.00083396587228114184 1.2632637040241049e-05 0.0018036847434808102 -5.9267580262879555e-05 5.0610132514532894e-05 -0.00022828827325601912 -0.00094468183986110249 -0.0014612637319313764 -0.0003267182271461839 0.0004191479823098033 -0.001203134298331522 2.6554274918206378e-05 0.0010911005919113364 0.0031581291676754911 -0.00022168574965514628 0.00059013162585515267
leaf_weight=864 10575 33 1928 2406 324 368 263 2643 1821 448 2853 610 66 4009 761
leaf_count=864 10575 33 1928 2406 324 368 263 2643 1821 448 2853 610 66 4009 761
internal_value=0 0.000318193 4.53035e-05 -6.28462e-05 0.000536734 -0.000205081 -0.000217119 -0.000432482 2.81929e-05 -3.59694e-05 0.000181424 0.000958869 0.00130621 -0.000118165 0.000651866
internal_weight=29972 4954 3484 25018 1188 2296 9321 2906 15697 11023 4674 1470 676 6415 794
internal_count=29972 4954 3484 25018 1188 2296 9321 2906 15697 11023 4674 1470 676 6415 794
is_linear=0
shrinkage=0.119035


Tree=5
num_leaves=15
num_cat=0
split_feature=13 13 13 24 13 14 13 13 11 1 13 5 11 14
split_gain=0.0338964 0.0190355 0.0173405 0.0161721 0.0142908 0.0119483 0.0129713 0.00853994 0.00758429 0.007251 0.00688898 0.00441018 0.00424411 0.000540149
threshold=64108.350000000006 75487.950000000012 59049.000000000007 0.0033231353814109636 73791.150000000009 75.124800006417544 61889.55000000001 81599.60000000002 -1.2067093315476709 0.014607207311965359 76705.300000000017 0.0017586397565991787 1.0018147247405014 54.711456883478483
decision_type=2 2 2 2 2 2 2 2 2 2 2 2 2 2
left_child=2 3 8 12 -5 9 -7 10 -1 -4 -3 -10 -2 -9
right_child=1 7 5 4 -6 6 -8 13 11 -11 -12 -13 -14 -15
leaf_value=0.0020382780135424715 -0.0001234130880683818 0.0002411821892718194 0.00031141125857449801 -0.00037075238345080948 -0.0013809704169190815 -0.0017085419985097259 -0.00011528883811600113 0 0.00091504735969520797 9.4205567006780283e-05 -2.1997728885824367e-05 -6.2924065069184628e-05 0.00032631610354771592 -0.0008237538992660891
leaf_weight=82 4140 1655 3318 3061 221 92 415 20 211 6898 9292 71 311 185
leaf_count=82 4140 1655 3318 3061 221 92 415 20 211 6898 9292 71 311 185
internal_value=0 -9.68033e-05 0.000165404 -0.000240331 -0.000441508 0.000137004 -0.000422081 1.91951e-06 0.000977409 0.000165626 1.6974e-05 0.000637124 -8.99796e-05 -0.000758315
internal_weight=29972 18885 11087 7733 3282 10723 507 11152 364 10216 10947 282 4451 205
internal_count=29972 18885 11087 7733 3282 10723 507 11152 364 10216 10947 282 4451 205
is_linear=0
shrinkage=0.119035


Tree=6
num_leaves=16
num_cat=0
split_feature=13 12 17 0 10 0 10 12 13 12 13 13 12 13 3
split_gain=0.0286878 0.0509996 0.0283731 0.0253922 0.0394198 0.0216453 0.0186519 0.0149751 0.0356741 0.0146683 0.0170629 0.00960978 0.00888548 0.00730331 0.00597696
threshold=62812.700000000004 18.500000000000004 0.0024831377419902803 0.0075498176479964207 -0.8783796973249266 0.0075498176479964207 -0.60785761079279388 19.500000000000004 63871.600000000013 46.500000000000007 78318.10000000002 59581.600000000013 49.500000000000007 81362.500000000015 13.54802305387785
decision_type=2 2 2 2 2 2 2 2 2 2 2 2 2 2 2
left_child=1 2 5 14 -5 -1 9 8 -8 10 -2 -4 -9 -11 -3
right_child=6 3 11 4 -6 -7 7 12 -10 13 -12 -13 -14 -15 -16
leaf_value=-0.00049240729803646025 0.00011044130668426927 0.0020138333507637276 0.0010591905339851313 0.0072063426883215544 0.0014144806000771161 0.00037231263639061379 -0.00016820034575481158 -0.00010155085657161514 -0.00159721466025003 0.00071959853948484395 -0.00053153763208747286 0.00024951104264243603 0.00049619627907735017 -0.00080852212296935702 0.00059107487516986401
leaf_weight=1633 6055 49 269 21 120 536 1154 15409 322 672 647 1170 356 42 1517
leaf_count=1633 6055 49 269 21 120 536 1154 15409 322 672 647 1170 356 42 1517
internal_value=0 0.000250917 -2.34578e-07 0.000786996 0.00234123 -0.000274595 -5.39846e-05 -0.000122123 -0.000486022 0.00010322 4.71304e-05 0.000407093 -8.7485e-05 0.000617169 0.000641323
internal_weight=29972 5315 3608 1707 141 2169 24657 17241 1476 7416 6702 1439 15765 714 1566
internal_count=29972 5315 3608 1707 141 2169 24657 17241 1476 7416 6702 1439 15765 714 1566
is_linear=0
shrinkage=0.119035


Tree=7
num_leaves=16
num_cat=0
split_feature=13 12 13 12 12 9 13 12 13 12 12 12 13 11 9
split_gain=0.0230359 0.0208199 0.0252459 0.018782 0.0412267 0.0413382 0.0206522 0.0714659 0.0169988 0.016063 0.0131798 0.0108069 0.0138602 0.0115942 0.0051624
threshold=64108.350000000006 32.500000000000007 78318.10000000002 17.500000000000004 16.000000000000004 -0.9159756150367534 62683.400000000009 19.500000000000004 59049.000000000007 19.500000000000004 18.500000000000004 38.500000000000007 78129.200000000026 -0.61937062362511208 1.0000000180025095e-35
decision_type=2 2 2 2 2 2 2 2 2 2 2 2 2 2 2
left_child=3 2 9 4 8 -6 10 -8 -1 -2 -5 12 -3 -13 -4
right_child=1 11 14 6 5 -7 7 -9 -10 -11 -12 13 -14 -15 -16
leaf_value=0.00083138385552118123 -0.00080514732705239296 4.4623667114523951e-05 -0.00052860261745681981 0 -0.0047783429956531993 -0.00075202649077438395 0.0034988009472564784 6.989632742914117e-05 -2.4336740448526886e-05 -0.00011562400760418657 0.00080097676918045935 0.00030458333754447445 0.00064439087585625016 -0.0001326265149501151 -0.0016935940165165955
leaf_weight=356 506 1367 116 379 46 211 88 4519 4152 11231 1336 1148 950 3388 179
leaf_count=356 506 1367 116 379 46 211 88 4519 4152 11231 1336 1148 950 3388 179
internal_value=0 -7.97422e-05 -0.000174312 0.000136415 -4.04139e-05 -0.00150774 0.000271108 0.000137346 4.12593e-05 -0.000146113 0.000625215 8.49919e-05 0.000294398 -2.00026e-05 -0.00126586
internal_weight=29972 18885 12032 11087 4765 257 6322 4607 4508 11737 1715 6853 2317 4536 295
internal_count=29972 18885 12032 11087 4765 257 6322 4607 4508 11737 1715 6853 2317 4536 295
is_linear=0
shrinkage=0.119035


Tree=8
num_leaves=16
num_cat=0
split_feature=14 1 12 12 4 9 9 1 9 12 6 9 2 12 1
split_gain=0.00808183 0.00676417 0.00963388 0.0149438 0.00714065 0.019317 0.00649765 0.00644418 0.00368128 0.00202475 0.00166974 0.00186888 0.000477684 0.000398721 0.000397002
threshold=17.481218835880423 0.019286134498763804 32.500000000000007 29.500000000000004 0.055752109600659135 -0.60355339059327384 -0.78656609248549325 0.050404861327149809 -0.5 24.500000000000004 -0.0022257413935408694 0.37940952255126048 1.2649595088606154 25.500000000000004 0.02102218953126821
decision_type=2 2 2 2 2 2 2 2 2 2 2 2 2 2 2
left_child=8 2 3 -2 7 -6 -4 -3 9 14 11 -10 -11 -12 -1
right_child=1 4 6 -5 5 -7 -8 -9 10 12 13 -13 -14 -15 -16
leaf_value=0.00012153590282686528 2.5446227850639269e-05 -0.00010355653303403271 0.00044832792344267865 -0.00041506045437805479 0.0041182351485080865 -0.00046044201205022663 0.00010604060151693376 0.00042977716143975268 0.0016645527075798499 0 -0.00022995753827589652 0 0.000546987334531219 0.00014809371458012917 0.0014680412027880268
leaf_weight=19 12634 10785 1055 1193 21 27 3565 325 20 26 67 20 30 96 89
leaf_count=19 12634 10785 1055 1193 21 27 3565 325 20 26 67 20 30 96 89
internal_value=0 -6.71828e-06 3.72031e-05 -1.19146e-05 -8.01328e-05 0.00135721 0.00018614 -8.71495e-05 0.000555315 0.000987745 0.000161866 0.00085098 0.000198725 0 0.00131399
internal_weight=29972 29605 18447 13827 11158 48 4620 11110 367 164 203 40 56 163 108
internal_count=29972 29605 18447 13827 11158 48 4620 11110 367 164 203 40 56 163 108
is_linear=0
shrinkage=0.119035


Tree=9
num_leaves=16
num_cat=0
split_feature=13 12 12 12 13 13 9 12 9 12 13 1 13 0 11
split_gain=0.0181915 0.0147599 0.0144471 0.0357396 0.0335369 0.0218309 0.0166732 0.014882 0.0123701 0.0106199 0.0207936 0.00999206 0.00981994 0.00545965 0.00321231
threshold=64108.350000000006 19.500000000000004 17.500000000000004 14.500000000000002 60523.55000000001 60008.80000000001 0.25881904510252057 22.500000000000004 -0.60355339059327384 32.500000000000007 78203.200000000012 0.018536990950479476 62970.150000000009 0.0040599673201892721 0.25398492706819492
decision_type=2 2 2 2 2 2 2 2 2 2 2 2 2 2 2
left_child=2 8 3 5 -5 -1 7 -4 13 10 -3 -11 -8 -2 -10
right_child=1 9 6 4 -6 -7 12 -9 14 11 -12 -13 -14 -15 -16
leaf_value=0.00078894065902865729 -0.00027307519650036916 -9.0551465000345799e-05 0.00079880988805721104 -9.0904686680086689e-05 -0.0014592055505653369 9.0327585829132066e-06 0.00032262656125073215 0.00025010441093719271 -0.00061413454863898365 0.00016935157569745174 -0.00094112669137945643 -0.00013143032991628901 -0.00014106332339063984 -0.001821337776162332 0.00013902259402129595
leaf_weight=616 60 11100 1024 666 426 3057 1001 2481 138 4477 426 2376 1816 148 160
leaf_count=616 60 11100 1024 666 426 3057 1001 2481 138 4477 426 2376 1816 148 160
internal_value=4.16197e-08 -7.07156e-05 0.000121372 -3.35012e-05 -0.000632895 0.000142269 0.000239517 0.000412965 -0.000706366 -5.27281e-05 -0.000122766 6.37628e-05 2.05321e-05 -0.00141777 -0.000179764
internal_weight=29972 18885 11087 4765 1092 3673 6322 3505 506 18379 11526 6853 2817 208 298
internal_count=29972 18885 11087 4765 1092 3673 6322 3505 506 18379 11526 6853 2817 208 298
is_linear=0
shrinkage=0.119035


Tree=10
num_leaves=14
num_cat=0
split_feature=10 13 13 12 13 12 12 13 9 16 9 1 1
split_gain=0.0149062 0.0188452 0.0137701 0.0186173 0.037824 0.0276586 0.0093151 0.0185035 0.00938555 0.0056994 0.0019232 0.00161825 0.00135138
threshold=-1.0000000180025095e-35 59464.200000000004 58727.750000000007 18.500000000000004 62683.400000000009 14.500000000000002 46.500000000000007 80347.300000000017 -0.78656609248549325 1149.1520000000003 -0.78656609248549325 0.019625664993728361 0.014252667362704405
decision_type=2 2 2 2 2 2 2 2 2 2 2 2 2
left_child=1 11 9 5 -5 -4 7 -3 -8 12 -11 -1 -2
right_child=2 6 3 4 -6 -7 8 -9 -10 10 -12 -13 -14
leaf_value=0.00036248975704721676 0.00026066167222779603 8.5174624457079248e-05 -0.00014828723208562585 0.00072657053169443279 -8.069273773369082e-05 -0.0010186401833194754 0.0013196531046481637 -0.00074961345944085894 0.00025068906136122639 0.00087962489099073613 -1.8960165177617977e-05 0.0021299547925801255 0.0017367145114320897
leaf_weight=23 27 11807 2152 877 13004 696 160 387 554 42 89 70 84
leaf_count=23 27 11807 2152 877 13004 696 160 387 554 42 89 70 84
internal_value=0 9.61384e-05 -7.32458e-05 -8.66258e-05 -2.9045e-05 -0.00036413 8.32459e-05 5.79468e-05 0.000502781 0.000814684 0.000200957 0.00178911 0.00145831
internal_weight=29972 13001 16971 16729 13881 2848 12908 12194 714 242 131 93 111
internal_count=29972 13001 16971 16729 13881 2848 12908 12194 714 242 131 93 111
is_linear=0
shrinkage=0.119035


Tree=11
num_leaves=16
num_cat=0
split_feature=13 12 13 22 12 12 13 13 12 13 12 13 16 11 16
split_gain=0.013186 0.0108254 0.0156909 0.00942297 0.00899904 0.0237558 0.0227891 0.0153511 0.0103739 0.0217464 0.00931953 0.0085589 0.0116421 0.00812104 0.00412985
threshold=64108.350000000006 32.500000000000007 78318.10000000002 0.0028274823505838281 17.500000000000004 14.500000000000002 60523.55000000001 59719.350000000006 22.500000000000004 63670.900000000001 28.500000000000004 81110.550000000017 654.67400000000009 -0.71747497088635714 460.35200000000003
decision_type=2 2 2 2 2 2 2 2 2 2 2 2 2 2 2
left_child=4 2 3 -2 5 7 -7 -1 9 -6 -10 13 -13 -3 -4
right_child=1 11 14 -5 8 6 -8 -9 10 -11 -12 12 -14 -15 -16
leaf_value=0.00080831684398408195 1.5376755457386111e-06 0.0003933279658017146 -0.0016076691104406136 -0.00021030515188544889 0.00028158558879835946 -5.8377814515192185e-05 -0.0011886309021160498 3.4928964723141916e-05 3.635356287306643e-05 0.0015787251400871513 0.00061350756687485587 -0.00085117940241438966 0 4.221483820422057e-05 -0.00056214665636940698
leaf_weight=414 5737 1198 112 6000 1639 666 426 3259 4025 212 446 319 743 4593 183
leaf_count=414 5737 1198 112 6000 1639 666 426 3259 4025 212 446 319 743 4593 183
internal_value=4.51763e-08 -6.01514e-05 -0.000128401 -0.000105995 0.000103387 -1.8431e-05 -0.0005075 0.000124539 0.000196618 0.000434994 9.5929e-05 5.83713e-05 -0.000249608 0.000116396 -0.000989467
internal_weight=29972 18885 12032 11737 11087 4765 1092 3673 6322 1851 4471 6853 1062 5791 295
internal_count=29972 18885 12032 11737 11087 4765 1092 3673 6322 1851 4471 6853 1062 5791 295
is_linear=0
shrinkage=0.119035


Tree=12
num_leaves=15
num_cat=0
split_feature=10 12 9 4 4 14 12 0 9 20 0 14 12 8
split_gain=0.0117266 0.0183267 0.0151152 0.0108184 0.00957946 0.00825877 0.00732181 0.00786421 0.00721037 0.00690615 0.00755062 0.00548512 0.00546583 0.00311554
threshold=-0.60785761079279388 14.500000000000002 -0.12940952255126037 0.0075749915496637907 -0.044207472827228526 24.031456561844099 46.500000000000007 0.0076606043473516376 -0.9159756150367534 0.0043255203750592894 0.0075498176479964207 60.178026706269272 12.500000000000002 -0.70710678118654735
decision_type=2 2 2 2 2 2 2 2 2 2 2 2 2 2
left_child=1 2 13 -4 5 -2 7 -3 -8 10 -6 -11 -7 -1
right_child=4 6 3 -5 9 12 8 -9 -10 11 -12 -13 -14 -15
leaf_value=0.00084755050528969927 0.00091592033204829671 6.7267564100987858e-06 0.0018270844010476305 0.00050188724451950991 -3.4595339321985267e-05 -0.0018700708364753804 0.0014094300800064944 0.00083944820505729549 0.00026049166133898326 -1.0691773032556924e-05 0.00023112194648267293 -0.00034240880727000512 -0.0005461910364090507 -6.9883372378822556e-05
leaf_weight=62 33 7286 198 199 16083 76 96 165 618 1286 1670 1739 185 276
leaf_count=62 33 7286 198 199 16083 76 96 165 618 1286 1670 1739 185 276
internal_value=1.36408e-07 0.000115001 0.00068555 0.00118539 -4.79535e-05 -0.000724346 6.25443e-05 2.6369e-05 0.000427523 -3.79519e-05 -9.09581e-06 -0.000204345 -0.000966038 7.19813e-05
internal_weight=29972 8900 735 397 21072 294 8165 7451 714 20778 17753 3025 261 338
internal_count=29972 8900 735 397 21072 294 8165 7451 714 20778 17753 3025 261 338
is_linear=0
shrinkage=0.119035


Tree=13
num_leaves=16
num_cat=0
split_feature=10 14 16 4 1 10 1 4 16 4 16 4 14 9 9
split_gain=0.00933297 0.0088929 0.0094094 0.00808555 0.00766041 0.00723078 0.0051587 0.00824865 0.0114061 0.00841106 0.00502262 0.00493683 0.00247659 0.00387645 0.00273614
threshold=-1.0000000180025095e-35 63.585133282873237 2556.3030000000003 -0.03355153017160039 0.01489593312244711 0.6078576107927941 0.016923064862775696 0.055752109600659135 579.4380000000001 0.031133056287070086 2921.8975000000005 -0.02442624240960067 43.936792954825272 1.0000000180025095e-35 -0.5
decision_type=2 2 2 2 2 2 2 2 2 2 2 2 2 2 2
left_child=6 2 3 -2 10 -4 12 9 -9 -8 -3 -6 13 -1 -14
right_child=1 4 5 -5 11 -7 7 8 -10 -11 -12 -13 14 -15 -16
leaf_value=-0.00023596022461704251 -0.00058104809784284789 0.00016083840400161526 0.00048540223181519054 -3.4553170574845772e-05 0.00040514159739749619 0 0.00021913367866816316 0.0041186332814972439 0 -0.000358037742500402 -0.00093521589283045289 -0.00038812003635742514 0.00016614292785900465 7.1925679586874974e-05 1.2380916414838626e-06
leaf_weight=1167 400 758 869 11692 106 849 3907 18 18 383 63 2234 2263 1089 4156
leaf_count=1167 400 758 869 11692 106 849 3907 18 18 383 63 2234 2263 1089 4156
internal_value=1.9145e-07 -5.76472e-05 -1.57278e-05 -5.33713e-05 -0.000237958 0.000244016 7.63795e-05 0.000182856 0.0019995 0.00016552 6.58239e-05 -0.000348362 2.22513e-05 -8.33767e-05 6.07681e-05
internal_weight=29972 16971 13810 12092 3161 1718 13001 4326 36 4290 821 2340 8675 2256 6419
internal_count=29972 16971 13810 12092 3161 1718 13001 4326 36 4290 821 2340 8675 2256 6419
is_linear=0
shrinkage=0.119035


Tree=14
num_leaves=16
num_cat=0
split_feature=13 11 24 0 13 11 13 3 13 13 13 15 3 1 0
split_gain=0.00983539 0.0140739 0.0107256 0.00958718 0.00940484 0.00690809 0.00570535 0.00491229 0.00476437 0.0112982 0.00658176 0.0045505 0.00365156 0.00253659 0.000937975
threshold=62812.700000000004 -1.2407847572316646 0.0034823302850303423 0.0075498176479964207 62372.100000000006 -1.4903698564135237 59581.600000000013 29.768788784047015 79125.900000000009 80105.450000000012 77565.550000000017 450.11750000000006 15.792667404665282 0.026734593805961052 0.0059085845501655491
decision_type=2 2 2 2 2 2 2 2 2 2 2 2 2 2 2
left_child=1 6 8 7 -5 13 14 -3 10 -10 -2 -7 -8 -4 -1
right_child=2 3 5 4 -6 11 12 -9 9 -11 -12 -13 -14 -15 -16
leaf_value=0.0002029388626391416 3.7650114071367553e-05 -9.2663941070574322e-05 -0.00067029849212300755 0.00021539508052308446 0.0011987887417052772 0.00012889538617816265 0.0001687843245638143 0.00024714057929043742 0.00072184753410099744 4.9387977948335661e-05 -0.0001655252184160307 -0.00014800210749019423 0.00082930856264315912 0 0.0015948070221654044
leaf_weight=24 11366 2844 454 845 175 928 326 760 445 1914 2818 6657 237 75 104
leaf_count=24 11366 2844 454 845 175 928 326 760 445 1914 2818 6657 237 75 104
internal_value=1.85365e-07 0.00014735 -3.11745e-05 7.0297e-05 0.000392897 -0.00014343 0.000650015 -1.85252e-05 2.33442e-05 0.000180035 -2.08537e-06 -0.000112946 0.000462736 -0.000563614 0.00140374
internal_weight=29972 5315 24657 4624 1020 8114 691 3604 16543 2359 14184 7585 563 529 128
internal_count=29972 5315 24657 4624 1020 8114 691 3604 16543 2359 14184 7585 563 529 128
is_linear=0
shrinkage=0.119035


Tree=15
num_leaves=16
num_cat=0
split_feature=10 12 9 12 12 9 12 1 12 9 12 12 9 22 1
split_gain=0.00754506 0.0129869 0.0120674 0.0063371 0.0132305 0.0362106 0.00812844 0.00770169 0.00660036 0.0061862 0.00598409 0.00570727 0.00558248 0.00543748 0.0037077
threshold=-0.60785761079279388 14.500000000000002 -0.12940952255126037 18.500000000000004 14.500000000000002 -0.60355339059327384 19.500000000000004 0.014607207311965359 41.000000000000007 0.60355339059327384 46.500000000000007 12.500000000000002 -0.78656609248549325 0.0052743602347111876 0.022145040046971751
decision_type=2 2 2 2 2 2 2 2 2 2 2 2 2 2 2
left_child=1 2 14 4 7 -6 9 -2 -8 -5 13 -4 -12 -3 -1
right_child=3 10 11 6 5 -7 8 -9 -10 -11 12 -13 -14 -15 -16
leaf_value=0.0004433877728354328 0.00043231303569844467 5.5182017882471257e-08 0.0014966507418321304 0.0011591783500866577 -0.0016738765313137466 -1.61132194946685e-05 1.5725022089843714e-05 -0.00013011919013890811 -0.00018796886903846958 -5.5324062415577434e-05 0.001010292804906999 0.00049843133112942545 0.00017922766397127055 0.00074501393978415684 -0.00034023400792185081
leaf_weight=168 390 7309 198 148 289 559 14184 2755 2670 77 160 199 554 142 170
leaf_count=168 390 7309 198 148 289 559 14184 2755 2670 77 160 199 554 142 170
internal_value=4.01144e-07 9.25934e-05 0.00057298 -3.8113e-05 -0.000173202 -0.000591648 -6.00607e-06 -5.75289e-05 -1.60136e-05 0.000703835 4.82536e-05 0.00101885 0.000378003 1.54542e-05 2.28068e-05
internal_weight=29972 8900 735 21072 3993 848 17079 3145 16854 225 8165 397 714 7451 338
internal_count=29972 8900 735 21072 3993 848 17079 3145 16854 225 8165 397 714 7451 338
is_linear=0
shrinkage=0.119035


Tree=16
num_leaves=16
num_cat=0
split_feature=19 0 1 19 1 5 6 3 15 16 15 5 6 5 6
split_gain=0.00605723 0.0056144 0.00498797 0.00670069 0.00462666 0.00437898 0.00438519 0.00371934 0.00358108 0.00310691 0.00285806 0.00255461 0.00248751 0.00157172 0.00137754
threshold=0.0039277817457361594 0.0074343317262927705 0.023945482669050121 -0.0055481237339067837 0.050404861327149809 0.001303864218029638 0.0043508650955301773 24.110651206597595 2521.2840000000006 1538.1425000000002 7010.1355000000012 -0.0014049077183361234 0.0038877049198224882 -0.00010574416386471829 0.0085721387060710991
decision_type=2 2 2 2 2 2 2 2 2 2 2 2 2 2 2
left_child=1 2 11 -4 8 9 12 -6 -3 13 -11 -1 -7 -2 -8
right_child=5 4 3 -5 7 6 14 -9 -10 10 -12 -13 -14 -15 -16
leaf_value=-4.8378190577270284e-05 -3.5546327039837372e-05 6.5599359670723319e-05 0.00013550913645904753 -0.00021002756185985587 0.0017406382407021866 -0.00019186003496832952 -0.0007395753249514836 0.00032386927478059646 0.00045205467466556307 -0.00026802506857123877 0.00059377766478353148 5.5157529693043043e-05 0.00069320210750365807 0.00019323202968032335 0
leaf_weight=4293 721 1698 1062 2906 50 1898 293 102 453 760 53 14728 42 877 36
leaf_count=4293 721 1698 1062 2906 50 1898 293 102 453 760 53 14728 42 877 36
internal_value=4.60163e-07 2.37761e-05 5.62443e-06 -0.000115294 0.000201085 -0.000123634 -0.000242495 0.000848869 0.000151147 -8.06445e-06 -0.000200834 3.13196e-05 -0.000168084 8.44148e-05 -0.000654063
internal_weight=29972 25292 22989 3968 2303 4680 2269 152 2151 2411 813 19021 1940 1598 329
internal_count=29972 25292 22989 3968 2303 4680 2269 152 2151 2411 813 19021 1940 1598 329
is_linear=0
shrinkage=0.119035


Tree=17
num_leaves=15
num_cat=0
split_feature=14 10 15 14 8 5 11 6 19 0 2 6 0 10
split_gain=0.00594288 0.00641414 0.0101798 0.00754686 0.00725049 0.00599008 0.0048209 0.00368744 0.00262275 0.00103087 0.000936837 0.000804035 0.00027846 0.000180537
threshold=17.481218835880423 0.6078576107927941 996.64900000000011 40.801452444840017 -0.25881904510252113 -0.0042841428836084541 -0.47758798031576249 -0.0025359906060191668 -0.0055481237339067837 0.0058621025244305911 0.63898822204619188 -0.0012067765905327541 0.0052360651970068429 0.87837969732492682
decision_type=2 2 2 2 2 2 2 2 2 2 2 2 2 2
left_child=8 5 3 -3 -4 7 -7 -2 9 13 -11 -10 -13 -1
right_child=1 2 4 -5 -6 6 -8 -9 11 10 -12 12 -14 -15
leaf_value=8.1778151614845396e-05 0.0010007734583184983 -0.00023136961225793176 -5.4212550760244013e-05 0.00012851978806022163 -0.00038185056794710074 8.0705810932980658e-05 -3.4913209949958456e-05 0.00022815322949664574 0.00067436036173693277 0 0.0011104437312064422 -0.00031999366083440144 0 0.00065141569930707267
leaf_weight=84 115 1113 1867 3130 2132 9193 11394 661 22 18 111 52 48 32
leaf_count=84 115 1113 1867 3130 2132 9193 11394 661 22 18 111 52 48 32
internal_value=4.82587e-07 -5.12036e-06 -9.45786e-05 3.20076e-05 -0.000231124 2.89748e-05 1.62814e-05 0.000354194 0.000476803 0.000701581 0.000978856 0 -0.000117491 0.000316063
internal_weight=29972 29605 8242 4243 3999 21363 20587 776 367 245 129 122 100 116
internal_count=29972 29605 8242 4243 3999 21363 20587 776 367 245 129 122 100 116
is_linear=0
shrinkage=0.119035


Tree=18
num_leaves=15
num_cat=0
split_feature=6 5 7 24 11 4 4 4 15 15 15 15 1 18
split_gain=0.0046102 0.00596892 0.00427891 0.00329038 0.00322323 0.00935982 0.00826764 0.00362794 0.00450102 0.00314487 0.00381627 0.00318993 0.00274639 0.00238342
threshold=0.00235832008501824 -0.00034616905367057521 -0.0043652893193059086 0.0023484819887588577 -0.51088282004776642 0.055752109600659135 0.034126012104638621 0.021065327732178066 1740.7945000000002 1710.7380000000001 5598.4305000000013 1619.4840000000002 0.028072535346322428 0.29252404552633998
decision_type=2 2 2 2 2 2 2 2 2 2 2 2 2 2
left_child=4 9 13 -4 5 6 -1 8 -6 11 -11 -2 -9 -3
right_child=1 2 3 -5 7 -7 -8 12 -10 10 -12 -13 -14 -15
leaf_value=7.4603256684985215e-05 0.0001113947983328153 0.0008167205859676925 3.7943454370460038e-06 -0.00041114431059899943 -7.1018283796255068e-05 0.0024216973079559724 -0.00061830891802915446 0.00026281483103207746 0.00011297815852528966 -0.00023298400254984658 0.00048099186480811049 0.00099767924853286271 -6.6686306398963349e-05 -0.00016680283529689198
leaf_weight=11397 790 74 285 1366 11018 24 247 1055 2242 761 117 67 486 43
leaf_count=11397 790 74 285 1366 11018 24 247 1055 2242 761 117 67 486 43
internal_value=5.27752e-07 -0.000127491 -0.000281859 -0.000334101 1.78081e-05 6.47652e-05 5.9136e-05 -1.86052e-05 -3.92337e-05 2.46599e-05 -0.00012765 0.000191135 0.000153095 0.000378865
internal_weight=29972 3503 1768 1651 26469 11668 11644 14801 13260 1735 878 857 1541 117
internal_count=29972 3503 1768 1651 26469 11668 11644 14801 13260 1735 878 857 1541 117
is_linear=0
shrinkage=0.119035


Tree=19
num_leaves=14
num_cat=0
split_feature=13 10 12 13 13 13 14 13 8 8 23 14 19
split_gain=0.00887056 0.0062085 0.0146941 0.0261224 0.018409 0.00910421 0.0125212 0.0107721 0.00480981 0.00509834 0.00297588 0.00039725 0.000110019
threshold=59049.000000000007 0.6078576107927941 21.500000000000004 61796.250000000007 63295.55000000001 64174.150000000009 69.221113434579777 65608.450000000012 -0.78656609248549292 0.91597561503675362 0.0049248274312872096 49.735158674366254 0.00017434923470927013
decision_type=2 2 2 2 2 2 2 2 2 2 2 2 2
left_child=8 5 3 -3 -4 6 -2 -7 11 10 -10 12 -1
right_child=1 2 4 -5 -6 7 -8 -9 9 -11 -12 -13 -14
leaf_value=0 0.00017503311768267033 6.1323123479075444e-05 0.00072455262874995601 -0.00093131540968720728 -7.2562769619414165e-05 -0.00022867329458449369 -0.00025870452638283067 2.4799401878001835e-05 0.00070346865292771272 -0.00048468790624969327 0.0018565722860344445 0 -0.00054688434944067527
leaf_weight=24 7632 725 439 746 6200 3131 1061 9674 199 29 58 24 30
leaf_count=24 7632 725 439 746 6200 3131 1061 9674 199 29 58 24 30
internal_value=5.36194e-07 -6.34552e-06 -9.53357e-05 -0.000436008 -1.85055e-05 2.68096e-05 0.000121065 -3.64801e-05 0.000584839 0.000816908 0.000998593 -0.000151455 -0.000370589
internal_weight=29972 29608 8110 1471 6639 21498 8693 12805 364 286 257 78 54
internal_count=29972 29608 8110 1471 6639 21498 8693 12805 364 286 257 78 54
is_linear=0
shrinkage=0.119035


Tree=20
num_leaves=14
num_cat=0
split_feature=13 8 13 13 13 13 14 13 4 15 1 8 6
split_gain=0.00713388 0.00522178 0.00484194 0.00726309 0.0131681 0.00708064 0.00693019 0.0112846 0.00417623 0.0022525 0.00228802 0.000306314 6.62244e-05
threshold=58727.750000000007 -0.78656609248549292 64029.400000000001 75487.950000000012 73710.200000000012 76705.300000000017 76.440034135588476 61889.55000000001 -0.0484738935195329 2856.2270000000003 0.013995857454005133 -0.9159756150367534 -0.00052710643699382931
decision_type=2 2 2 2 2 2 2 2 2 2 2 2 2
left_child=1 11 6 4 -4 -5 8 -8 -2 10 -3 -1 -11
right_child=2 9 3 5 -6 -7 7 -9 -10 12 -12 -13 -14
leaf_value=-0.00036681197218561932 -0.00042729632513352001 7.4984067970581894e-05 -7.3172317114987939e-05 0.00024948533340537121 -0.00057648800969689108 -1.6788422289460842e-05 -0.0020398300942806105 -0.0001416630293868328 9.2974811337395347e-05 0.00019323503398758777 0.001556639644336629 0 0
leaf_weight=40 218 33 7383 1655 829 9497 54 332 9758 27 98 30 18
leaf_count=40 218 33 7383 1655 829 9497 54 332 9758 27 98 30 18
internal_value=4.55187e-07 0.000639082 -4.52935e-06 -3.99519e-05 -0.000125072 2.19261e-05 6.08036e-05 -0.000430448 8.07086e-05 0.000992612 0.0012517 -0.000122105 3.95497e-05
internal_weight=29972 246 29726 19364 8212 11152 10362 386 9976 176 131 70 45
internal_count=29972 246 29726 19364 8212 11152 10362 386 9976 176 131 70 45
is_linear=0
shrinkage=0.119035


Tree=21
num_leaves=16
num_cat=0
split_feature=10 0 17 23 14 17 19 14 15 0 9 23 9 9 15
split_gain=0.0048982 0.00604194 0.0102615 0.00731153 0.00544999 0.0122771 0.00494017 0.00463136 0.00878766 0.00361171 0.00326974 0.00260671 0.00737729 0.00429306 0.00186872
threshold=-0.60785761079279388 0.0076606043473516376 0.0061942618888129698 0.0046190771232313714 24.031456561844099 0.0011484338996457161 0.0039277817457361594 48.604676984992331 1710.7380000000001 0.0092718766562408586 -0.60355339059327384 0.0038573163957995632 -0.3794095225512602 1.0000000180025095e-35 152.84700000000001
decision_type=2 2 2 2 2 2 2 2 2 2 2 2 2 2 2
left_child=1 4 3 -3 5 -1 7 8 -2 -4 -9 13 -13 -8 -6
right_child=6 2 9 -5 14 -7 11 10 -10 -11 -12 12 -14 -15 -16
leaf_value=0 -0.00012947170902678277 0.0022703542158396166 -0.0012810247486967441 0.00056367766068715283 -0.00023413921419335518 0.0021084848288196274 -0.00021844623479330024 0.00018759709391591209 0.00013321038550847807 2.1229390526972573e-05 1.4157841385923778e-05 6.9302097041107702e-05 -0.00045410272992940989 0.00014352370470941268 4.8855956312489232e-05
leaf_weight=111 7035 47 47 295 336 59 1059 2135 2398 50 6018 549 1077 801 7955
leaf_count=111 7035 47 47 295 336 59 1059 2135 2398 50 6018 549 1077 801 7955
internal_value=3.05049e-07 7.46437e-05 0.000507526 0.000824461 5.11258e-05 0.000721113 -3.06684e-05 -4.48334e-06 -6.17462e-05 -0.000517697 6.06729e-05 -0.0001602 -0.000271883 -5.77583e-05 3.63084e-05
internal_weight=29972 8900 439 342 8461 170 21072 17586 9433 97 8153 3486 1626 1860 8291
internal_count=29972 8900 439 342 8461 170 21072 17586 9433 97 8153 3486 1626 1860 8291
is_linear=0
shrinkage=0.119035


Tree=22
num_leaves=12
num_cat=0
split_feature=13 13 8 14 13 16 19 1 8 14 8
split_gain=0.00572581 0.00426515 0.00406346 0.00358315 0.00355887 0.00258039 0.00199335 0.00180785 0.00140355 0.000291196 0.000219156
threshold=58727.750000000007 81599.60000000002 -0.78656609248549292 17.481218835880423 79325.050000000017 2175.0915000000005 -0.0053067788766843474 0.013995857454005133 -0.60355339059327362 65.290797342790555 -0.9159756150367534
decision_type=2 2 2 2 2 2 2 2 2 2 2
left_child=2 3 10 6 -5 7 -2 -4 9 -3 -1
right_child=1 8 5 4 -6 -7 -8 -9 -10 -11 -12
leaf_value=-0.0003000350115569695 0.00057368849975168148 0 6.8003062581292395e-05 -2.002591011199588e-05 0.00011075964401660789 0 0 0.0014275940441453442 -0.0009159357540002342 -0.00029924009007195769 0
leaf_weight=40 238 35 33 25848 3321 45 114 98 93 77 30
leaf_count=40 238 35 33 25848 3321 45 114 98 93 77 30
internal_value=4.03715e-07 -4.0308e-06 0.000572571 0 -4.82887e-06 0.000884592 0.000377223 0.0011534 -0.000545101 -0.000157262 -8.42495e-05
internal_weight=29972 29726 246 29521 29169 176 352 131 205 112 70
internal_count=29972 29726 246 29521 29169 176 352 131 205 112 70
is_linear=0
shrinkage=0.119035


Tree=23
num_leaves=16
num_cat=0
split_feature=10 1 14 8 3 1 1 3 10 14 8 0 16 22 14
split_gain=0.00396399 0.00564501 0.00452985 0.00565859 0.00449627 0.00448957 0.00494896 0.00546659 0.00462896 0.00253304 0.00413186 0.00232185 0.0018801 0.00190758 0.00150876
threshold=-0.60785761079279388 0.016036242499003706 25.017604039739826 -0.60355339059327362 22.532271240996504 0.011968246190768273 0.050404861327149809 24.110651206597595 0.6078576107927941 42.091386956849128 1.0000000180025095e-35 0.0029639260386273695 1075.7405000000001 0.001850541579836229 69.425191946649534
decision_type=2 2 2 2 2 2 2 2 2 2 2 2 2 2 2
left_child=1 12 3 -3 -4 9 8 -8 -7 10 -2 -11 13 -1 -14
right_child=5 2 4 -5 -6 6 7 -9 -10 11 -12 -13 14 -15 -16
leaf_value=5.5491623398506971e-05 0.00017772512194581819 0.0018025501841246001 0.00038541157331162761 0 5.0173618347959908e-05 -1.5004949835033917e-05 0.0013165777966701615 8.4268729519465467e-05 -0.00014723273482880535 -9.6085715681741679e-05 -0.00029100862569941171 0.00016559973890650225 0.00031075999523367149 -8.2717883776605461e-05 -9.7753339568367752e-05
leaf_weight=2632 455 57 935 52 1633 9959 74 226 6194 525 604 3035 469 2986 136
leaf_count=2632 455 57 935 52 1633 9959 74 226 6194 525 604 3035 469 2986 136
internal_value=3.69305e-07 6.72725e-05 0.000211882 0.000981768 0.000175716 -2.74637e-05 -5.68869e-05 0.000418098 -6.62625e-05 7.54064e-05 -8.11736e-05 0.000124496 3.62708e-06 -1.63759e-05 0.000204149
internal_weight=29972 8900 2677 109 2568 21072 16453 300 16153 4619 1059 3560 6223 5618 605
internal_count=29972 8900 2677 109 2568 21072 16453 300 16153 4619 1059 3560 6223 5618 605
is_linear=0
shrinkage=0.119035


Tree=24
num_leaves=13
num_cat=0
split_feature=12 10 5 1 5 9 12 23 9 17 0 1
split_gain=0.00471108 0.0040697 0.00774462 0.00638527 0.00571556 0.00560094 0.0142394 0.0118098 0.000785142 0.000521146 0.000784229 7.41025e-05
threshold=49.500000000000007 0.6078576107927941 0.0055960022948344798 0.03616290232212107 0.010327026623085269 -0.5 23.500000000000004 0.0042425187031186057 -0.9159756150367534 0.00093825293765066435 0.004387431146021273 0.012033025408883411
decision_type=2 2 2 2 2 2 2 2 2 2 2 2
left_child=1 5 3 -3 -4 7 -7 -1 -2 11 -11 -10
right_child=8 2 4 -5 -6 6 -8 -9 9 10 -12 -13
leaf_value=4.3648521818361198e-05 0 -9.3784231919265525e-05 -0.0012168144060916495 0.00027553817225319335 0.00066180241540090862 0.00013610200964013521 -0.00011030697546211683 0.00047884149751553618 8.8227776497741375e-06 0.00034835866495912043 0.0012339731144249732 0.00036652071307444715
leaf_weight=6138 42 7213 136 721 21 5209 9132 1046 71 84 47 112
leaf_count=6138 42 7213 136 721 21 5209 9132 1046 71 84 47 112
internal_value=4.13497e-07 -4.46204e-06 -7.66845e-05 -5.90946e-05 -0.000908543 2.22702e-05 -2.01817e-05 0.000108259 0.000431113 0.000496131 0.000734462 0.000276614
internal_weight=29972 29616 8091 7934 157 21525 14341 7184 356 314 131 183
internal_count=29972 29616 8091 7934 157 21525 14341 7184 356 314 131 183
is_linear=0
shrinkage=0.119035


Tree=25
num_leaves=13
num_cat=0
split_feature=12 7 4 7 7 12 4 15 9 24 17 0
split_gain=0.00381253 0.0033105 0.00323854 0.00308512 0.00607021 0.00320114 0.00304401 0.00122825 0.000650538 0.000356765 0.0004584 5.93498e-06
threshold=49.500000000000007 0.004361977901236048 -0.02792823181538889 -0.0061374796279047286 -0.0069149282933567693 17.500000000000004 0.0030469464805070738 1168.4245000000003 -0.9159756150367534 0.0023372920759192482 0.00093825293765066435 0.0040785010410653655
decision_type=2 2 2 2 2 2 2 2 2 2 2 2
left_child=1 3 7 4 -1 -5 -4 -3 -2 11 -11 -10
right_child=8 2 6 5 -6 -7 -8 -9 9 10 -12 -13
leaf_value=0 0 -0.002067772372299808 6.0663581845707599e-05 -9.2092927051641181e-05 0.001032921980913877 1.7163829872717286e-05 -0.00031993025010020986 -0.00035722113258293011 0.00017743634615131402 0.00031019024851136975 0.00090865549551895916 0
leaf_weight=246 42 19 494 4531 122 23527 642 35 94 125 72 23
leaf_count=246 42 19 494 4531 122 23527 642 35 94 125 72 23
internal_value=5.32807e-07 -3.82307e-06 -0.000198487 4.01171e-06 0.000346446 -1.61054e-07 -0.000146556 -0.00112506 0.000388003 0.000447254 0.000574362 0.00015677
internal_weight=29972 29616 1190 28426 368 28058 1136 54 356 314 197 117
internal_count=29972 29616 1190 28426 368 28058 1136 54 356 314 197 117
is_linear=0
shrinkage=0.119035


Tree=26
num_leaves=13
num_cat=0
split_feature=13 12 12 9 13 0 10 12 8 11 19 8
split_gain=0.00519383 0.00526507 0.0209105 0.0193078 0.0138394 0.0175418 0.011317 0.00549001 0.00247353 0.00380464 0.00118132 0.00108019
threshold=59049.000000000007 17.500000000000004 14.500000000000002 -0.60355339059327384 62844.05000000001 0.0074343317262927705 -0.60785761079279388 19.500000000000004 0.91597561503675362 -0.63523048017153083 0.0037887306273129977 -0.9159756150367534
decision_type=2 2 2 2 2 2 2 2 2 2 2 2
left_child=8 2 6 -4 5 -3 -2 -6 9 10 -1 -11
right_child=1 4 3 -5 7 -7 -8 -9 -10 11 -12 -13
leaf_value=0.0012499699574477702 0.00043011880041346988 0.00020082744769372955 -0.0013128917938534811 -0.00020714582606096908 0.00052050706276015322 0.0014745058593635576 -9.1366933942719106e-05 -1.6856647030923295e-05 -0.000450201091916754 -0.00020919710342551389 0 0.00035569943184506482
leaf_weight=106 735 1979 353 680 272 170 2963 22456 29 47 21 161
leaf_count=106 735 1979 353 680 272 170 2963 22456 29 47 21 161
internal_value=5.08124e-07 -4.68746e-06 -0.000120028 -0.000593676 1.68881e-05 0.000305755 9.8649e-06 -1.00319e-05 0.000447666 0.000552101 0.00108274 0.000185061
internal_weight=29972 29608 4731 1033 24877 2149 3698 22728 364 335 127 208
internal_count=29972 29608 4731 1033 24877 2149 3698 22728 364 335 127 208
is_linear=0
shrinkage=0.119035


Tree=27
num_leaves=14
num_cat=0
split_feature=13 12 12 14 13 11 13 13 5 8 8 11 21
split_gain=0.00400441 0.00410501 0.0162902 0.0128095 0.0107778 0.00903421 0.0084882 0.00491035 0.00217245 0.0029567 0.00198952 0.000166843 0.000128867
threshold=59049.000000000007 17.500000000000004 14.500000000000002 58.164508348026864 62844.05000000001 -0.85389847651925133 60523.55000000001 63069.900000000009 0.0017586397565991787 0.91597561503675362 -0.78656609248549292 -0.59484300266053125 -0.0056838876039037025
decision_type=2 2 2 2 2 2 2 2 2 2 2 2 2
left_child=8 2 3 -2 5 -3 -4 -6 9 10 -1 -10 -13
right_child=1 4 6 -5 7 -7 -8 -9 11 -11 -12 12 -14
leaf_value=0 0.00017366920650404874 0.0007862912260003076 -0.00014400067250984689 -0.00029028345465182152 -0.00032150845996245221 0.00014699316311274601 -0.00085311610862999607 5.9466136900104825e-07 0 -0.0003966409413671674 0.0008686106006289136 0 -0.00032469238234153448
leaf_weight=47 2400 399 492 1298 690 1750 541 22038 27 29 202 18 41
leaf_count=47 2400 399 492 1298 690 1750 541 22038 27 29 202 18 41
internal_value=4.32139e-07 -4.09347e-06 -0.000105966 8.40297e-06 1.49208e-05 0.000269856 -0.00052404 -8.79086e-06 0.000393097 0.000559074 0.00070631 -3.94827e-05 -0.000205743
internal_weight=29972 29608 4731 3698 24877 2149 1033 22728 364 278 249 86 59
internal_count=29972 29608 4731 3698 24877 2149 1033 22728 364 278 249 86 59
is_linear=0
shrinkage=0.119035


Tree=28
num_leaves=16
num_cat=0
split_feature=13 12 12 4 17 7 12 12 12 10 8 13 14 8 17
split_gain=0.00364225 0.0090037 0.00832393 0.00773979 0.00724484 0.00537547 0.00535641 0.00530928 0.00527773 0.00510103 0.00283994 0.00203086 0.00273833 0.00208732 0.000779785
threshold=64108.350000000006 19.500000000000004 28.500000000000004 0.011458568860860054 0.0011047605266290338 0.004361977901236048 24.500000000000004 32.500000000000007 18.500000000000004 -0.60785761079279388 -0.70710678118654735 63723.750000000007 25.432502235865446 0.60355339059327384 0.0015412868121302168
decision_type=2 2 2 2 2 2 2 2 2 2 2 2 2 2 2
left_child=2 3 4 14 8 7 -7 -3 -1 -6 -5 12 -4 -13 -2
right_child=1 5 11 10 9 6 -8 -9 -10 -11 -12 13 -14 -15 -16
leaf_value=-0.00021013401235933125 -0.0012467124222538613 -5.5599731133745107e-05 0 0.00057478778874534952 0.00029442267268553387 -0.0010134084268693931 -0.00013812176987949677 7.8709296406884708e-05 3.2674312303946219e-05 4.6039562646647864e-05 -0.00030982654734933472 6.9304281815199309e-05 0.0011294446564532202 0.00090733423254559745 -0.0006028061624328533
leaf_weight=2161 137 11175 32 75 1784 145 419 6640 2951 3745 161 206 143 65 133
leaf_count=2161 137 11175 32 75 1784 145 419 6640 2951 3745 161 206 143 65 133
internal_value=3.50679e-07 -3.11427e-05 5.48013e-05 -0.000527085 3.27915e-05 -1.70017e-05 -0.000379028 -5.03816e-06 -6.82194e-05 0.000127801 0 0.000559857 0.00090593 0.000303344 -0.0009627
internal_weight=29972 18885 11087 506 10641 18379 564 17815 5112 5529 236 446 175 271 270
internal_count=29972 18885 11087 506 10641 18379 564 17815 5112 5529 236 446 175 271 270
is_linear=0
shrinkage=0.119035


Tree=29
num_leaves=16
num_cat=0
split_feature=13 12 12 8 14 13 12 12 6 6 12 11 8 8 11
split_gain=0.0036206 0.00451887 0.0271954 0.00952672 0.00800457 0.0107641 0.00768054 0.00384722 0.00130957 0.00199288 0.00135072 0.00104603 0.000214837 6.19808e-05 5.84409e-08
threshold=81450.10000000002 44.500000000000007 41.000000000000007 0.25881904510252091 35.389682685427779 79685.10000000002 32.500000000000007 48.500000000000007 0.0029694297747034919 0.0043508650955301773 49.500000000000007 1.0018147247405014 -0.70710678118654735 0.25881904510252091 0.29136340088021573
decision_type=2 2 2 2 2 2 2 2 2 2 2 2 2 2 2
left_child=1 2 6 -4 7 -6 -1 -3 10 12 11 -2 -10 -11 -12
right_child=8 4 3 -5 5 -7 -8 -9 9 13 14 -13 -14 -15 -16
leaf_value=-1.5520481375301782e-05 -0.00065622405544548215 0 -0.0002428068902121163 -0.001282806645823134 -9.3425308121369735e-05 0.00049404900470537009 0.00017509918607826324 -0.00067770230928731448 0 -0.00087840186190645919 0 0 0.00091219993109120114 0 6.2770925037558016e-06
leaf_weight=23119 239 394 252 307 660 1211 3435 179 32 19 21 44 21 18 21
leaf_count=23119 239 394 252 307 660 1211 3435 179 32 19 21 44 21 18 21
internal_value=2.97087e-07 5.49747e-06 -8.16306e-06 -0.000829986 0.000160701 0.000282038 8.80124e-06 -0.000219888 -0.000348522 0 -0.000460647 -0.000557952 0.000521955 -0.000610458 0
internal_weight=29972 29557 27113 559 2444 1871 26554 573 415 90 325 283 53 37 42
internal_count=29972 29557 27113 559 2444 1871 26554 573 415 90 325 283 53 37 42
is_linear=0
shrinkage=0.119035


Tree=30
num_leaves=15
num_cat=0
split_feature=13 16 6 12 13 13 11 19 11 16 3 3 11 21
split_gain=0.00326348 0.00364165 0.00427627 0.00316361 0.00294696 0.0018114 0.00180652 0.00131578 0.00112138 0.000819523 0.000552408 0.000373582 0.000324368 8.12702e-05
threshold=59049.000000000007 5930.134500000001 0.0043508650955301773 17.500000000000004 63575.750000000007 62083.850000000013 -1.2067093315476709 0.0027121713655310358 -1.8057697010150819 8899.6025000000027 31.211852101682727 17.377722477071806 0.14847928864526286 0.0010285353242333042
decision_type=2 2 2 2 2 2 2 2 2 2 2 2 2 2
left_child=6 2 3 -2 -4 11 8 10 -1 -7 -8 -3 -9 -10
right_child=1 5 4 -5 -6 9 7 12 13 -11 -12 -13 -14 -15
leaf_value=0 -9.4807885600838758e-05 6.9431336672570417e-05 9.0470080079774937e-06 1.6778310101352299e-05 -0.00037752138960958973 0 0.0003928393259188695 -0.00056792681185793934 0.0013736042847901392 0.00048723102094608371 0 0.0009174817612695674 0 0.00020321228803656661
leaf_weight=18 4240 35 380 23853 735 204 194 29 42 72 41 89 18 22
leaf_count=18 4240 35 380 23853 735 204 194 29 42 72 41 89 18 22
internal_value=1.03579e-07 -3.95312e-06 -9.13715e-06 0 -0.000237758 0.000352215 0.000354629 0.000170858 0.000877437 0.000140956 0.000306749 0.000750256 -0.000318278 0.00111112
internal_weight=29972 29608 29208 28093 1115 400 364 282 82 276 235 124 47 64
internal_count=29972 29608 29208 28093 1115 400 364 282 82 276 235 124 47 64
is_linear=0
shrinkage=0.119035


Tree=31
num_leaves=16
num_cat=0
split_feature=13 17 1 13 13 9 14 23 13 13 13 13 13 13 17
split_gain=0.0032538 0.00547701 0.0054686 0.00539417 0.00516169 0.00500765 0.00704839 0.00445016 0.00558383 0.011872 0.00562727 0.00316779 0.00866984 0.00659818 0.00299665
threshold=64029.400000000001 0.0011047605266290338 0.041863925781928733 62171.850000000006 63069.900000000009 -0.3794095225512602 65.682474625124669 0.0034840996158373885 75487.950000000012 73791.150000000009 80266.60000000002 79125.900000000009 80105.450000000012 78898.60000000002 0.0058464818939809914
decision_type=2 2 2 2 2 2 2 2 2 2 2 2 2 2 2
left_child=1 2 4 -4 -1 6 -3 11 9 -9 -10 13 -13 -2 -7
right_child=7 5 3 -5 -6 14 -8 8 10 -11 -12 12 -14 -15 -16
leaf_value=-0.00017761984817542327 -6.4826001979851757e-06 0.0003864869523006098 0.0009851115689459458 0 6.7476295148248265e-05 8.7434617061202269e-05 -0.00027720952052268539 -0.00016114294268651603 0.00012618492631308336 -0.00112767082747213 -0.00024129537064005444 0.00060269469645757951 1.7941559149132401e-05 -0.00083012131988497437 -0.0002890002926136806
leaf_weight=2664 11082 1639 143 160 2176 3257 247 2873 1842 197 867 453 1910 140 322
leaf_count=2664 11082 1639 143 160 2176 3257 247 2873 1842 197 867 453 1910 140 322
internal_value=2.41563e-07 5.35259e-05 -3.32507e-05 0.000453639 -6.55805e-05 0.000136826 0.000294823 -2.84869e-05 -0.000116084 -0.000226083 5.2734e-06 8.11824e-06 0.000133829 -1.75559e-05 5.10675e-05
internal_weight=29972 10608 5143 303 4840 5465 1886 19364 5779 3070 2709 13585 2363 11222 3579
internal_count=29972 10608 5143 303 4840 5465 1886 19364 5779 3070 2709 13585 2363 11222 3579
is_linear=0
shrinkage=0.119035


Tree=32
num_leaves=16
num_cat=0
split_feature=5 15 4 8 5 16 16 10 5 5 5 15 16 16 8
split_gain=0.00288133 0.00506545 0.00294947 0.00263579 0.00247262 0.00747197 0.00626813 0.00395565 0.00298141 0.003066 0.00236029 0.00221721 0.00189649 0.00260916 0.00133031
threshold=0.004194956635824588 1963.9245000000003 0.005646209411613202 0.12940952255126045 -0.0042841428836084541 423.35600000000005 368.45300000000003 1.0000000180025095e-35 -0.0014577031459951371 -0.00051975631571155023 -0.0025628311949002498 2300.5095000000006 2513.1695000000004 786.54000000000008 -0.70710678118654735
decision_type=2 2 2 2 2 2 2 2 2 2 2 2 2 2 2
left_child=4 12 3 -3 5 6 -1 -7 10 -10 -6 -4 13 -2 -14
right_child=1 2 11 -5 8 7 -8 -9 9 -11 -12 -13 14 -15 -16
leaf_value=0 -0.00053104766940362627 0.00058687094319562606 0.00072265314749374733 -0.00025541293636793507 1.865530099196818e-05 0.00046745484308851752 -0.0019404784220040921 8.5415263010697372e-07 0.00010266108596903439 -3.0552852230760365e-06 -0.00013985124239934902 -0.00030677888965111998 0 -3.4563684272963359e-05 -0.0011832819465235945
leaf_weight=43 324 214 30 53 2053 610 41 513 4979 17061 3364 240 20 358 69
leaf_count=43 324 214 30 53 2053 610 41 513 4979 17061 3364 240 20 358 69
internal_value=1.28118e-07 -0.000172336 9.52973e-05 0.000386182 8.31009e-06 0.000175091 -0.000883823 0.000262272 6.52684e-07 2.04212e-05 -7.81279e-05 -0.000159245 -0.000370338 -0.000283548 -0.000934781
internal_weight=29972 1308 537 267 28664 1207 84 1123 27457 22040 5417 270 771 682 89
internal_count=29972 1308 537 267 28664 1207 84 1123 27457 22040 5417 270 771 682 89
is_linear=0
shrinkage=0.119035


Tree=33
num_leaves=16
num_cat=0
split_feature=6 14 5 5 14 15 10 6 14 6 7 9 12 22 20
split_gain=0.00255182 0.0047835 0.0054543 0.00421728 0.00342649 0.00340176 0.00291444 0.0023635 0.00769619 0.00643262 0.00470751 0.00386693 0.00586536 0.00228961 0.000732613
threshold=0.00235832008501824 59.016185089852264 -0.00040105669302514796 -0.00079940707809683642 57.773183174313367 5598.4305000000013 0.6078576107927941 -0.0014654597875439765 20.034418852003792 -0.0025359906060191668 -0.0018584601146080513 -0.5 18.500000000000004 0.0038783302163914331 0.0093982377123219569
decision_type=2 2 2 2 2 2 2 2 2 2 2 2 2 2 2
left_child=7 2 3 -2 -4 6 -3 8 10 -10 -1 12 -9 -13 -7
right_child=1 5 4 -5 -6 14 -8 11 9 -11 -12 13 -14 -15 -16
leaf_value=0.0014182548756651455 9.0114828982861507e-05 -0.00019665599028065742 -0.00026506259310154638 0.00074417182496031985 0.00061836842343785487 0 -0.00061555490435577173 -0.00014077296228347307 4.4919442936754184e-05 -0.00019434921598278438 0.0001815190059815774 2.670761482567989e-05 0.00016431281778971253 -8.4691416753680996e-05 0.00053639612112396987
leaf_weight=75 929 1030 823 176 62 46 360 1048 3095 3180 156 10239 5169 3507 77
leaf_count=75 929 1030 823 176 62 46 360 1048 3095 3180 156 10239 5169 3507 77
internal_value=2.12215e-08 -9.51515e-05 2.20321e-05 0.000202392 -0.000193059 -0.000255188 -0.000311587 1.29546e-05 -4.87963e-05 -7.49106e-05 0.000621834 3.35273e-05 0.000111446 -1.06303e-06 0.00030943
internal_weight=29972 3503 1990 1105 885 1513 1390 26469 6506 6275 231 19963 6217 13746 123
internal_count=29972 3503 1990 1105 885 1513 1390 26469 6506 6275 231 19963 6217 13746 123
is_linear=0
shrinkage=0.119035


Tree=34
num_leaves=16
num_cat=0
split_feature=13 21 9 0 22 9 16 3 13 13 0 13 13 13 16
split_gain=0.00298644 0.00641968 0.00990968 0.00637679 0.00454312 0.00945029 0.00802447 0.0078009 0.00376129 0.00576769 0.00359813 0.00327279 0.002447 0.00229459 0.00148249
threshold=62660.200000000004 0.0042225143845998634 0.78656609248549303 0.0073272979717040722 0.0030736746543980936 0.78656609248549303 771.09700000000009 13.399033222578668 77565.550000000017 79125.900000000009 0.0043550454261349894 59719.350000000006 61715.750000000007 60138.150000000001 1100.4975000000002
decision_type=2 2 2 2 2 2 2 2 2 2 2 2 2 2 2
left_child=1 3 13 12 8 7 -7 -6 10 -10 -2 -5 -1 -3 -4
right_child=4 2 14 11 5 6 -8 -9 9 -11 -12 -13 -14 -15 -16
leaf_value=-2.1727787917491259e-05 3.6126514870532804e-05 -5.663754331527175e-06 0 0.00082945744174914467 -0.00039406681791403033 -2.7295531879947555e-05 -0.00048148998386530898 1.5522529331621969e-05 -0.00017928108671741419 9.6278447490803055e-05 0.00022827879822751311 0.0002786960840383416 0.00020581406608550945 -0.00054641678823545584 0.00092552973946297774
leaf_weight=1765 7862 189 32 230 713 1029 1307 8388 2519 1835 1726 769 1026 481 101
leaf_count=1765 7862 189 32 230 713 1029 1307 8388 2519 1835 1726 769 1026 481 101
internal_value=7.69783e-08 8.8696e-05 -0.000212383 0.000154847 -1.56087e-05 -7.1445e-05 -0.000285248 -1.55841e-05 2.9554e-05 -6.10924e-05 7.16501e-05 0.00041446 5.87158e-05 -0.000407226 0.000701861
internal_weight=29972 4593 803 3790 25379 11437 2336 9101 13942 4354 9588 999 2791 670 133
internal_count=29972 4593 803 3790 25379 11437 2336 9101 13942 4354 9588 999 2791 670 133
is_linear=0
shrinkage=0.119035


Tree=35
num_leaves=15
num_cat=0
split_feature=19 13 13 6 14 14 17 9 10 6 10 10 14 19
split_gain=0.00241909 0.00308509 0.00213146 0.00220627 0.00291952 0.0028767 0.00197098 0.00177229 0.00155586 0.00141393 0.00135905 0.00281977 0.0011894 0.000111368
threshold=-0.0082489324115799217 61796.250000000007 81450.10000000002 0.00235832008501824 40.801452444840017 59.016185089852264 0.003564287366673385 0.78656609248549303 0.87837969732492682 0.0029694297747034919 -0.8783796973249266 1.0000000180025095e-35 39.676202187914669 -0.001552342329163958
decision_type=2 2 2 2 2 2 2 2 2 2 2 2 2 2
left_child=1 10 3 4 -2 -5 8 9 -3 -4 -1 -12 -8 -9
right_child=2 6 7 5 -6 -7 12 13 -10 -11 11 -13 -14 -15
leaf_value=0 -5.7847588906421292e-05 9.1079939091406214e-05 -0.00026341399605419474 0 3.4075429666062855e-05 -0.00022111651961620666 0.00094314883899679087 0 -0.00028171176769586518 0.00030749640820298361 0.0014395597808850291 0.00030394560066166046 0 -0.000836357732880662
leaf_weight=21 6650 802 242 1894 18276 1434 56 18 195 71 57 136 42 78
leaf_count=21 6650 802 242 1894 18276 1434 56 18 195 71 57 136 42 78
internal_value=6.73417e-08 0.000158603 -6.86086e-06 -2.63558e-06 9.19255e-06 -9.39123e-05 6.8456e-05 -0.000276872 9.19472e-06 -0.000105334 0.000578045 0.000685754 0.000580019 -0.000742917
internal_weight=29972 1309 28663 28254 24926 3328 1095 409 997 313 214 193 98 96
internal_count=29972 1309 28663 28254 24926 3328 1095 409 997 313 214 193 98 96
is_linear=0
shrinkage=0.119035


Tree=36
num_leaves=15
num_cat=0
split_feature=4 13 9 13 14 13 13 13 13 0 13 0 13 23
split_gain=0.00281976 0.0124052 0.00667982 0.00284958 0.004453 0.00587026 0.0038713 0.0113461 0.00533294 0.00377588 0.00194985 0.00158666 0.00028057 4.34043e-06
threshold=-0.0484738935195329 62372.100000000006 0.25881904510252057 64108.350000000006 78.991835018406348 62602.05000000001 75059.10000000002 73710.200000000012 76705.300000000017 0.0075498176479964207 61715.750000000007 0.0091190609622544012 63700.100000000013 0.0044756710877768566
decision_type=2 2 2 2 2 2 2 2 2 2 2 2 2 2
left_child=1 10 12 4 9 -6 7 -5 -8 -2 -1 -4 -3 -12
right_child=3 2 11 6 5 -7 8 -9 -10 -11 13 -13 -14 -15
leaf_value=0.0011766582191356488 3.080981321692984e-05 6.4856031720878844e-05 -0.0012088220122867593 -4.169025426061939e-05 -0.0016854904312685972 -0.00012495775318762141 0.00020960588369357339 -0.00054294446245479132 -1.4863563238097258e-05 0.00021845205075264541 5.6869806988070267e-05 -0.0030055929872674914 -0.00044719990509938743 0
leaf_weight=48 8711 41 71 6897 45 214 1771 713 9494 1889 19 21 19 19
leaf_count=48 8711 41 71 6897 45 214 1771 713 9494 1889 19 21 19 19
internal_value=3.49128e-08 -0.000407732 -0.0010775 3.59976e-06 5.24435e-05 -0.000430703 -2.40269e-05 -8.98301e-05 1.96323e-05 6.50929e-05 0.000672067 -0.00171659 0 0
internal_weight=29972 238 152 29734 10859 259 18875 7610 11265 10600 86 92 60 38
internal_count=29972 238 152 29734 10859 259 18875 7610 11265 10600 86 92 60 38
is_linear=0
shrinkage=0.119035


Tree=37
num_leaves=14
num_cat=0
split_feature=4 17 14 21 8 5 14 12 14 14 18 8 3
split_gain=0.00229649 0.00324674 0.00510608 0.00210246 0.00305959 0.00206567 0.00361127 0.00246153 0.00196935 0.00127851 0.00103866 0.000931222 0.000682214
threshold=-0.044207472827228526 0.0014743785306193917 24.031456561844099 0.0085014411817537789 0.78656609248549325 0.003577777654525716 35.211762635132061 44.500000000000007 88.315143025984028 51.455986686789423 0.31035324707601042 0.12940952255126045 24.197213844882217
decision_type=2 2 2 2 2 2 2 2 2 2 2 2 2
left_child=1 2 -1 5 8 7 -7 -2 -5 -6 11 -3 -4
right_child=3 10 12 4 9 6 -8 -9 -10 -11 -12 -13 -14
leaf_value=0.00047642022529957877 6.0973680146824448e-06 0.00037196469685836102 0 -0.00010434919439605898 0 0.00050677629829811019 -0.00017301524108326858 0.00012796916099440189 0.00075452266486220976 -0.00072196532805816459 -0.00060566656816845254 -0.00012546359590063217 -0.0012580497797652986
leaf_weight=29 24323 103 19 825 18 114 1506 2626 38 165 34 75 97
leaf_count=29 24323 103 19 825 18 114 1506 2626 38 165 34 75 97
internal_value=0 -0.000299905 -0.00073394 3.8053e-06 -0.000161449 1.01689e-05 -0.000119654 1.83048e-05 -5.61563e-05 -0.000609086 0 0.00011215 -0.00111363
internal_weight=29972 357 145 29615 1046 28569 1620 26949 863 183 212 178 116
internal_count=29972 357 145 29615 1046 28569 1620 26949 863 183 212 178 116
is_linear=0
shrinkage=0.119035


Tree=38
num_leaves=14
num_cat=0
split_feature=13 10 1 1 13 13 11 13 11 1 1 8 13
split_gain=0.00209232 0.00237984 0.00556153 0.00730674 0.00497089 0.00407268 0.0025173 0.00199777 0.00190705 0.000736432 0.000905845 0.000286444 0.000232943
threshold=58727.750000000007 0.6078576107927941 0.011896350953746125 0.03616290232212107 59464.200000000004 81175.450000000026 -0.19476596479689209 63575.750000000007 -0.45732043649657939 0.026956592585039702 0.014329183193895183 -0.9159756150367534 58569.500000000007
decision_type=2 2 2 2 2 2 2 2 2 2 2 2 2
left_child=8 4 7 -4 6 -6 -2 -3 9 10 -1 -10 -13
right_child=1 2 3 -5 5 -7 -8 -9 11 -11 -12 12 -14
leaf_value=0 0.001168714410539256 0.0004112471585379774 -0.00016361325093287982 0.00023547258009872874 2.0755524553549381e-05 -0.0003532728499640332 0 5.699976932608942e-05 -0.00018742959934564779 0 0.0011525255653295134 0 0.00037762650191037025
leaf_weight=19 80 278 5412 722 20974 419 44 1797 39 22 60 64 42
leaf_count=19 80 278 5412 722 20974 419 44 1797 39 22 60 64 42
internal_value=0 -2.69386e-06 -5.74824e-05 -0.000115181 1.77931e-05 1.30116e-05 0.000770501 0.000108773 0.000345878 0.000747545 0.00092004 4.38201e-06 0.000159317
internal_weight=29972 29726 8209 6134 21517 21393 124 2075 246 101 79 145 106
internal_count=29972 29726 8209 6134 21517 21393 124 2075 246 101 79 145 106
is_linear=0
shrinkage=0.119035


Tree=39
num_leaves=13
num_cat=0
split_feature=12 16 4 13 13 9 10 2 9 22 13 2
split_gain=0.00203158 0.0020904 0.00215826 0.00771671 0.00222042 0.00194746 0.00154675 0.00131795 0.000606016 0.000420012 0.000292635 2.78175e-05
threshold=49.500000000000007 5930.134500000001 -0.044207472827228526 61715.750000000007 64108.350000000006 0.60355339059327384 -1.0000000180025095e-35 0.90803411745133877 -0.78656609248549325 0.0023722637851850172 81362.500000000015 1.3148706368583876
decision_type=2 2 2 2 2 2 2 2 2 2 2 2
left_child=1 2 3 -1 -4 6 -3 -7 -2 11 -11 -10
right_child=8 5 4 -5 -6 7 -8 -9 9 10 -12 -13
leaf_value=0.00071770260254768923 0 -3.7361056966664828e-05 3.9896373953330682e-05 -0.00061870021237987966 -2.863237991140203e-05 -0.00088211955634780127 0.00049875502533260107 1.0664385879471969e-05 9.7800822660375685e-05 0.00064408122214373311 0.00010406426563169168 0
leaf_weight=74 70 63 10527 269 18326 30 294 33 82 111 69 24
leaf_count=74 70 63 10527 269 18326 30 294 33 82 111 69 24
internal_value=2.86116e-08 -3.07072e-06 -7.16209e-06 -0.000304291 -3.31978e-06 0.000260038 0.000379102 -0.000272688 0.00028297 0.000360127 0.000486776 6.06775e-05
internal_weight=29972 29616 29196 343 28853 420 357 63 356 286 180 106
internal_count=29972 29616 29196 343 28853 420 357 63 356 286 180 106
is_linear=0
shrinkage=0.119035


Tree=40
num_leaves=15
num_cat=0
split_feature=11 24 12 13 11 9 4 4 19 12 11 13 12 23
split_gain=0.00185735 0.00504323 0.00603574 0.00348146 0.00289239 0.00477465 0.0109207 0.0059386 0.00237954 0.00372568 0.00342181 0.00115068 0.000637257 0.000323799
threshold=-1.718199735101017 0.0032657295913894159 29.500000000000004 61661.450000000004 -1.0270543601548339 -0.78656609248549325 -0.026423698379659962 0.0019336236398720399 -0.0085391415502763506 17.500000000000004 0.077609378205888854 63792.600000000006 26.500000000000004 0.0021301416512825981
decision_type=2 2 2 2 2 2 2 2 2 2 2 2 2 2
left_child=1 11 3 -3 5 6 -2 -7 10 -10 -6 13 -13 -1
right_child=4 2 -4 -5 8 7 -8 -9 9 -11 -12 12 -14 -15
leaf_value=0 -0.0010526154977472553 0.0004497728529796468 -0.0022925560540186232 -0.00049788169951759504 0.00036795709210939718 0.00014674134851101522 0.00037585314796883618 -0.00013591695319801209 -0.00013407607146006097 -1.873877278668816e-07 -4.4520741497082086e-05 -0.00021390083771816057 0.00018840602856212669 0.00062589693169320308
leaf_weight=20 78 57 26 311 552 2365 1219 1884 3510 19136 520 105 119 70
leaf_count=20 78 57 26 311 552 2365 1219 1884 3510 19136 520 105 119 70
internal_value=8.09831e-08 -0.000190112 -0.000479291 -0.000326787 4.9881e-06 8.2597e-05 0.000283041 1.93066e-05 -1.27823e-05 -2.13343e-05 0.000159536 0.000144272 0 0.000503725
internal_weight=29972 708 394 368 29264 5546 1297 4249 23718 22646 1072 314 224 90
internal_count=29972 708 394 368 29264 5546 1297 4249 23718 22646 1072 314 224 90
is_linear=0
shrinkage=0.119035


Tree=41
num_leaves=16
num_cat=0
split_feature=5 10 13 14 8 15 12 12 13 12 9 12 13 10 14
split_gain=0.0019042 0.00389303 0.00523511 0.00177562 0.00176409 0.00183348 0.00173204 0.0148455 0.0104254 0.0065587 0.00806899 0.00737801 0.00614738 0.00125311 0.000219316
threshold=0.0055960022948344798 0.6078576107927941 62602.05000000001 55.744910918706175 -0.60355339059327362 890.05600000000015 32.500000000000007 29.500000000000004 76888.650000000009 38.500000000000007 -0.12940952255126037 44.500000000000007 77710.450000000012 -1.0000000180025095e-35 64.910363959409096
decision_type=2 2 2 2 2 2 2 2 2 2 2 2 2 2 2
left_child=6 4 14 -4 5 -2 7 12 -9 10 -8 -11 -1 -6 -3
right_child=1 2 3 -5 13 -7 9 8 -10 11 -12 -13 -14 -15 -16
leaf_value=2.687798514753743e-05 -0.00037584335056865115 0 0 -0.0014104270243457428 -0.00041641345333610029 0.00066561812561940744 0.00045064565242910006 -0.00079852337691532663 -0.00013196175827176251 -0.00022288827811394433 0 9.211194338645229e-05 -0.00034005396714301551 0 0.0004878232085090185
leaf_weight=20390 21 26 21 90 155 88 1119 531 1003 1678 1151 2799 666 214 20
leaf_count=20390 21 26 21 90 155 88 1119 531 1003 1678 1151 2799 666 214 20
internal_value=0 -0.000203657 -0.000719956 -0.00117744 -1.53525e-05 0.000382919 4.68313e-06 -1.0791e-05 -0.00036853 5.78182e-05 0.000223033 -2.39546e-05 1.4847e-05 -0.000157243 0.000189685
internal_weight=29972 635 157 111 478 109 29337 22590 1534 6747 2270 4477 21056 369 46
internal_count=29972 635 157 111 478 109 29337 22590 1534 6747 2270 4477 21056 369 46
is_linear=0
shrinkage=0.119035


Tree=42
num_leaves=10
num_cat=0
split_feature=16 6 6 9 11 8 8 13 22
split_gain=0.0016537 0.00165991 0.00313011 0.00199598 0.00189814 0.00777738 0.00676302 0.00187575 0.000725463
threshold=8899.6025000000027 0.0035734871226797975 0.0036990640296693526 0.98296291314453421 -0.39012066393867229 -0.78656609248549292 -0.60355339059327362 76032.800000000017 0.0054192183491632252
decision_type=2 2 2 2 2 2 2 2 2
left_child=1 4 7 -4 5 -1 -6 -3 -2
right_child=8 2 3 -5 6 -7 -8 -9 -10
leaf_value=-0.00014844175283618578 0.00068834750212837898 -0.00098087976658049747 -3.3065008890060504e-05 -0.00071450527230973654 0.00010045537939853604 7.9531769135859977e-05 -7.9089592163887357e-05 0 0
leaf_weight=2587 71 90 1566 66 4210 11375 9953 24 30
leaf_count=2587 71 90 1566 66 4210 11375 9953 24 30
internal_value=0 -1.44522e-06 -0.000114296 -6.61091e-05 5.24269e-06 3.66503e-05 -2.50878e-05 -0.000725597 0.000480984
internal_weight=29972 29871 1746 1632 28125 13962 14163 114 101
internal_count=29972 29871 1746 1632 28125 13962 14163 114 101
is_linear=0
shrinkage=0.119035


Tree=43
num_leaves=16
num_cat=0
split_feature=1 4 4 8 22 17 4 21 8 24 17 15 2 14 8
split_gain=0.00161668 0.00363216 0.0027492 0.0035587 0.00606375 0.00207606 0.0101774 0.00204834 0.00179785 0.00241614 0.0016797 0.00130001 0.00064925 0.000339516 0.000262688
threshold=0.050404861327149809 -0.019233106772589988 -0.03355153017160039 -0.5 0.0044466948130980699 0.004686347014999581 0.044737660198169611 0.0085014411817537789 -0.60355339059327362 0.0059051340560191505 0.005275459089155895 943.47200000000009 1.3284849202328839 29.844786145747914 0.78656609248549325
decision_type=2 2 2 2 2 2 2 2 2 2 2 2 2 2 2
left_child=2 8 3 10 -5 7 -7 -4 13 -10 -1 14 -13 -2 -3
right_child=1 11 5 4 -6 6 -8 -9 9 -11 -12 12 -14 -15 -16
leaf_value=0.00021953939722219731 0.00045457247864463612 -0.00047373474996799381 2.4300578660037258e-06 0 -0.00070383150541002875 0.00021547272148241803 -0.0014355541319301392 -0.00018000118507677856 0.000208133686321424 0.0019432612593766627 -0.00062270891380668985 0.00035463354942033917 -9.5566136710352511e-05 -0.00019351931030792916 0
leaf_weight=298 20 70 26294 351 346 1344 54 900 37 35 34 122 31 18 18
leaf_count=298 20 70 26294 351 346 1344 54 900 37 35 34 122 31 18 18
internal_value=0 0.000254067 -2.90042e-06 -0.000194225 -0.000350215 3.67256e-06 0.000145287 -3.27888e-06 0.000820825 0.00117601 0.000106327 0 0.000204978 0 -0.000369105
internal_weight=29972 351 29621 1029 697 28592 1398 27194 110 72 332 241 153 38 88
internal_count=29972 351 29621 1029 697 28592 1398 27194 110 72 332 241 153 38 88
is_linear=0
shrinkage=0.119035


Tree=44
num_leaves=15
num_cat=0
split_feature=10 15 9 13 13 13 13 13 9 13 9 13 11 0
split_gain=0.00176369 0.004968 0.00884542 0.00801126 0.00408002 0.00367533 0.00312899 0.00309314 0.0150919 0.00387743 0.00301317 0.0028924 0.00197551 0.000588688
threshold=0.6078576107927941 996.64900000000011 -0.9159756150367534 76705.300000000017 61661.450000000004 59464.200000000004 81175.450000000026 80689.400000000009 -0.3794095225512602 77341.750000000015 -0.5 79325.050000000017 -0.19476596479689209 0.0083567850105697641
decision_type=2 2 2 2 2 2 2 2 2 2 2 2 2 2
left_child=5 7 3 -3 -4 12 11 9 -9 -2 -8 -7 13 -1
right_child=1 2 4 -5 -6 6 10 8 -10 -11 -12 -13 -14 -15
leaf_value=0.00037092276333298654 3.9249601362667308e-05 -0.0002238722043793137 0.00021027108540675566 -0.0011500554396877596 -0.00012316078829913648 6.0659210781535233e-06 0.00025664350807036044 -0.0014683469896620966 7.7362394211313789e-05 0.00044805123284804009 -0.00047923752942364255 0.0001587915901607873 0 0.0014592063354119085
leaf_weight=45 3370 432 619 215 2891 19019 86 110 435 375 333 1955 47 40
leaf_count=45 3370 432 619 215 2891 19019 86 110 435 375 333 1955 47 40
internal_value=0 -4.59977e-05 -0.000139243 -0.000545487 -6.18107e-05 1.81851e-05 1.38939e-05 4.22731e-05 -0.000218243 8.25738e-05 -0.000306853 2.0728e-05 0.000645845 0.000988415
internal_weight=29972 8447 4157 647 3510 21525 21393 4290 545 3745 419 20974 132 85
internal_count=29972 8447 4157 647 3510 21525 21393 4290 545 3745 419 20974 132 85
is_linear=0
shrinkage=0.119035


Tree=45
num_leaves=15
num_cat=0
split_feature=7 18 5 7 3 13 9 10 13 13 5 5 5 16
split_gain=0.00178523 0.00478791 0.00187898 0.00209957 0.00183978 0.00465364 0.00402169 0.00370482 0.00219155 0.00797486 0.00356796 0.00171387 0.000469253 0.000929421
threshold=-0.0053341540409664314 0.28818467068782044 -0.0012930618990748541 -0.0087314528705660348 28.988917646337793 76888.650000000009 0.78656609248549303 -0.8783796973249266 79325.050000000017 80105.450000000012 0.0013330397054550638 -0.0017529023983112733 0.0020442672957954326 1475.5315000000003
decision_type=2 2 2 2 2 2 2 2 2 2 2 2 2 2
left_child=1 2 11 -4 8 6 -6 -7 10 -10 -2 -1 13 -3
right_child=4 12 3 -5 5 7 -8 -9 9 -11 -12 -13 -14 -15
leaf_value=0.00026911613190182834 -5.8700179461086898e-06 0 0 0.00078833405682101623 0.00018123866705759226 -0.00059643083400771413 -0.00010356274817630254 -3.8942720170413682e-05 0.00053469535718346137 -6.4003432306293784e-06 -0.00012569055193914941 -0.00059667847111220362 0 -0.00068523985711308117
leaf_weight=166 16182 24 62 206 3380 200 844 1417 456 2316 4567 37 30 85
leaf_count=166 16182 24 62 206 3380 200 844 1417 456 2316 4567 37 30 85
internal_value=0 0.000201778 0.000392538 0.000605563 -3.95532e-06 5.54487e-05 0.000122215 -0.000113431 -1.90874e-05 7.93879e-05 -3.26744e-05 6.72308e-05 -0.000380258 -0.000495358
internal_weight=29972 610 471 268 29362 5841 4224 1617 23521 2772 20749 203 139 109
internal_count=29972 610 471 268 29362 5841 4224 1617 23521 2772 20749 203 139 109
is_linear=0
shrinkage=0.119035


Tree=46
num_leaves=13
num_cat=0
split_feature=12 10 12 8 9 12 12 14 9 22 17 2
split_gain=0.00179195 0.00206827 0.00453805 0.0126205 0.00782544 0.00407954 0.00933151 0.00827292 0.000270369 0.000330274 0.000351189 2.49222e-05
threshold=49.500000000000007 0.6078576107927941 24.500000000000004 -0.25881904510252113 -0.12940952255126037 23.500000000000004 25.500000000000004 75.124800006417544 -0.9159756150367534 0.0023722637851850172 0.00093825293765066435 1.3148706368583876
decision_type=2 2 2 2 2 2 2 2 2 2 2 2
left_child=1 5 3 -3 -4 7 -7 -1 -2 11 -11 -10
right_child=8 2 4 -5 -6 6 -8 -9 9 10 -12 -13
leaf_value=0.00011551651550277607 0 0.00014973538129441695 -0.00014999574493593663 -0.00035073391186175401 0.00014821236871128283 -0.00029535803524398206 1.2018969875685685e-05 -0.00042845588951691152 8.235115894180969e-05 0.00018429493141227066 0.00070223308037443565 0
leaf_weight=7320 42 1091 2249 1967 2784 1575 12217 413 93 126 69 26
leaf_count=7320 42 1091 2249 1967 2784 1575 12217 413 93 126 69 26
internal_value=0 -3.10794e-06 -5.46669e-05 -0.000169258 1.31811e-05 1.58571e-05 -2.24344e-05 8.53072e-05 0.000265549 0.000303558 0.000413461 4.83021e-05
internal_weight=29972 29616 8091 3058 5033 21525 13792 7733 356 314 195 119
internal_count=29972 29616 8091 3058 5033 21525 13792 7733 356 314 195 119
is_linear=0
shrinkage=0.119035


Tree=47
num_leaves=16
num_cat=0
split_feature=12 12 13 8 14 13 13 0 4 12 12 8 13 13 14
split_gain=0.00162733 0.00905122 0.00821432 0.0085755 0.0081292 0.00767507 0.00550388 0.0125746 0.00856068 0.00721524 0.0043866 0.0432729 0.00403174 0.00391568 0.0027314
threshold=17.500000000000004 14.500000000000002 60523.55000000001 0.78656609248549325 58.164508348026864 63295.55000000001 62844.05000000001 0.0075498176479964207 0.0219931725529714 18.500000000000004 19.500000000000004 -0.60355339059327362 63069.900000000009 62583.500000000007 49.735158674366254
decision_type=2 2 2 2 2 2 2 2 2 2 2 2 2 2 2
left_child=1 4 14 -4 5 -1 7 9 -9 -2 11 -8 -12 -6 -3
right_child=6 2 3 -5 13 -7 10 8 -10 -11 12 -13 -14 -15 -16
leaf_value=0.00028052318004796902 -0.00036582256475285507 -0.00024957074998901085 -0.00097289846711928665 5.4272279151801634e-05 -0.00042641267503305992 -0.00016895052350353378 0.0025880906798023779 0.00024863606775422052 0.002100845045893055 0.00021669362767050103 -0.00029362582757094541 -0.00056258064575536956 -9.042044821953039e-07 0 0.0002414770193922424
leaf_weight=1849 361 416 402 139 635 733 92 86 80 1630 690 180 21766 663 250
leaf_count=1849 361 416 402 139 635 733 92 86 80 1630 690 180 21766 663 250
internal_value=0 -6.11767e-05 -0.00034638 -0.000692464 2.52416e-05 0.000149459 1.27095e-05 0.000194517 0.00119525 0.000106581 -4.15157e-06 0.000470305 -1.0297e-05 -0.000214964 -5.18161e-05
internal_weight=29972 5087 1207 541 3880 2582 24885 2157 166 1991 22728 272 22456 1298 666
internal_count=29972 5087 1207 541 3880 2582 24885 2157 166 1991 22728 272 22456 1298 666
is_linear=0
shrinkage=0.119035


Tree=48
num_leaves=16
num_cat=0
split_feature=7 13 8 14 6 6 7 11 8 8 14 14 11 14 11
split_gain=0.00172513 0.00224783 0.00326433 0.00230411 0.00216536 0.00243285 0.00220367 0.00192824 0.00737779 0.00415734 0.00189865 0.00268266 0.00099052 0.000688183 0.000563368
threshold=0.004361977901236048 64659.450000000004 -0.25881904510252113 51.289213803327932 -0.0062327002903699294 -0.0093590882371900035 0.00094858091254756982 -0.49340803616062306 -0.60355339059327362 -0.37940952255126065 38.048935231304945 40.418473830761833 -0.27641185543917896 24.031456561844099 -0.11145362109366568
decision_type=2 2 2 2 2 2 2 2 2 2 2 2 2 2 2
left_child=4 10 12 -4 5 13 -7 8 -6 -9 14 -12 -3 -1 -2
right_child=1 2 3 -5 7 6 -8 9 -10 -11 11 -13 -14 -15 -16
leaf_value=0.00021303938470950307 -0.0010359173868904022 -0.00028164118493382678 0 -0.00089737516520718686 -0.00011641744208900834 0.00027927695012189507 0.0013361249148016298 5.3036060895748918e-05 9.0351874495451885e-05 -7.3138259043944935e-05 0.0013119064079381644 0 0.00015175884021018657 -0.00034129345493693372 0
leaf_weight=39 31 145 31 166 3265 164 47 5855 9496 9843 23 637 132 73 25
leaf_count=39 31 145 31 166 3265 164 47 5855 9496 9843 23 637 132 73 25
internal_value=0 -0.000140366 -0.000341549 -0.000716143 5.88782e-06 0.000312552 0.000557148 2.0929e-06 3.67475e-05 -2.55085e-05 0 4.92553e-05 -4.28348e-05 -6.84364e-05 -0.000672074
internal_weight=29972 1190 474 197 28782 323 211 28459 12761 15698 716 660 277 112 56
internal_count=29972 1190 474 197 28782 323 211 28459 12761 15698 716 660 277 112 56
is_linear=0
shrinkage=0.119035


Tree=49
num_leaves=15
num_cat=0
split_feature=16 15 13 0 15 12 12 13 3 15 6 5 5 0
split_gain=0.00150467 0.00178405 0.00325447 0.00258951 0.00207881 0.00177572 0.00722022 0.00295704 0.00137949 0.00134416 0.00029785 0.000205515 0.000195291 0.000269091
threshold=152.84700000000001 332.32650000000007 62881.400000000001 0.0063845132098973856 304.50650000000002 17.500000000000004 14.500000000000002 62683.400000000009 19.961615368416766 213.05950000000004 -0.00039794745086141331 0.00046837805015642614 -0.0006246677174316927 0.0043393641466330079
decision_type=2 2 2 2 2 2 2 2 2 2 2 2 2 2
left_child=8 2 3 -2 -4 6 -3 -7 12 10 -10 -11 -1 -14
right_child=1 5 4 -5 -6 7 -8 -9 9 11 -12 -13 13 -15
leaf_value=-0.00035443597342832694 0.00032339906521761065 5.4025437899687193e-06 2.2949752222789844e-06 0.0017612380171590912 0.00024360895453953542 0.00016141532712294992 -0.00033444106362618976 -5.1298333127703571e-06 0 -0.00024985030479832588 -0.00090467357294068626 0.00017084647144744431 -2.006536523798892e-06 0.0003904442009153932
leaf_weight=22 164 3744 2640 26 650 1631 1141 19611 20 34 78 27 159 25
leaf_count=22 164 3744 2640 26 650 1631 1141 19611 20 34 78 27 159 25
internal_value=0 3.08683e-06 8.3361e-05 0.000567347 5.26899e-05 -7.26312e-06 -7.21458e-05 7.23697e-06 -0.000240075 -0.000505197 -0.000779985 0 0 2.75162e-06
internal_weight=29972 29607 3480 190 3290 26127 4885 21242 365 159 98 61 206 184
internal_count=29972 29607 3480 190 3290 26127 4885 21242 365 159 98 61 206 184
is_linear=0
shrinkage=0.119035


Tree=50
num_leaves=16
num_cat=0
split_feature=11 24 12 24 11 14 10 3 13 12 15 14 13 22 22
split_gain=0.00157671 0.00383564 0.00498104 0.00259668 0.00190068 0.00326524 0.0041518 0.00286345 0.00228166 0.00213857 0.00123217 0.0011408 0.000915705 0.000564572 0.000222173
threshold=-1.718199735101017 0.0032657295913894159 21.500000000000004 0.0047396124353972354 -1.0270543601548339 56.123024168561834 -0.8783796973249266 12.761560504857526 63603.850000000006 41.000000000000007 358.27100000000002 67.727725480444434 63792.600000000006 0.0028274823505838281 0.0021472172000005967
decision_type=2 2 2 2 2 2 2 2 2 2 2 2 2 2 2
left_child=1 12 11 -4 5 6 -2 10 -7 -9 -6 -3 14 -14 -1
right_child=4 2 3 -5 7 8 -8 9 -10 -11 -12 -13 13 -15 -16
leaf_value=0 0.00031388853235182442 0.0002046227893820851 -0.00049583820266762744 -0.0016194814661683243 0 0.00041911526396946577 -5.7915341016748209e-05 1.0613344553807957e-05 0.00010927044113249473 -9.9929142463733761e-05 -0.00035495710139838636 -0.00060867957141070217 8.2124905457786618e-05 -0.00037666930182746829 0.00054004676554322601
leaf_weight=21 497 139 175 52 186 480 2942 20233 1627 2821 478 28 176 48 69
leaf_count=21 497 139 175 52 186 480 2942 20233 1627 2821 478 28 176 48 69
internal_value=0 -0.000175364 -0.000427819 -0.000792722 4.40491e-06 6.73508e-05 -1.58134e-06 -9.9368e-06 0.000184103 -2.52536e-06 -0.000253788 1.46757e-05 0.000112941 0 0.000434326
internal_weight=29972 708 394 227 29264 5546 3439 23718 2107 23054 664 167 314 224 90
internal_count=29972 708 394 227 29264 5546 3439 23718 2107 23054 664 167 314 224 90
is_linear=0
shrinkage=0.119035


Tree=51
num_leaves=16
num_cat=0
split_feature=5 16 16 7 13 7 7 5 14 7 5 5 13 7 3
split_gain=0.00153271 0.00505242 0.00497803 0.00317469 0.00315266 0.00260299 0.0017363 0.00468149 0.0032726 0.00284177 0.0075352 0.00275083 0.00135464 0.000254664 3.24648e-05
threshold=-0.0042841428836084541 423.35600000000005 361.92250000000007 0.0023771317672212082 61715.750000000007 -0.0020104230992840639 -0.0025666221748106839 0.0016891724626592055 54.156731069175201 -0.0021068101685419167 0.0047639640505218192 -0.0038966781493758314 76805.050000000003 -2.8706869067973703e-05 24.861820239995691
decision_type=2 2 2 2 2 2 2 2 2 2 2 2 2 2 2
left_child=1 2 14 5 -5 -3 7 12 -9 10 -8 -11 -2 -4 -1
right_child=6 3 13 4 -6 -7 9 8 -10 11 -12 -13 -14 -15 -16
leaf_value=0 -5.0708384061179543e-05 0 -0.0019750925575791121 0.00088082792808538311 -0.00036011502096821099 0.00043944894392869459 -0.00012237829256087437 0.00057525929798835714 2.0642597150978489e-05 -0.0003799200393460098 -0.0015861011250481124 -2.1186554153323591e-06 0.00016913117001175759 -0.00034999471184201563 0.00021682082936522244
leaf_weight=18 1791 251 30 31 205 636 1090 398 299 277 54 24346 510 18 18
leaf_count=18 1791 251 30 31 205 636 1090 398 299 277 54 24346 510 18 18
internal_value=0 0.000131558 -0.000736251 0.000204442 -0.000159174 0.000311269 -5.3628e-06 7.98918e-05 0.000350174 -1.56293e-05 -0.000199308 -6.73219e-06 0 -0.00155223 0.000103653
internal_weight=29972 1207 84 1123 236 887 28765 2998 697 25767 1144 24623 2301 48 36
internal_count=29972 1207 84 1123 236 887 28765 2998 697 25767 1144 24623 2301 48 36
is_linear=0
shrinkage=0.119035


Tree=52
num_leaves=15
num_cat=0
split_feature=12 13 12 14 14 13 12 18 23 17 13 5 23 23
split_gain=0.00154245 0.00158032 0.0179647 0.0091514 0.0060626 0.00580132 0.0139497 0.00221972 0.000246396 0.000261444 0.00043505 0.000259905 1.34822e-05 6.77003e-06
threshold=49.500000000000007 80266.60000000002 44.500000000000007 51.981920746181835 34.912168297149343 79325.050000000017 39.500000000000007 0.35185183449931284 0.0023597810607790992 0.00093825293765066435 81404.85000000002 0.00094104140282602622 0.0016758057972206116 0.0022127877031310364
decision_type=2 2 2 2 2 2 2 2 2 2 2 2 2 2
left_child=1 5 3 -3 -4 7 -7 -1 12 11 -11 -10 -2 -14
right_child=8 2 4 -5 -6 6 -8 -9 9 10 -12 -13 13 -15
leaf_value=8.4800174308942525e-06 0 -0.0010738765376766544 -0.00033106747343289249 -0.00021313861282888581 0.0002609475567209278 0.00075669799150281927 -0.00017587535511762178 -9.1431537541997025e-05 0.00025073317778786673 0.00074877814795025282 0 0 8.0973925579251954e-05 0
leaf_weight=22786 20 308 296 485 1211 466 420 3644 101 57 18 32 94 34
leaf_count=22786 20 308 296 485 1211 466 420 3644 101 57 18 32 94 34
internal_value=0 -2.91287e-06 -9.78595e-05 -0.000558739 0.00013873 4.75431e-06 0.000304533 -4.95687e-06 0.00024634 0.000345049 0.000586483 0.000141622 4.71803e-05 6.37653e-05
internal_weight=29972 29616 2300 793 1507 27316 886 26430 356 208 75 133 148 128
internal_count=29972 29616 2300 793 1507 27316 886 26430 356 208 75 133 148 128
is_linear=0
shrinkage=0.119035


Tree=53
num_leaves=13
num_cat=0
split_feature=13 12 12 9 10 13 8 12 8 23 19 5
split_gain=0.00137465 0.00188942 0.00717226 0.0124197 0.00735251 0.00339585 0.00797708 0.00326054 0.00127494 0.000501296 0.000102641 9.80676e-05
threshold=58727.750000000007 17.500000000000004 14.500000000000002 -0.60355339059327384 -0.60785761079279388 62683.400000000009 0.25881904510252091 19.500000000000004 -0.78656609248549292 0.0049248274312872096 0.00084938016324209731 0.0017586397565991787
decision_type=2 2 2 2 2 2 2 2 2 2 2 2
left_child=8 2 4 -4 -2 6 -3 -7 10 11 -1 -10
right_child=1 5 3 -5 -6 7 -8 -9 9 -11 -12 -13
leaf_value=0 0.00034379417978905872 -4.936353769125853e-05 -0.00090544764062810079 -3.3241238950758942e-05 -7.5420667283169658e-05 0.00040829954982340283 0.00045996153435626767 -6.1713451127789957e-06 0.00029775743269340135 0.00097263974088060412 -0.00022286569596239653 0
leaf_weight=38 735 951 367 688 3051 272 764 22898 121 37 32 18
leaf_count=38 735 951 367 688 3051 272 764 22898 121 37 32 18
internal_value=0 -2.26457e-06 -7.05517e-05 -0.000345138 3.60342e-06 1.06604e-05 0.000172319 -9.19531e-07 0.000280275 0.000460061 -4.40479e-05 0.000259199
internal_weight=29972 29726 4841 1055 3786 24885 1715 23170 246 176 70 139
internal_count=29972 29726 4841 1055 3786 24885 1715 23170 246 176 70 139
is_linear=0
shrinkage=0.119035


Tree=54
num_leaves=11
num_cat=0
split_feature=16 4 13 0 9 0 21 23 10 4
split_gain=0.00153451 0.00131713 0.0125672 0.00999729 0.00613024 0.00210147 0.00378577 0.0032627 0.00111008 0.000853173
threshold=8899.6025000000027 -0.03355153017160039 61796.250000000007 0.0077926658600331756 0.37940952255126048 0.0071767206022799448 0.0016163479223250123 0.0038912611672348809 -1.0000000180025095e-35 -0.025032658127714821
decision_type=2 2 2 2 2 2 2 2 2 2
left_child=1 2 4 -4 -1 7 -7 -3 -2 -10
right_child=8 5 3 -5 -6 6 -8 -9 9 -11
leaf_value=0 0 1.1402932182430768e-05 -7.2605430578240651e-05 -0.0010071462253642691 0.0011610165802366291 0.00020623849425927397 -5.2886979251273895e-05 -9.9063828715223475e-05 0 0.00097542165616086921
leaf_weight=106 22 21050 566 242 131 1840 1334 4602 27 52
leaf_count=106 22 21050 566 242 131 1840 1334 4602 27 52
internal_value=0 -1.53758e-06 -0.00013301 -0.000363586 0.000615333 2.91843e-06 9.45137e-05 -8.0664e-06 0.00046319 0.000687998
internal_weight=29972 29871 1045 808 237 28826 3174 25652 101 79
internal_count=29972 29871 1045 808 237 28826 3174 25652 101 79
is_linear=0
shrinkage=0.119035


Tree=55
num_leaves=14
num_cat=0
split_feature=15 6 5 15 12 13 6 6 16 22 8 10 16
split_gain=0.00139939 0.00261745 0.00214312 0.00218539 0.00187119 0.00353016 0.00204791 0.00170209 0.00138833 0.000704064 0.000646552 0.000535757 0.000272419
threshold=5598.4305000000013 0.0043508650955301773 -0.0057842619575620416 1805.1560000000002 25.500000000000004 63575.750000000007 0.0055960022948344798 -0.0014654597875439765 2175.0915000000005 0.0055371007394885282 0.37940952255126054 -1.0000000180025095e-35 1345.0820000000001
decision_type=2 2 2 2 2 2 2 2 2 2 2 2 2
left_child=1 2 3 -1 5 -3 -6 -4 9 12 11 -10 -2
right_child=8 4 7 -5 6 -7 -8 -9 10 -11 -12 -13 -14
leaf_value=1.55765743777207e-05 0.00017292053733300062 -2.2249008074228741e-05 -5.6465416362595493e-05 0.00064469531384904379 0.00024837759042411616 -0.00062574665704126086 -0.00028738382632324236 1.4614893590381255e-05 0 -0.00050629042563496039 -2.4378777777644511e-05 0.00045512618368004495 -0.00019631736956646415
leaf_weight=233 100 323 6096 148 224 290 184 21952 69 40 20 268 25
leaf_count=233 100 323 6096 148 224 290 184 21952 69 40 20 268 25
internal_value=0 -3.43962e-06 2.97615e-06 0.000283444 -0.000190837 -0.000322349 0 -5.15036e-07 0.000193176 -4.77288e-05 0.000329563 0.000377101 2.75307e-05
internal_weight=29972 29450 28429 381 1021 613 408 28048 522 165 357 337 125
internal_count=29972 29450 28429 381 1021 613 408 28048 522 165 357 337 125
is_linear=0
shrinkage=0.119035


Tree=56
num_leaves=15
num_cat=0
split_feature=11 24 12 16 12 17 12 15 11 12 15 0 17 22
split_gain=0.00131811 0.0033207 0.00381847 0.00135364 0.00143621 0.00724518 0.00277188 0.00124016 0.00135985 0.00123397 0.000448765 0.000427524 0.000585043 4.45264e-05
threshold=-1.7601945876588843 0.0032657295913894159 29.500000000000004 152.84700000000001 18.500000000000004 0.0016708176256838797 19.500000000000004 353.63350000000008 -0.85389847651925133 22.500000000000004 553.40600000000006 0.0034776902370887478 0.0025108319243242762 0.002029032140409203
decision_type=2 2 2 2 2 2 2 2 2 2 2 2 2 2
left_child=1 11 9 7 5 -5 -6 8 -2 -3 -9 13 -13 -1
right_child=3 2 -4 4 6 -7 -8 10 -10 -11 -12 12 -14 -15
leaf_value=0 0 0 -0.0020197961294030815 -0.0001847703332250553 0.00043708384581492082 8.5496392140717463e-05 1.5403060341805616e-05 0.00040290443024903073 -0.00055305811562504908 -0.0005029970283619992 -1.299088542539173e-05 0.0003791066215145694 0 -0.00015572691058478091
leaf_weight=76 102 139 22 2770 225 2805 23223 45 177 172 35 125 30 26
leaf_count=76 102 139 22 2770 225 2805 23223 45 177 172 35 125 30 26
internal_value=0 -0.000176186 -0.000430602 3.50877e-06 6.64991e-06 -4.71848e-05 1.9831e-05 -0.000225516 -0.00035355 -0.000289334 0.000109232 0.00011868 0.000249862 0
internal_weight=29972 590 333 29382 29023 5575 23448 359 279 311 80 257 155 102
internal_count=29972 590 333 29382 29023 5575 23448 359 279 311 80 257 155 102
is_linear=0
shrinkage=0.119035


Tree=57
num_leaves=16
num_cat=0
split_feature=4 8 11 10 10 12 4 8 8 10 12 11 8 1 12
split_gain=0.0012781 0.014263 0.00420427 0.00654675 0.00536206 0.00243212 0.007007 0.00764272 0.00360975 0.00230294 0.002898 0.00192072 0.0078496 0.00264772 0.000840684
threshold=0.027779557248201473 1.0000000180025095e-35 0.41153431391905637 1.0000000180025095e-35 -1.0000000180025095e-35 9.5000000000000018 -0.015993643205367166 0.25881904510252091 0.91597561503675362 1.0000000180025095e-35 28.500000000000004 -0.39012066393867229 -0.60355339059327362 0.050404861327149809 11.500000000000002
decision_type=2 2 2 2 2 2 2 2 2 2 2 2 2 2 2
left_child=5 9 3 -3 -4 6 8 -8 -1 10 -2 13 -13 -7 -11
right_child=1 2 4 -5 -6 11 7 -9 -10 14 -12 12 -14 -15 -16
leaf_value=0.0013913123264435517 -0.00066946420608670677 0.00034235297475030009 0 -0.00043881264989685677 0.0011482159636931842 2.8870703082046335e-05 -0.00061088672028733275 0.00061793112702938446 0 0.00048229971484389008 0 0.00010623418095950639 -8.8465848906566692e-05 0.00080214702168639467 -0.00017885139914106124
leaf_weight=96 549 445 84 226 136 13832 151 136 27 30 127 4170 9741 64 158
leaf_count=96 549 445 84 226 136 13832 151 136 27 30 127 4170 9741 64 158
internal_value=0 -9.86558e-05 0.000228912 6.59178e-05 0.000685363 6.03724e-06 0.000293958 0 0.00104647 -0.000446808 -0.000550674 1.47025e-06 -2.94592e-05 3.30766e-05 -2.57568e-05
internal_weight=29972 1755 891 671 220 28217 410 287 123 864 676 27807 13911 13896 188
internal_count=29972 1755 891 671 220 28217 410 287 123 864 676 27807 13911 13896 188
is_linear=0
shrinkage=0.119035


Tree=58
num_leaves=16
num_cat=0
split_feature=3 8 4 10 12 4 12 12 10 22 12 3 10 16 8
split_gain=0.00137042 0.0031122 0.00313166 0.00664067 0.00293171 0.00363263 0.00227913 0.015944 0.0038959 0.00581985 0.00347239 0.00342366 0.00232638 0.00100501 0.00093882
threshold=28.988917646337793 -0.60355339059327362 0.0096120984668257598 -0.60785761079279388 38.500000000000007 0.020638756287408414 44.500000000000007 41.000000000000007 -1.0000000180025095e-35 0.0027530164661075445 32.500000000000007 22.112332149966218 0.87837969732492682 766.11800000000017 0.25881904510252091
decision_type=2 2 2 2 2 2 2 2 2 2 2 2 2 2 2
left_child=6 2 3 -2 5 -3 7 10 9 -8 -1 -9 -10 -4 -6
right_child=1 4 13 -5 14 -7 8 11 12 -11 -12 -13 -14 -15 -16
leaf_value=-2.9518153750361117e-05 0.00069993834833742986 -1.082976539215978e-05 -0.00028077821406853837 9.9592017565891685e-05 -4.8616642863839124e-05 0.00034181843515696734 0.00013822775991616473 -0.001388194575000901 -5.4169575801160444e-05 0.0010735163909620343 0.00011017929880314915 -0.00050599150714671266 0.00034053123574909476 5.0053233323541386e-05 -0.00039948171813464445
leaf_weight=18510 380 3055 197 988 265 472 442 108 1355 132 2906 302 250 295 315
leaf_count=18510 380 3055 197 988 265 472 442 108 1355 132 2906 302 250 295 315
internal_value=0 5.10179e-05 0.000178911 0.000272898 -4.72621e-06 3.38294e-05 -1.2725e-05 -2.46452e-05 0.000102569 0.000368914 -1.01446e-05 -0.000760231 1.74183e-06 -6.42445e-05 -0.000254595
internal_weight=29972 5967 1860 1368 4107 3527 24005 21826 2179 574 21416 410 1605 492 580
internal_count=29972 5967 1860 1368 4107 3527 24005 21826 2179 574 21416 410 1605 492 580
is_linear=0
shrinkage=0.119035


Tree=59
num_leaves=12
num_cat=0
split_feature=12 13 7 6 3 6 6 11 2 22 13
split_gain=0.00129333 0.0016096 0.00135363 0.00216568 0.00142322 0.00101372 0.000967687 0.000617307 0.000143131 9.68896e-05 9.27335e-05
threshold=49.500000000000007 81450.10000000002 -0.0053341540409664314 -0.0023557951817677609 32.685701881168328 0.0029694297747034919 0.0043508650955301773 1.0018147247405014 2.0994160258226517 0.0016758057972206116 80927.900000000009
decision_type=2 2 2 2 2 2 2 2 2 2 2
left_child=1 2 3 -1 -4 7 -7 -3 9 -2 -11
right_child=8 5 4 -5 -6 6 -8 -9 -10 10 -12
leaf_value=0.00058605859042614372 0 -0.00043912525588051898 -1.2171026486619249e-05 3.0298161139818113e-05 7.8859357165314439e-05 0.00047768970792530892 -0.0002968538151687878 0 0 0.00038545643850755379 0.00010492735257234586
leaf_weight=143 18 239 25970 461 2676 46 37 44 40 142 156
leaf_count=143 18 239 25970 461 2676 46 37 44 40 142 156
internal_value=0 -2.74162e-06 5.71918e-08 0.000176693 -3.35512e-06 -0.000250838 2.4707e-05 -0.000363244 0.000225497 0.000252394 0.000268621
internal_weight=29972 29616 29250 604 28646 366 83 283 356 316 298
internal_count=29972 29616 29250 604 28646 366 83 283 356 316 298
is_linear=0
shrinkage=0.119035


Tree=60
num_leaves=16
num_cat=0
split_feature=19 4 13 11 4 13 12 4 8 13 10 8 8 6 8
split_gain=0.00137403 0.00232583 0.00277666 0.00184781 0.00184483 0.00712481 0.00493775 0.00136531 0.0110863 0.00192655 0.00127609 0.00117074 0.00098751 0.000857298 8.92145e-05
threshold=-0.0082489324115799217 -0.010074003419400844 61796.250000000007 0.077609378205888854 -0.036145009532885235 62372.100000000006 13.500000000000002 0.027779557248201473 1.0000000180025095e-35 64029.400000000001 0.6078576107927941 0.37940952255126054 -0.60355339059327362 -0.003838653558414395 -0.25881904510252113
decision_type=2 2 2 2 2 2 2 2 2 2 2 2 2 2 2
left_child=1 2 11 10 5 13 -7 9 -9 -6 -3 -1 -4 -2 -5
right_child=4 3 12 14 7 6 -8 8 -10 -11 -12 -13 -14 -15 -16
leaf_value=0.00066797012020206764 -9.173664906613995e-05 0.00025250604090757317 0.00011304721098755001 8.0281349674531707e-05 5.3006559571293375e-05 -0.0012908053818002428 -0.00025125274282924114 -0.00041227439667788955 0.00018580860093703752 -1.5814430996821479e-05 0.00086558240795909613 0 -0.00017885832222824168 0.00041615353270176161 -0.00010885840345174491
leaf_weight=113 27 199 199 49 8475 92 346 853 883 17787 111 28 530 200 80
leaf_count=113 27 199 199 49 8475 92 346 853 883 17787 111 28 530 200 80
internal_value=0 0.000119351 0 0.000342842 -5.35743e-06 -0.000201341 -0.00049006 -3.82985e-07 -0.000102915 6.05429e-06 0.000500904 0.000489851 -8.69084e-05 0.000316352 0
internal_weight=29972 1309 870 439 28663 665 438 27998 1736 26262 310 141 729 227 129
internal_count=29972 1309 870 439 28663 665 438 27998 1736 26262 310 141 729 227 129
is_linear=0
shrinkage=0.119035


Tree=61
num_leaves=16
num_cat=0
split_feature=7 13 10 15 8 15 16 5 7 7 10 16 7 16 16
split_gain=0.00112113 0.00168067 0.00277076 0.00242755 0.00223395 0.001622 0.00152105 0.00138736 0.0029366 0.0041599 0.00155636 0.00123624 0.00121096 0.00117287 0.000298713
threshold=0.004361977901236048 64659.450000000004 -1.0000000180025095e-35 2097.5160000000005 -0.70710678118654735 1619.4840000000002 1720.7925000000002 0.004194956635824588 -0.0029101262896259468 -0.0021427573625349412 1.0000000180025095e-35 7555.0210000000006 -0.0069149282933567693 152.84700000000001 2513.1695000000004
decision_type=2 2 2 2 2 2 2 2 2 2 2 2 2 2 2
left_child=7 3 14 5 -4 -2 -5 11 10 -10 -9 13 -13 -1 -3
right_child=1 2 4 6 -6 -7 -8 8 9 -11 -12 12 -14 -15 -16
leaf_value=-0.00020234057752700028 -2.0728380455568764e-05 0.00026493431544113793 0 0.001292920579032901 -0.00067365244628182471 -0.00060165415459997201 0.00015517193025323594 0.00068233062206029236 -0.00098249547895478328 -0.00011194841182712274 0 -4.9102058190464978e-05 0.00056479831716745033 1.1486118727690519e-05 0
leaf_weight=365 340 88 102 22 238 99 255 88 90 958 56 36 112 27077 46
leaf_count=365 340 88 102 22 238 99 255 88 90 958 56 36 112 27077 46
internal_value=0 -0.000113132 -0.000287003 0 -0.000473896 -0.00017212 0.000277884 4.7698e-06 -0.000120369 -0.000195255 0.000362507 1.05005e-05 0.00035507 8.31609e-06 0.000120479
internal_weight=29972 1190 474 716 340 439 277 28782 1192 1048 144 27590 148 27442 134
internal_count=29972 1190 474 716 340 439 277 28782 1192 1048 144 27590 148 27442 134
is_linear=0
shrinkage=0.119035


end of trees

feature_importances:
Column_13=154
Column_12=110
Column_14=58
Column_8=55
Column_9=47
Column_10=47
Column_11=39
Column_4=37
Column_5=33
Column_16=32
Column_1=31
Column_15=30
Column_0=28
Column_6=28
Column_7=20
Column_3=18
Column_17=18
Column_23=17
Column_22=15
Column_19=13
Column_24=11
Column_2=9
Column_21=6
Column_18=4
Column_20=2

parameters:
[boosting: gbdt]
[objective: regression]
[metric: l2]
[tree_learner: serial]
[device_type: cpu]
[data_sample_strategy: bagging]
[data: ]
[valid: ]
[num_iterations: 62]
[learning_rate: 0.119035]
[num_leaves: 31]
[num_threads: 8]
[seed: 0]
[deterministic: 0]
[force_col_wise: 0]
[force_row_wise: 0]
[histogram_pool_size: -1]
[max_depth: 4]
[min_data_in_leaf: 18]
[min_sum_hessian_in_leaf: 0.001]
[bagging_fraction: 0.834489]
[pos_bagging_fraction: 1]
[neg_bagging_fraction: 1]
[bagging_freq: 0]
[bagging_seed: 3]
[bagging_by_query: 0]
[feature_fraction: 0.564766]
[feature_fraction_bynode: 1]
[feature_fraction_seed: 2]
[extra_trees: 0]
[extra_seed: 6]
[early_stopping_round: 0]
[early_stopping_min_delta: 0]
[first_metric_only: 0]
[max_delta_step: 0]
[lambda_l1: 0.0751203]
[lambda_l2: 0.0160741]
[linear_lambda: 0]
[min_gain_to_split: 0]
[drop_rate: 0.1]
[max_drop: 50]
[skip_drop: 0.5]
[xgboost_dart_mode: 0]
[uniform_drop: 0]
[drop_seed: 4]
[top_rate: 0.2]
[other_rate: 0.1]
[min_data_per_group: 100]
[max_cat_threshold: 32]
[cat_l2: 10]
[cat_smooth: 10]
[max_cat_to_onehot: 4]
[top_k: 20]
[monotone_constraints: ]
[monotone_constraints_method: basic]
[monotone_penalty: 0]
[feature_contri: ]
[forcedsplits_filename: ]
[refit_decay_rate: 0.9]
[cegb_tradeoff: 1]
[cegb_penalty_split: 0]
[cegb_penalty_feature_lazy: ]
[cegb_penalty_feature_coupled: ]
[path_smooth: 0]
[interaction_constraints: ]
[verbosity: 1]
[saved_feature_importance_type: 0]
[use_quantized_grad: 0]
[num_grad_quant_bins: 4]
[quant_train_renew_leaf: 0]
[stochastic_rounding: 1]
[linear_tree: 0]
[max_bin: 255]
[max_bin_by_feature: ]
[min_data_in_bin: 3]
[bin_construct_sample_cnt: 200000]
[data_random_seed: 1]
[is_enable_sparse: 1]
[enable_bundle: 1]
[use_missing: 1]
[zero_as_missing: 0]
[feature_pre_filter: 1]
[pre_partition: 0]
[two_round: 0]
[header: 0]
[label_column: ]
[weight_column: ]
[group_column: ]
[ignore_column: ]
[categorical_feature: ]
[forcedbins_filename: ]
[precise_float_parser: 0]
[parser_config_file: ]
[objective_seed: 5]
[num_class: 1]
[is_unbalance: 0]
[scale_pos_weight: 1]
[sigmoid: 1]
[boost_from_average: 1]
[reg_sqrt: 0]
[alpha: 0.9]
[fair_c: 1]
[poisson_max_delta_step: 0.7]
[tweedie_variance_power: 1.5]
[lambdarank_truncation_level: 30]
[lambdarank_norm: 1]
[label_gain: ]
[lambdarank_position_bias_regularization: 0]
[eval_at: ]
[multi_error_top_k: 1]
[auc_mu_weights: ]
[num_machines: 1]
[local_listen_port: 12400]
[time_out: 120]
[machine_list_filename: ]
[machines: ]
[gpu_platform_id: -1]
[gpu_device_id: -1]
[gpu_use_dp: 0]
[num_gpu: 1]

end of parameters

pandas_categorical:null
