tree
version=v4
num_class=1
num_tree_per_iteration=1
label_index=0
max_feature_idx=21
objective=regression
feature_names=Column_0 Column_1 Column_2 Column_3 Column_4 Column_5 Column_6 Column_7 Column_8 Column_9 Column_10 Column_11 Column_12 Column_13 Column_14 Column_15 Column_16 Column_17 Column_18 Column_19 Column_20 Column_21
feature_infos=[52643.239999999998:365149744] [-0.00025630999999999999:0.0001] [22:33] [-0.11833396849605127:0.073283713578071286] [-0.11166158309678553:0.076779014045879723] [8.1939157845441031:89.87682992951045] [-0.0044245150327561576:0.0033510674630724581] [0.15654268156711187:66546.029339662884] [0.15675455154303111:66519.980006088634] [0.15684053278359764:66367.104978556672] [0.159645114581006:65856.290113565658] [0.15756702886330165:66945.240735271436] [0.15541373397441161:66296.927663409704] [0.15689999999999998:66590.839999999997] [2.2190387548786248:100] [0:0.0093292087253381718] [-0.02642081745684044:0.033613912898195153] [-0.032948320551148713:0.040840789688613155] [-0.036801766921223944:0.047667338998280018] [-0.039905470668526122:0.062969023655887968] [-0.0095869700345417863:0.0080506958338644186] [-0.45482924516609791:1.5435541230424439]
tree_sizes=726 751 755 752 649 728 683 748 746 748 726 676 746 648 757 744 744 676 744 638 677 750 658 635 589 638 657 640 585 648 563

Tree=0
num_leaves=6
num_cat=0
split_feature=2 2 1 2 20
split_gain=0.00652164 0.00171164 0.00171607 0.00168842 2.49858e-05
threshold=29.500000000000004 23.500000000000004 3.2805000000000002e-05 32.000000000000007 -0.0025522290671074472
decision_type=2 2 2 2 2
left_child=1 -1 -3 4 -2
right_child=3 2 -4 -5 -6
leaf_value=0.00014558215495647734 -1.011953506963706e-05 2.325519836951576e-05 -1.5543018265730803e-05 -1.011953506963706e-05 -0.0001220240284546639
leaf_weight=534 257 6933 6399 638 2467
leaf_count=534 257 6933 6399 638 2467
internal_value=-1.01195e-05 1.00613e-05 -5.40601e-06 -9.33518e-05 -0.000116423
internal_weight=17228 13866 13332 3362 2724
internal_count=17228 13866 13332 3362 2724
is_linear=0
shrinkage=1


Tree=1
num_leaves=7
num_cat=0
split_feature=2 2 2 1 6 6
split_gain=0.00569051 0.00150249 0.00147486 0.00151139 0.000426091 2.0738e-05
threshold=29.500000000000004 32.000000000000007 23.500000000000004 3.2805000000000002e-05 -0.0011743344672534217 0.00093068825679219302
decision_type=2 2 2 2 2 2
left_child=2 4 5 -4 -2 -1
right_child=1 -3 3 -5 -6 -7
leaf_value=0.00015843146100804595 0 0 3.1151565973275645e-05 -5.0622209376397721e-06 -0.00010573251254180863 0
leaf_weight=453 140 638 6933 6399 2584 81
leaf_count=453 140 638 6933 6399 2584 81
internal_value=0 -7.77624e-05 1.88365e-05 3.73082e-06 -9.95527e-05 0.00014533
internal_weight=17228 3362 13866 13332 2724 534
internal_count=17228 3362 13866 13332 2724 534
is_linear=0
shrinkage=0.0666122


Tree=2
num_leaves=7
num_cat=0
split_feature=2 2 2 1 1 20
split_gain=0.00493511 0.00132895 0.00129302 0.0013294 1.60918e-05 6.68472e-06
threshold=29.500000000000004 32.000000000000007 23.500000000000004 3.2805000000000002e-05 -4.625499999999999e-05 -0.0020022704128899722
decision_type=2 2 2 2 2 2
left_child=2 5 4 -4 -1 -2
right_child=1 -3 3 -5 -6 -7
leaf_value=0 0 0 2.9076486803419191e-05 -4.7250144418159585e-06 0.00016098111437982734 -9.9503195745253285e-05
leaf_weight=148 348 638 6933 6399 386 2376
leaf_count=148 348 638 6933 6399 386 2376
internal_value=0 -7.23492e-05 1.76098e-05 2.81357e-06 0.000136377 -9.28716e-05
internal_weight=17228 3362 13866 13332 534 2724
internal_count=17228 3362 13866 13332 534 2724
is_linear=0
shrinkage=0.0666122


Tree=3
num_leaves=7
num_cat=0
split_feature=2 2 2 1 6 6
split_gain=0.00431865 0.00118716 0.00115306 0.0011674 0.000339796 5.03576e-06
threshold=29.500000000000004 32.000000000000007 23.500000000000004 3.2805000000000002e-05 -0.0012166629999767733 0.00093068825679219302
decision_type=2 2 2 2 2 2
left_child=2 4 5 -4 -2 -1
right_child=1 -3 3 -5 -6 -7
leaf_value=0.00013982960174099775 0 0 2.7139642487638716e-05 -4.4102721876438043e-06 -9.2427069045503745e-05 0
leaf_weight=453 129 638 6933 6399 2595 81
leaf_count=453 129 638 6933 6399 2595 81
internal_value=0 -6.76649e-05 1.64881e-05 1.95743e-06 -8.70902e-05 0.000128626
internal_weight=17228 3362 13866 13332 2724 534
internal_count=17228 3362 13866 13332 2724 534
is_linear=0
shrinkage=0.0666122


Tree=4
num_leaves=6
num_cat=0
split_feature=2 2 1 1 2
split_gain=0.00374154 0.00105128 0.00103166 0.000573248 2.08821e-07
threshold=29.500000000000004 32.000000000000007 4.006500000000001e-05 -4.8159999999999993e-05 23.500000000000004
decision_type=2 2 2 2 2
left_child=2 -2 3 -1 -4
right_child=1 -3 4 -5 -6
leaf_value=0 -8.122498933245421e-05 0 0 4.1114651538560977e-05 -3.9965845368889562e-07
leaf_weight=1756 2724 638 147 6162 5801
leaf_count=1756 2724 638 147 6162 5801
internal_value=0 -6.29128e-05 1.54155e-05 3.15322e-05 0
internal_weight=17228 3362 13866 7918 5948
internal_count=17228 3362 13866 7918 5948
is_linear=0
shrinkage=0.0666122


Tree=5
num_leaves=7
num_cat=0
split_feature=6 0 1 19 0 0
split_gain=0.000139696 0.000739662 0.00141259 0.00026642 0.000188959 8.47661e-06
threshold=-0.00010331374653882654 774822.85000000009 -4.3099999999999985e-06 0.015420448572540548 138793.13999999504 56241.735000000008
decision_type=2 2 2 2 2 2
left_child=3 5 -3 4 -1 -2
right_child=1 2 -4 -5 -6 -7
leaf_value=0 0 0 -4.7685334751199228e-05 0 2.1386915858264497e-05 3.6232855031469836e-06
leaf_weight=1069 805 2372 4308 574 5235 2865
leaf_count=1069 805 2372 4308 574 5235 2865
internal_value=0 -4.87495e-06 -2.29813e-05 7.3729e-06 1.5711e-05 0
internal_weight=17228 10350 6680 6878 6304 3670
internal_count=17228 10350 6680 6878 6304 3670
is_linear=0
shrinkage=0.0666122


Tree=6
num_leaves=6
num_cat=0
split_feature=2 2 2 1 6
split_gain=0.00320534 0.00106311 0.000940449 0.000868082 0.000287411
threshold=29.500000000000004 23.500000000000004 32.000000000000007 3.2805000000000002e-05 -0.0011743344672534217
decision_type=2 2 2 2 2
left_child=1 -1 4 -3 -2
right_child=2 3 -4 -5 -6
leaf_value=0.00011949498926096021 0 2.3286000097949088e-05 0 -3.8175940197580404e-06 -8.0541869351936224e-05
leaf_weight=534 140 6933 638 6399 2584
leaf_count=534 140 6933 638 6399 2584
internal_value=0 1.44832e-05 -5.80112e-05 2.37899e-07 -7.54017e-05
internal_weight=17228 13866 3362 13332 2724
internal_count=17228 13866 3362 13332 2724
is_linear=0
shrinkage=0.0666122


Tree=7
num_leaves=7
num_cat=0
split_feature=2 2 2 1 6 1
split_gain=0.00277131 0.000926047 0.000834798 0.000756432 0.000256292 3.02085e-05
threshold=29.500000000000004 23.500000000000004 32.000000000000007 3.2805000000000002e-05 -0.0012166629999767733 -4.625499999999999e-05
decision_type=2 2 2 2 2 2
left_child=1 5 4 -3 -2 -1
right_child=2 3 -4 -5 -6 -7
leaf_value=0 0 2.1734867847941242e-05 0 -3.5632961260629506e-06 -7.5018878979020434e-05 0.00013250331122453479
leaf_weight=148 129 6933 638 6399 2595 386
leaf_count=148 129 6933 638 6399 2595 386
internal_value=0 1.35184e-05 -5.38877e-05 0 -7.03124e-05 0.000111535
internal_weight=17228 13866 3362 13332 2724 534
internal_count=17228 13866 3362 13332 2724 534
is_linear=0
shrinkage=0.0666122


Tree=8
num_leaves=7
num_cat=0
split_feature=2 2 2 1 6 6
split_gain=0.00239726 0.000830022 0.000741436 0.000659013 0.000230213 7.03242e-06
threshold=29.500000000000004 23.500000000000004 32.000000000000007 3.2805000000000002e-05 -0.0011743344672534217 0.00093068825679219302
decision_type=2 2 2 2 2 2
left_child=1 5 4 -3 -2 -1
right_child=2 3 -4 -5 -6 -7
leaf_value=0.00011447121983541526 0 2.0287059937369467e-05 0 -3.3259385755889421e-06 -7.0179624939202309e-05 0
leaf_weight=453 140 6933 638 6399 2584 81
leaf_count=453 140 6933 638 6399 2584 81
internal_value=0 1.26583e-05 -5.00306e-05 0 -6.55519e-05 0.000105155
internal_weight=17228 13866 3362 13332 2724 534
internal_count=17228 13866 3362 13332 2724 534
is_linear=0
shrinkage=0.0666122


Tree=9
num_leaves=7
num_cat=0
split_feature=2 2 2 1 1 1
split_gain=0.00207167 0.000734299 0.000659217 0.000574141 0.000244858 1.79715e-05
threshold=29.500000000000004 23.500000000000004 32.000000000000007 3.2805000000000002e-05 9.4410000000000013e-05 -4.625499999999999e-05
decision_type=2 2 2 2 2 2
left_child=1 5 4 -3 -2 -1
right_child=2 3 -4 -5 -6 -7
leaf_value=0 -7.5530930667934581e-05 1.8935692759418916e-05 0 -3.1043929487118453e-06 0 0.00011696048804481187
leaf_weight=148 1974 6933 638 6399 750 386
leaf_count=148 1974 6933 638 6399 750 386
internal_value=0 1.18358e-05 -4.64375e-05 0 -6.11173e-05 9.86865e-05
internal_weight=17228 13866 3362 13332 2724 534
internal_count=17228 13866 3362 13332 2724 534
is_linear=0
shrinkage=0.0666122


Tree=10
num_leaves=7
num_cat=0
split_feature=2 1 1 2 6 0
split_gain=0.00181653 0.0006854 0.0011051 0.00059505 0.000200056 2.13802e-06
threshold=29.500000000000004 4.1900000000000014e-06 -4.8159999999999993e-05 32.000000000000007 -0.0011743344672534217 4748509.6500000013
decision_type=2 2 2 2 2 2
left_child=1 2 -1 4 -2 -3
right_child=3 5 -4 -5 -6 -7
leaf_value=0 0 1.3326240951855305e-06 6.0203076730599596e-05 0 -6.1850117396150715e-05 0
leaf_weight=1756 140 5342 2662 638 2584 4106
leaf_count=1756 140 5342 2662 638 2584 4106
internal_value=0 1.10836e-05 3.2771e-05 -4.34834e-05 -5.74713e-05 0
internal_weight=17228 13866 4418 3362 2724 9448
internal_count=17228 13866 4418 3362 2724 9448
is_linear=0
shrinkage=0.0666122


Tree=11
num_leaves=6
num_cat=0
split_feature=2 2 2 19 20
split_gain=0.00156179 0.000690245 0.000529708 0.000300587 3.51084e-05
threshold=29.500000000000004 23.500000000000004 32.000000000000007 0.0010653725959688389 -0.0020022704128899722
decision_type=2 2 2 2 2
left_child=1 -1 4 -3 -2
right_child=2 3 -4 -5 -6
leaf_value=9.2083191681615505e-05 0 1.4061346007567639e-05 0 -2.2250880580749541e-07 -5.7920444773472163e-05
leaf_weight=534 348 6744 638 6588 2376
leaf_count=534 348 6744 638 6588 2376
internal_value=0 1.02796e-05 -4.03169e-05 0 -5.35631e-05
internal_weight=17228 13866 3362 13332 2724
internal_count=17228 13866 3362 13332 2724
is_linear=0
shrinkage=0.0666122


Tree=12
num_leaves=7
num_cat=0
split_feature=2 2 2 1 1 6
split_gain=0.00135831 0.00060135 0.000476294 0.000396759 0.000228639 1.06248e-05
threshold=29.500000000000004 23.500000000000004 32.000000000000007 3.2805000000000002e-05 9.4410000000000013e-05 0.00093068825679219302
decision_type=2 2 2 2 2 2
left_child=1 5 4 -3 -2 -1
right_child=2 3 -4 -5 -6 -7
leaf_value=9.3873664975423928e-05 -6.3175414005790822e-05 1.5616388675527108e-05 0 -3.3011045871573913e-06 0 0
leaf_weight=453 1974 6933 638 6399 750 81
leaf_count=453 1974 6933 638 6399 750 81
internal_value=0 9.59481e-06 -3.75902e-05 0 -5.01978e-05 8.59493e-05
internal_weight=17228 13866 3362 13332 2724 534
internal_count=17228 13866 3362 13332 2724 534
is_linear=0
shrinkage=0.0666122


Tree=13
num_leaves=6
num_cat=0
split_feature=6 1 17 20 5
split_gain=0.000128553 0.00071408 0.000233751 0.000118462 6.95567e-05
threshold=0.00013954447412148211 -3.6499999999999994e-06 0.010187584240977878 -0.0019566200402909568 25.255021435130029
decision_type=2 2 2 2 2
left_child=3 -2 -3 4 -1
right_child=1 2 -4 -5 -6
leaf_value=0 0 -3.1259019010148565e-05 0 0 2.8115489284162998e-05
leaf_weight=91 2252 4614 126 8751 1394
leaf_count=91 2252 4614 126 8751 1394
internal_value=0 -6.5803e-06 -2.70617e-05 5.11356e-06 2.31129e-05
internal_weight=17228 6992 4740 10236 1485
internal_count=17228 6992 4740 10236 1485
is_linear=0
shrinkage=0.0666122


Tree=14
num_leaves=7
num_cat=0
split_feature=2 1 1 2 1 6
split_gain=0.00118668 0.000515561 0.00114327 0.000431442 0.000187484 1.35741e-05
threshold=29.500000000000004 -1.0000000180025095e-35 -4.625499999999999e-05 32.000000000000007 9.4410000000000013e-05 0.00013954447412148211
decision_type=2 2 2 2 2 2
left_child=1 2 -1 4 -2 -3
right_child=3 5 -4 -5 -6 -7
leaf_value=0 -5.8663886662799969e-05 2.8551082979782395e-06 6.3748702973886364e-05 0 0 -1.6411235578863468e-06
leaf_weight=1890 1974 6167 2111 638 750 3698
leaf_count=1890 1974 6167 2111 638 750 3698
internal_value=0 9.37375e-06 2.96021e-05 -3.46957e-05 -4.67816e-05 0
internal_weight=17228 13866 4001 3362 2724 9865
internal_count=17228 13866 4001 3362 2724 9865
is_linear=0
shrinkage=0.0666122


Tree=15
num_leaves=7
num_cat=0
split_feature=2 2 2 1 0 1
split_gain=0.00103045 0.000533406 0.000390354 0.000299004 0.000203287 1.93662e-05
threshold=29.500000000000004 23.500000000000004 32.000000000000007 3.2805000000000002e-05 160965.33000000005 -4.625499999999999e-05
decision_type=2 2 2 2 2 2
left_child=1 5 4 -3 -2 -1
right_child=2 3 -4 -5 -6 -7
leaf_value=0 0 1.3603329594315443e-05 0 -2.6157108982079997e-06 -5.5389726344123398e-05 9.516123055692718e-05
leaf_weight=148 715 6933 638 6399 2009 386
leaf_count=148 715 6933 638 6399 2009 386
internal_value=0 8.67183e-06 -3.24012e-05 0 -4.39498e-05 7.99058e-05
internal_weight=17228 13866 3362 13332 2724 534
internal_count=17228 13866 3362 13332 2724 534
is_linear=0
shrinkage=0.0666122


Tree=16
num_leaves=7
num_cat=0
split_feature=2 2 2 19 0 6
split_gain=0.000897059 0.000476626 0.000352632 0.000198468 0.000166683 5.22698e-06
threshold=29.500000000000004 23.500000000000004 32.000000000000007 0.0010653725959688389 160965.33000000005 0.00093068825679219302
decision_type=2 2 2 2 2 2
left_child=1 5 4 -3 -2 -1
right_child=2 3 -4 -5 -6 -7
leaf_value=8.2093580858106664e-05 0 1.1407047501421719e-05 0 -6.8648248326340077e-07 -5.1700095542796083e-05 0
leaf_weight=453 715 6744 638 6588 2009 81
leaf_count=453 715 6744 638 6588 2009 81
internal_value=0 8.12271e-06 -3.01965e-05 0 -4.12286e-05 7.53237e-05
internal_weight=17228 13866 3362 13332 2724 534
internal_count=17228 13866 3362 13332 2724 534
is_linear=0
shrinkage=0.0666122


Tree=17
num_leaves=6
num_cat=0
split_feature=2 2 6 19 14
split_gain=0.000780238 0.000420974 0.000329932 0.000172908 0.00010362
threshold=29.500000000000004 23.500000000000004 -0.00068739891061413963 0.0010653725959688389 25.674003787403283
decision_type=2 2 2 2 2
left_child=1 -1 -2 -3 -4
right_child=2 3 4 -5 -6
leaf_value=7.068476441717591e-05 0 1.0647198843003977e-05 0 -6.4075443012506224e-07 -4.0947229074238615e-05
leaf_weight=534 421 6744 206 6588 2735
leaf_count=534 421 6744 206 6588 2735
internal_value=0 7.59621e-06 -2.81385e-05 0 -3.74553e-05
internal_weight=17228 13866 3362 13332 2941
internal_count=17228 13866 3362 13332 2941
is_linear=0
shrinkage=0.0666122


Tree=18
num_leaves=7
num_cat=0
split_feature=2 2 2 6 2 6
split_gain=0.000666131 0.000366758 0.000307797 0.000129487 0.000117171 4.16635e-06
threshold=29.500000000000004 23.500000000000004 32.000000000000007 -0.0011743344672534217 25.500000000000004 0.00093068825679219302
decision_type=2 2 2 2 2 2
left_child=1 5 3 -2 -3 -1
right_child=2 4 -4 -5 -6 -7
leaf_value=7.1916680049755638e-05 0 -1.1719120667505213e-06 0 -4.0311274249925491e-05 7.5450522741235544e-06 0
leaf_weight=453 140 4303 638 2584 9029 81
leaf_count=453 140 4303 638 2584 9029 81
internal_value=0 7.09021e-06 -2.59196e-05 -3.64768e-05 0 6.59763e-05
internal_weight=17228 13866 3362 2724 13332 534
internal_count=17228 13866 3362 2724 13332 534
is_linear=0
shrinkage=0.0666122


Tree=19
num_leaves=6
num_cat=0
split_feature=2 19 2 0 0
split_gain=0.00056859 0.000345657 0.000275536 0.000174066 0.000152921
threshold=29.500000000000004 0.02282568260304008 32.000000000000007 56241.735000000008 160965.33000000005
decision_type=2 2 2 2 2
left_child=1 3 4 -1 -2
right_child=2 -3 -4 -5 -6
leaf_value=0 0 0 0 1.5327478037166032e-05 -4.3573878987319621e-05
leaf_weight=1071 715 384 638 12411 2009
leaf_count=1071 715 384 638 12411 2009
internal_value=0 6.63066e-06 -2.38558e-05 1.26087e-05 -3.39296e-05
internal_weight=17228 13866 3362 13482 2724
internal_count=17228 13866 3362 13482 2724
is_linear=0
shrinkage=0.0666122


Tree=20
num_leaves=6
num_cat=0
split_feature=2 2 6 19 14
split_gain=0.000472907 0.000344088 0.000267791 0.000118138 8.89685e-05
threshold=29.500000000000004 23.500000000000004 -0.00068739891061413963 0.0010653725959688389 25.674003787403283
decision_type=2 2 2 2 2
left_child=1 -1 -2 -3 -4
right_child=2 3 4 -5 -6
leaf_value=6.0891421152306595e-05 0 8.6445353917593034e-06 0 -1.7525189737047486e-06 -3.4356013657339665e-05
leaf_weight=534 421 6744 206 6588 2735
leaf_count=534 421 6744 206 6588 2735
internal_value=0 5.7168e-06 -2.21214e-05 0 -3.10392e-05
internal_weight=17228 13866 3362 13332 2941
internal_count=17228 13866 3362 13332 2941
is_linear=0
shrinkage=0.0666122


Tree=21
num_leaves=7
num_cat=0
split_feature=2 2 6 19 14 6
split_gain=0.000399971 0.000299774 0.000243008 0.000102923 7.98371e-05 4.31203e-06
threshold=29.500000000000004 23.500000000000004 -0.00068739891061413963 0.0010653725959688389 25.674003787403283 0.00093068825679219302
decision_type=2 2 2 2 2 2
left_child=1 5 -2 -3 -4 -1
right_child=2 3 4 -5 -6 -7
leaf_value=6.2049045184851983e-05 0 8.0687039219102407e-06 0 -1.6357806795511021e-06 -3.2067482873723879e-05 0
leaf_weight=453 421 6744 206 6588 2735 81
leaf_count=453 421 6744 206 6588 2735 81
internal_value=0 5.33599e-06 -2.02596e-05 0 -2.89109e-05 5.68353e-05
internal_weight=17228 13866 3362 13332 2941 534
internal_count=17228 13866 3362 13332 2941 534
is_linear=0
shrinkage=0.0666122


Tree=22
num_leaves=6
num_cat=0
split_feature=2 17 0 0 6
split_gain=0.000348527 0.000506314 0.000814696 3.8658e-05 1.76518e-07
threshold=23.500000000000004 -0.0017908325811059054 764890.32500000007 56241.735000000008 0.00093068825679219302
decision_type=2 2 2 2 2
left_child=4 3 -3 -2 -1
right_child=1 2 -4 -5 -6
leaf_value=5.791581901837448e-05 0 0 -2.7350976750326109e-05 6.8023947444890284e-06 0
leaf_weight=453 276 4358 7841 4219 81
leaf_count=453 276 4358 7841 4219 81
internal_value=0 -1.29021e-06 -1.35831e-05 2.29579e-06 5.3329e-05
internal_weight=17228 16694 12199 4495 534
internal_count=17228 16694 12199 4495 534
is_linear=0
shrinkage=0.0666122


Tree=23
num_leaves=6
num_cat=0
split_feature=2 19 2 0 0
split_gain=0.000336224 0.0003033 0.00022446 0.000170804 0.000128231
threshold=29.500000000000004 0.02282568260304008 32.000000000000007 334552199.50000006 160965.33000000005
decision_type=2 2 2 2 2
left_child=1 3 4 -1 -2
right_child=2 -3 -4 -5 -6
leaf_value=0 0 0 0 4.672315403443355e-05 -3.6154122149559537e-05
leaf_weight=12321 715 384 638 1161 2009
leaf_count=12321 715 384 638 1161 2009
internal_value=0 5.57418e-06 -1.77651e-05 1.14795e-05 -2.74799e-05
internal_weight=17228 13866 3362 13482 2724
internal_count=17228 13866 3362 13482 2724
is_linear=0
shrinkage=0.0666122


Tree=24
num_leaves=5
num_cat=0
split_feature=2 19 14 2
split_gain=0.000296962 0.000620857 0.000901681 0.000349914
threshold=23.500000000000004 0.0010653725959688389 41.866002511942007 25.500000000000004
decision_type=2 2 2 2
left_child=-1 3 -3 -2
right_child=1 2 -4 -5
leaf_value=4.9607545512366691e-05 0 0 -3.3173701757527247e-05 1.5295147046340828e-05
leaf_weight=534 1634 2240 6131 6689
leaf_count=534 1634 2240 6131 6689
internal_value=0 -4.61264e-07 -1.81125e-05 1.21084e-06
internal_weight=17228 16694 8371 8323
internal_count=17228 16694 8371 8323
is_linear=0
shrinkage=0.0666122


Tree=25
num_leaves=6
num_cat=0
split_feature=2 19 2 0 0
split_gain=0.000290172 0.000300392 0.00020394 0.000156692 0.000111192
threshold=29.500000000000004 0.02282568260304008 32.000000000000007 56241.735000000008 160965.33000000005
decision_type=2 2 2 2 2
left_child=1 3 4 -1 -2
right_child=2 -3 -4 -5 -6
leaf_value=0 0 0 0 1.4079091694059525e-05 -3.3494743014792272e-05
leaf_weight=1071 715 384 638 12411 2009
leaf_count=1071 715 384 638 12411 2009
internal_value=0 5.58139e-06 -1.59527e-05 1.14413e-05 -2.54224e-05
internal_weight=17228 13866 3362 13482 2724
internal_count=17228 13866 3362 13482 2724
is_linear=0
shrinkage=0.0666122


Tree=26
num_leaves=6
num_cat=0
split_feature=2 20 0 0 6
split_gain=0.000248458 0.000424588 0.00109468 0.000107333 1.4317e-06
threshold=23.500000000000004 -0.0019566200402909568 764890.32500000007 56241.735000000008 0.00093068825679219302
decision_type=2 2 2 2 2
left_child=4 3 -3 -2 -1
right_child=1 2 -4 -5 -6
leaf_value=4.9396514099730417e-05 0 0 -2.5690144386363867e-05 2.0758641212742394e-05 0
leaf_weight=453 92 5119 9922 1561 81
leaf_count=453 92 5119 9922 1561 81
internal_value=0 -4.56666e-07 -1.06033e-05 1.09005e-05 4.53652e-05
internal_weight=17228 16694 15041 1653 534
internal_count=17228 16694 15041 1653 534
is_linear=0
shrinkage=0.0666122


Tree=27
num_leaves=6
num_cat=0
split_feature=2 19 6 2 0
split_gain=0.000236718 0.000294077 0.000355213 0.00017949 8.726e-05
threshold=29.500000000000004 0.02282568260304008 0.00063945338094894102 32.000000000000007 160965.33000000005
decision_type=2 2 2 2 2
left_child=1 2 -1 4 -2
right_child=3 -3 -4 -5 -6
leaf_value=1.6795093155072385e-05 0 0 0 0 -3.0071216340823572e-05
leaf_weight=11693 715 384 1789 638 2009
leaf_count=11693 715 384 1789 638 2009
internal_value=0 5.48581e-06 1.13021e-05 -1.37224e-05 -2.29081e-05
internal_weight=17228 13866 13482 3362 2724
internal_count=17228 13866 13482 3362 2724
is_linear=0
shrinkage=0.0666122


Tree=28
num_leaves=5
num_cat=0
split_feature=2 19 5 2
split_gain=0.000209257 0.000504989 0.00088617 0.000310266
threshold=23.500000000000004 0.0010653725959688389 45.743911357628285 25.500000000000004
decision_type=2 2 2 2
left_child=-1 3 -3 -2
right_child=1 2 -4 -5
leaf_value=4.1696108917044554e-05 0 0 -3.0464238427247741e-05 1.4348150670813119e-05
leaf_weight=534 1634 1720 6651 6689
leaf_count=534 1634 1720 6651 6689
internal_value=0 -8.33504e-08 -1.636e-05 2.06246e-07
internal_weight=17228 16694 8371 8323
internal_count=17228 16694 8371 8323
is_linear=0
shrinkage=0.0666122


Tree=29
num_leaves=6
num_cat=0
split_feature=2 6 2 16 6
split_gain=0.000184686 0.000184141 0.000162046 7.54682e-05 7.32767e-05
threshold=29.500000000000004 0.00063945338094894102 32.000000000000007 0.0028285144919252274 -0.0011743344672534217
decision_type=2 2 2 2 2
left_child=1 3 4 -1 -2
right_child=2 -3 -4 -5 -6
leaf_value=1.1364026400029379e-05 0 0 0 0 -2.4394378935637436e-05
leaf_weight=11444 140 1873 638 549 2584
leaf_count=11444 140 1873 638 549 2584
internal_value=0 4.84846e-06 -1.2116e-05 9.76256e-06 -2.10983e-05
internal_weight=17228 13866 3362 11993 2724
internal_count=17228 13866 3362 11993 2724
is_linear=0
shrinkage=0.0666122


Tree=30
num_leaves=5
num_cat=0
split_feature=2 5 0 0
split_gain=0.000177221 0.000328319 0.000581026 6.67034e-05
threshold=23.500000000000004 44.358508345484829 764890.32500000007 56241.735000000008
decision_type=2 2 2 2
left_child=-1 3 -3 -2
right_child=1 2 -4 -5
leaf_value=3.8374287896250549e-05 0 0 -2.2486230882812348e-05 8.2203605490249121e-06
leaf_weight=534 373 3961 7980 4380
leaf_count=534 373 3961 7980 4380
internal_value=0 0 -1.10454e-05 0
internal_weight=17228 16694 11941 4753
internal_count=17228 16694 11941 4753
is_linear=0
shrinkage=0.0666122


end of trees

feature_importances:
Column_2=70
Column_1=25
Column_6=25
Column_0=19
Column_19=12
Column_20=5
Column_14=4
Column_5=3
Column_17=2
Column_16=1

parameters:
[boosting: gbdt]
[objective: regression]
[metric: l2]
[tree_learner: serial]
[device_type: cpu]
[data_sample_strategy: bagging]
[data: ]
[valid: ]
[num_iterations: 31]
[learning_rate: 0.0666122]
[num_leaves: 31]
[num_threads: 1]
[seed: 0]
[deterministic: 0]
[force_col_wise: 0]
[force_row_wise: 0]
[histogram_pool_size: -1]
[max_depth: 3]
[min_data_in_leaf: 54]
[min_sum_hessian_in_leaf: 0.001]
[bagging_fraction: 0.708064]
[pos_bagging_fraction: 1]
[neg_bagging_fraction: 1]
[bagging_freq: 0]
[bagging_seed: 3]
[bagging_by_query: 0]
[feature_fraction: 0.819592]
[feature_fraction_bynode: 1]
[feature_fraction_seed: 2]
[extra_trees: 0]
[extra_seed: 6]
[early_stopping_round: 0]
[early_stopping_min_delta: 0]
[first_metric_only: 0]
[max_delta_step: 0]
[lambda_l1: 2.00926]
[lambda_l2: 1.10434e-05]
[linear_lambda: 0]
[min_gain_to_split: 0]
[drop_rate: 0.1]
[max_drop: 50]
[skip_drop: 0.5]
[xgboost_dart_mode: 0]
[uniform_drop: 0]
[drop_seed: 4]
[top_rate: 0.2]
[other_rate: 0.1]
[min_data_per_group: 100]
[max_cat_threshold: 32]
[cat_l2: 10]
[cat_smooth: 10]
[max_cat_to_onehot: 4]
[top_k: 20]
[monotone_constraints: ]
[monotone_constraints_method: basic]
[monotone_penalty: 0]
[feature_contri: ]
[forcedsplits_filename: ]
[refit_decay_rate: 0.9]
[cegb_tradeoff: 1]
[cegb_penalty_split: 0]
[cegb_penalty_feature_lazy: ]
[cegb_penalty_feature_coupled: ]
[path_smooth: 0]
[interaction_constraints: ]
[verbosity: -1]
[saved_feature_importance_type: 0]
[use_quantized_grad: 0]
[num_grad_quant_bins: 4]
[quant_train_renew_leaf: 0]
[stochastic_rounding: 1]
[linear_tree: 0]
[max_bin: 255]
[max_bin_by_feature: ]
[min_data_in_bin: 3]
[bin_construct_sample_cnt: 200000]
[data_random_seed: 1]
[is_enable_sparse: 1]
[enable_bundle: 1]
[use_missing: 1]
[zero_as_missing: 0]
[feature_pre_filter: 1]
[pre_partition: 0]
[two_round: 0]
[header: 0]
[label_column: ]
[weight_column: ]
[group_column: ]
[ignore_column: ]
[categorical_feature: ]
[forcedbins_filename: ]
[precise_float_parser: 0]
[parser_config_file: ]
[objective_seed: 5]
[num_class: 1]
[is_unbalance: 0]
[scale_pos_weight: 1]
[sigmoid: 1]
[boost_from_average: 1]
[reg_sqrt: 0]
[alpha: 0.9]
[fair_c: 1]
[poisson_max_delta_step: 0.7]
[tweedie_variance_power: 1.5]
[lambdarank_truncation_level: 30]
[lambdarank_norm: 1]
[label_gain: ]
[lambdarank_position_bias_regularization: 0]
[eval_at: ]
[multi_error_top_k: 1]
[auc_mu_weights: ]
[num_machines: 1]
[local_listen_port: 12400]
[time_out: 120]
[machine_list_filename: ]
[machines: ]
[gpu_platform_id: -1]
[gpu_device_id: -1]
[gpu_use_dp: 0]
[num_gpu: 1]

end of parameters

pandas_categorical:null
