tree
version=v4
num_class=1
num_tree_per_iteration=1
label_index=0
max_feature_idx=33
objective=regression
feature_names=Column_0 Column_1 Column_2 Column_3 Column_4 Column_5 Column_6 Column_7 Column_8 Column_9 Column_10 Column_11 Column_12 Column_13 Column_14 Column_15 Column_16 Column_17 Column_18 Column_19 Column_20 Column_21 Column_22 Column_23 Column_24 Column_25 Column_26 Column_27 Column_28 Column_29 Column_30 Column_31 Column_32 Column_33
feature_infos=[0:406310272] [-0.0002317100006621331:9.9999997473787516e-05] [5:87] [-0.10434558242559433:0.18051035702228546] [-0.12299888581037521:0.17303887009620667] [14.98650074005127:85.542526245117188] [-0.012555081397294998:0.014651717618107796] [0.14398002624511719:124361.8515625] [0.1442769467830658:124351.53125] [0.14471201598644257:123975.796875] [0.14840638637542725:121107.6015625] [0.14588963985443115:125842.2421875] [0.13971482217311859:123429.8984375] [0.14354999363422394:124614.890625] [2.6365513801574707:100] [0:0.052495218813419342] [-0.073353715240955353:0.11955969035625458] [-0.094177946448326111:0.14534389972686768] [-0.10195465385913849:0.16078661382198334] [-0.16952414810657501:0.1830315887928009] [-0.031842213124036789:0.034633826464414597] [-0.56833761930465698:1.5593725442886353] [0.0021483618766069412:0.21703679859638214] [-0.084474384784698486:0.11911022663116455] [0.00033922118018381298:0.039376609027385712] [0.072422191500663757:13.235007286071777] [0.00046470170491375029:0.14771068096160889] [-0.084474384784698486:0.11911022663116455] [-37.717723846435547:35.59564208984375] [-0.0055713201873004436:0.0077165002003312111] [0:24.997884750366211] [0:58.908016204833984] [0:65.287467956542969] [-4.4742031097412109:3.8659203052520752]
tree_sizes=916 924 913 910 921 909 907 922 920 902 911 910 928 906 913 903 906 830 911 913 897 941 910 909 943 925 919 903 917 908 919 837 924 908 923 907 954 902 919 919 931 903 927 941 888 923 907 928 907 909 920 918 835 933 920 858 923 920 916 913 912 924 916 916 894 915 918 948 933

Tree=0
num_leaves=8
num_cat=0
split_feature=19 14 18 19 21 8 5
split_gain=0.0566078 0.0263962 0.0386389 0.0205495 0.0184295 0.0244822 0.00548034
threshold=-0.099724166095256792 37.73108100891114 -0.020130710676312443 -0.035390798002481454 0.26744438707828527 24.521978378295902 45.059108734130866
decision_type=2 2 2 2 2 2 2
left_child=4 3 -3 -2 6 -6 -1
right_child=1 2 -4 -5 5 -7 -8
leaf_value=0.0012786768395613962 -0.00021824067652036086 0.00048770489936053417 -0.00033042957612353921 -0.00059729628547801361 0.0010000163008401246 -0.0014459796785585733 0.0041912512798763912
leaf_weight=330 2488 805 35166 9016 137 94 8.9999999999999982
leaf_count=330 2488 805 35166 9016 137 94 9
internal_value=-0.000347468 -0.000361356 -0.000312118 -0.000515316 0.000809161 4.59238e-06 0.00135715
internal_weight=48045 47475 35971 11504 570 231 339
internal_count=48045 47475 35971 11504 570 231 339
is_linear=0
shrinkage=1


Tree=1
num_leaves=8
num_cat=0
split_feature=2 31 18 2 2 2 24
split_gain=0.0980464 0.0687134 0.08208 0.0478438 0.0869287 0.0498817 0.0372573
threshold=76.500000000000014 1.0000000180025095e-35 0.0097845741547644156 64.500000000000014 70.500000000000014 63.500000000000007 0.01477729342877865
decision_type=2 2 2 2 2 2 2
left_child=3 6 -3 5 -5 -1 -2
right_child=1 2 -4 4 -6 -7 -8
leaf_value=-4.4632657336259559e-06 0.0012534391460380255 -0.00054505987592586404 -0.0023627550212884712 0.00070775319766241452 -1.812393376440812e-05 -0.00091103993783548038 0.0083610330294103963
leaf_weight=35789 109 1449 442 3729 5669 847 10.999999999999998
leaf_count=35789 109 1449 442 3729 5669 847 11
internal_value=1.36643e-09 -0.000798054 -0.000970018 3.48661e-05 0.000269897 -2.54251e-05 0.00191051
internal_weight=48045 2011 1891 46034 9398 36636 120
internal_count=48045 2011 1891 46034 9398 36636 120
is_linear=0
shrinkage=0.116766


Tree=2
num_leaves=8
num_cat=0
split_feature=19 31 24 19 5 8 8
split_gain=0.0440501 0.0255326 0.0291324 0.0280784 0.0147133 0.0197694 0.00642253
threshold=-0.099724166095256792 1.0000000180025095e-35 0.01477729342877865 0.013355224858969452 41.543542861938484 24.521978378295902 1111.3142700195315
decision_type=2 2 2 2 2 2 2
left_child=4 2 -2 -3 6 -6 -1
right_child=1 3 -4 -5 5 -7 -8
leaf_value=0.0017764091729700771 0.0011071936155674883 3.67885424308228e-05 0.0073922221569665165 -0.00016809302410484241 0.0012719470855402026 -0.00068834872089374604 -0.00029924513019959146
leaf_weight=262 109 35024 10.999999999999998 12331 163 123 22
leaf_count=262 109 35024 11 12331 163 123 22
internal_value=2.44493e-09 -1.22492e-05 0.00168823 -1.65616e-05 0.00102031 0.000428892 0.00161554
internal_weight=48045 47475 120 47355 570 286 284
internal_count=48045 47475 120 47355 570 286 284
is_linear=0
shrinkage=0.116766


Tree=3
num_leaves=8
num_cat=0
split_feature=2 18 30 2 2 19 19
split_gain=0.0769384 0.0501403 0.0854815 0.0394788 0.0676245 0.0406026 0.0244967
threshold=76.500000000000014 0.0097845741547644156 10.578062057495119 64.500000000000014 70.500000000000014 0.025850079022347931 0.036971617490053184
decision_type=2 2 2 2 2 2 2
left_child=3 6 -3 5 -5 -1 -2
right_child=1 2 -4 4 -6 -7 -8
leaf_value=1.5705274649951066e-05 -0.00067219806766391282 0.0023555120377782117 -0.0023593462495310625 0.0006305778524033674 -9.6482160673463113e-06 -0.00040561068636738365 0.000368931346722559
leaf_weight=33194 1113 60 412 3729 5669 3442 426
leaf_count=33194 1113 60 412 3729 5669 3442 426
internal_value=4.35714e-09 -0.000706945 -0.00175966 3.0889e-05 0.000244387 -2.38785e-05 -0.000383999
internal_weight=48045 2011 472 46034 9398 36636 1539
internal_count=48045 2011 472 46034 9398 36636 1539
is_linear=0
shrinkage=0.116766


Tree=4
num_leaves=8
num_cat=0
split_feature=18 15 15 17 33 31 18
split_gain=0.0268057 0.0342941 0.0338588 0.0427052 0.0214078 0.0181906 0.0179308
threshold=-0.020130710676312443 0.024603589437901977 0.014535580296069385 -0.035296557471156113 -1.3680032491683958 1.0000000180025095e-35 -0.052237540483474725
decision_type=2 2 2 2 2 2 2
left_child=2 5 3 -1 -3 -2 -4
right_child=1 4 6 -5 -6 -7 -8
leaf_value=-0.0023332583138431151 0.0014302373855783822 0.00057339989537512847 0.0018831367448127535 0.00012103952422644351 -0.0021727102918678728 -2.0942856104530173e-05 0.00058945979298522617
leaf_weight=102 118 51 164 1820 160 44296 1334
leaf_count=102 118 51 164 1820 160 44296 1334
internal_value=3.80701e-09 -2.41414e-05 0.000315052 -9.30117e-06 -0.00150894 -1.70844e-05 0.000731196
internal_weight=48045 44625 3420 1922 211 44414 1498
internal_count=48045 44625 3420 1922 211 44414 1498
is_linear=0
shrinkage=0.116766


Tree=5
num_leaves=8
num_cat=0
split_feature=2 33 15 22 2 2 2
split_gain=0.0614442 0.0547571 0.0548925 0.0356099 0.0310547 0.0525805 0.0385055
threshold=76.500000000000014 -1.348064064979553 0.0077630141749978074 0.034668384119868285 64.500000000000014 70.500000000000014 63.500000000000007
decision_type=2 2 2 2 2 2 2
left_child=4 3 -3 -2 6 -6 -1
right_child=1 2 -4 -5 5 -7 -8
leaf_value=-2.5534534232426388e-06 -0.00099987935464730844 0.00023364060866227311 -0.0015124981498093272 0.00077897538126580593 0.0005574938830412386 -7.0449638218294539e-06 -0.00079907097924549841
leaf_weight=35789 227 327 984 473 3729 5669 847
leaf_count=35789 227 327 984 473 3729 5669 847
internal_value=3.39012e-09 -0.000631764 -0.00107697 0.000202052 2.76036e-05 0.000216958 -2.09705e-05
internal_weight=48045 2011 1311 700 46034 9398 36636
internal_count=48045 2011 1311 700 46034 9398 36636
is_linear=0
shrinkage=0.116766


Tree=6
num_leaves=8
num_cat=0
split_feature=2 6 33 19 19 2 15
split_gain=0.0479338 0.0484698 0.0319416 0.0280155 0.0279179 0.0251337 0.010904
threshold=76.500000000000014 0.0028125719400122766 -1.348064064979553 0.098087027668952956 -0.099724166095256792 64.500000000000014 0.020883990451693538
decision_type=2 2 2 2 2 2 2
left_child=4 2 -2 -3 6 -6 -1
right_child=1 3 -4 -5 5 -7 -8
leaf_value=0.00047079851358375184 0.00024492403199908029 -0.0020253049132754808 -0.00076221505468960626 -0.0068725360159051221 -2.9930049865676712e-05 0.00018500605845362487 0.001550069960897692
leaf_weight=377 663 111 1218 19 36130 9334 193
leaf_count=377 663 111 1218 19 36130 9334 193
internal_value=2.56037e-09 -0.000558002 -0.000407226 -0.00273785 2.43803e-05 1.41975e-05 0.000836431
internal_weight=48045 2011 1881 130 46034 45464 570
internal_count=48045 2011 1881 130 46034 45464 570
is_linear=0
shrinkage=0.116766


Tree=7
num_leaves=8
num_cat=0
split_feature=2 18 24 15 19 2 15
split_gain=0.0374002 0.0332378 0.0420492 0.0331196 0.0228593 0.110247 0.02206
threshold=76.500000000000014 0.0097845741547644156 0.020695056766271595 0.005401025991886855 -0.042486345395445817 14.500000000000002 0.023382856510579589
decision_type=2 2 2 2 2 2 2
left_child=4 2 -2 -3 5 -1 -6
right_child=1 3 -4 -5 6 -7 -8
leaf_value=-0.00062450152401713076 -0.00028193511462837648 0.0021024158197498451 0.0069357864960159551 -0.0016268826751217368 -3.3318631318673126e-06 0.00056177823803009984 -0.0013986307861017287
leaf_weight=1456 1528 35 10.999999999999998 437 40414 4009 155
leaf_count=1456 1528 35 11 437 40414 4009 155
internal_value=7.46141e-10 -0.000492893 -0.00022996 -0.00135 2.1534e-05 0.00024572 -8.66599e-06
internal_weight=48045 2011 1539 472 46034 5465 40569
internal_count=48045 2011 1539 472 46034 5465 40569
is_linear=0
shrinkage=0.116766


Tree=8
num_leaves=8
num_cat=0
split_feature=19 32 15 6 14 15 31
split_gain=0.0227252 0.0430767 0.051344 0.049444 0.0371629 0.0254226 0.0218157
threshold=-0.035390798002481454 20.221407890319828 0.020293243229389194 0.0028952462598681454 44.422187805175788 0.0099449246190488356 13.475075244903566
decision_type=2 2 2 2 2 2 2
left_child=1 3 -3 -1 5 -2 -6
right_child=4 2 -4 -5 6 -7 -8
leaf_value=9.4443423034168412e-06 -7.6897184780934049e-05 0.00027492925040911194 0.001616593757280457 -0.0014775666903408884 0.00074610327309800322 -0.00040825992578175725 3.2197762088844854e-05
leaf_weight=2085 9678 4351 427 357 597 4685 25865
leaf_count=2085 9678 4351 427 357 597 4685 25865
internal_value=1.75438e-09 0.00019096 0.00039486 -0.000207984 -3.37698e-05 -0.000184985 4.83067e-05
internal_weight=48045 7220 4778 2442 40825 14363 26462
internal_count=48045 7220 4778 2442 40825 14363 26462
is_linear=0
shrinkage=0.116766


Tree=9
num_leaves=8
num_cat=0
split_feature=2 33 19 2 2 33 14
split_gain=0.0286394 0.0346273 0.0561544 0.0268617 0.0219311 0.0861008 0.0217841
threshold=76.500000000000014 0.054817084223032005 0.060166092589497573 82.000000000000014 75.500000000000014 -1.5071282982826231 37.73108100891114
decision_type=2 2 2 2 2 2 2
left_child=4 3 -3 -2 6 -6 -1
right_child=1 2 -4 -5 5 -7 -8
leaf_value=-0.00013208185625537125 -0.00055978132826626614 -0.00099166665711036784 -0.0062209677273780128 0.00042986921610769856 0.0054289014429895425 0.00028566663962259248 5.6122182372989651e-05
leaf_weight=11084 966 405 30 610 49 463 34438
leaf_count=11084 966 405 30 610 49 463 34438
internal_value=1.71686e-09 -0.000431318 -0.00135348 -0.000176722 1.88449e-05 0.000778729 1.02966e-05
internal_weight=48045 2011 435 1576 46034 512 45522
internal_count=48045 2011 435 1576 46034 512 45522
is_linear=0
shrinkage=0.116766


Tree=10
num_leaves=8
num_cat=0
split_feature=2 2 7 24 10 19 2
split_gain=0.0249152 0.060187 0.0345464 0.0378704 0.0331915 0.0328439 0.0317472
threshold=72.500000000000014 65.500000000000014 153.94157409667972 0.0081668323837220686 0.72403669357299816 0.030162034556269649 66.500000000000014
decision_type=2 2 2 2 2 2 2
left_child=1 5 4 -4 -2 -1 -3
right_child=2 6 3 -5 -6 -7 -8
leaf_value=1.2830614480944901e-05 0.0016305862997300813 0.0012531023183009835 -9.0726567898645751e-05 0.0012385135959943605 -0.00057556181214214297 -0.00040223313465037526 0.00031399215871173014
leaf_weight=34809 96 557 2435 332 2880 2809 4127
leaf_count=34809 96 557 2435 332 2880 2809 4127
internal_value=1.13863e-09 3.09839e-05 -0.000228208 6.87923e-05 -0.000504348 -1.81635e-05 0.00042569
internal_weight=48045 42302 5743 2767 2976 37618 4684
internal_count=48045 42302 5743 2767 2976 37618 4684
is_linear=0
shrinkage=0.116766


Tree=11
num_leaves=8
num_cat=0
split_feature=2 2 15 15 24 9 2
split_gain=0.0198182 0.0308488 0.0552083 0.0204199 0.0178547 0.0335351 0.0180696
threshold=77.500000000000014 79.500000000000014 0.0061332010664045819 0.027319056913256649 0.013117420021444561 2.6378012895584111 17.500000000000004
decision_type=2 2 2 2 2 2 2
left_child=4 2 -2 -3 6 -6 -1
right_child=1 3 -4 -5 5 -7 -8
leaf_value=-0.00017472749246762214 0.0010216432952199672 -0.00013398024923321646 -0.0015673877496018849 0.0020384180899496738 -0.00027356057745179933 0.00080581593133179541 3.2719984803001486e-05
leaf_weight=6749 143 1185 522 62 637 1022 37725
leaf_count=6749 143 1185 522 62 637 1022 37725
internal_value=1.73147e-09 -0.000368362 -0.00101057 -2.58302e-05 1.52696e-05 0.000391373 1.23899e-06
internal_weight=48045 1912 665 1247 46133 1659 44474
internal_count=48045 1912 665 1247 46133 1659 44474
is_linear=0
shrinkage=0.116766


Tree=12
num_leaves=8
num_cat=0
split_feature=19 14 20 0 20 0 14
split_gain=0.0178886 0.0171369 0.0335603 0.0170815 0.021429 0.0163501 0.0095028
threshold=-0.099724166095256792 37.078166961669929 -0.0023139781551435585 620643.21875000012 -0.00019665952277136964 6190303.0000000009 21.669345855712894
decision_type=2 2 2 2 2 2 2
left_child=3 5 -3 4 -1 -2 -5
right_child=1 2 -4 6 -6 -7 -8
leaf_value=0.00059149911968069797 -5.1428213093815471e-05 0.00032979187474527661 -1.1269403305997367e-05 -0.0012216700920395112 -0.0017747715446897799 -0.00037688489216512809 0.0018413639883993692
leaf_weight=327 8103 4484 32045 14.999999999999998 62 2843 166
leaf_count=327 8103 4484 32045 15 62 2843 166
internal_value=1.85461e-09 -7.80552e-06 3.05969e-05 0.000650197 0.000214024 -0.000135962 0.00158701
internal_weight=48045 47475 36529 570 389 10946 181
internal_count=48045 47475 36529 570 389 10946 181
is_linear=0
shrinkage=0.116766


Tree=13
num_leaves=8
num_cat=0
split_feature=6 24 30 15 15 5 16
split_gain=0.0159224 0.0225236 0.0334442 0.0153436 0.0149355 0.0121557 0.00926583
threshold=0.0033094374230131511 0.012805511243641378 12.935127258300783 0.023382856510579589 0.027319056913256649 68.194236755371108 0.014821574557572605
decision_type=2 2 2 2 2 2 2
left_child=1 4 -3 5 -1 -2 -5
right_child=3 2 -4 6 -6 -7 -8
leaf_value=-1.447986664616733e-06 -0.00047025749521721654 0.0022301347920824412 0.00028128661743913026 -0.0006685042187486056 -0.00297226162055333 0.00024124892410034765 -0.0029528154681202072
leaf_weight=44641 1135 130 1559 50 23 460 47
leaf_count=44641 1135 130 1559 50 23 460 47
internal_value=1.43086e-09 1.28447e-05 0.000431398 -0.000351822 -2.98371e-06 -0.00026505 -0.00177706
internal_weight=48045 46353 1689 1692 44664 1595 97
internal_count=48045 46353 1689 1692 44664 1595 97
is_linear=0
shrinkage=0.116766


Tree=14
num_leaves=8
num_cat=0
split_feature=2 2 33 2 9 19 19
split_gain=0.0177668 0.0453771 0.027961 0.0372527 0.0275357 0.0265066 0.026148
threshold=72.500000000000014 65.500000000000014 0.054817084223032005 73.500000000000014 30.527751922607425 0.025850079022347931 -0.039737658575177186
decision_type=2 2 2 2 2 2 2
left_child=1 5 3 -2 -4 -1 -3
right_child=2 6 4 -5 -6 -7 -8
leaf_value=1.5374838668475222e-05 -0.00080018124468153118 0.0014233827742680075 -0.001186618305318943 0.00015944082775305878 -0.00024726931948039531 -0.0003178072544046746 0.0002966959229490975
leaf_weight=34018 669 300 632 3140 1302 3600 4384
leaf_count=34018 669 300 632 3140 1302 3600 4384
internal_value=2.93614e-10 2.61636e-05 -0.00019271 -9.11528e-06 -0.000554277 -1.65107e-05 0.000368885
internal_weight=48045 42302 5743 3809 1934 37618 4684
internal_count=48045 42302 5743 3809 1934 37618 4684
is_linear=0
shrinkage=0.116766


Tree=15
num_leaves=8
num_cat=0
split_feature=2 10 2 2 17 14 6
split_gain=0.0161037 0.0244185 0.0502186 0.0138922 0.0437245 0.0158729 0.00911402
threshold=77.500000000000014 3621.7734375000005 78.500000000000014 75.500000000000014 -0.017770620994269844 44.422187805175788 0.0010437199380248787
decision_type=2 2 2 2 2 2 2
left_child=3 2 -2 5 -5 -1 -3
right_child=1 6 -4 4 -6 -7 -8
leaf_value=-8.2274902501684746e-05 -0.0019851107034731252 0.00026964527913826513 -0.0002322908587921611 0.0032466447610457658 0.00020270667655481204 5.9988711662616921e-05 0.0019970627221061643
leaf_weight=17167 272 361 1232 73 538 28355 47
leaf_count=17167 272 361 1232 73 538 28355 47
internal_value=1.04352e-10 -0.000332053 -0.000549391 1.3763e-05 0.000566803 6.33877e-06 0.000469037
internal_weight=48045 1912 1504 46133 611 45522 408
internal_count=48045 1912 1504 46133 611 45522 408
is_linear=0
shrinkage=0.116766


Tree=16
num_leaves=8
num_cat=0
split_feature=26 16 2 22 32 15 15
split_gain=0.0137833 0.0335413 0.070458 0.0287507 0.0196612 0.0311624 0.02094
threshold=0.015263709239661695 -0.023058391176164147 63.500000000000007 0.12003664299845697 17.69919586181641 0.015779209323227409 0.020293243229389194
decision_type=2 2 2 2 2 2 2
left_child=1 2 -1 -3 5 -2 -6
right_child=4 3 -4 -5 6 -7 -8
leaf_value=-0.00033482327402081661 0.00018808346481386754 -1.8582070187053156e-05 -0.008863534767602434 -0.0032712502845095182 0.00017969987424311731 -0.00073816616476556399 0.00085702243689588615
leaf_weight=49 1394 40956 18 37 4089 768 734
leaf_count=49 1394 40956 18 37 4089 768 734
internal_value=8.34568e-10 -2.57945e-05 -0.00263459 -2.15249e-05 0.000151634 -0.000140956 0.000282795
internal_weight=48045 41060 67 40993 6985 2162 4823
internal_count=48045 41060 67 40993 6985 2162 4823
is_linear=0
shrinkage=0.116766


Tree=17
num_leaves=7
num_cat=0
split_feature=31 2 18 14 0 21
split_gain=0.013509 0.0217339 0.0352355 0.0186719 0.0164076 0.00375299
threshold=1.0000000180025095e-35 76.500000000000014 0.025066950358450416 76.740310668945327 6361790.5000000009 0.90579712390899669
decision_type=2 2 2 2 2 2
left_child=3 4 -3 5 -2 -1
right_child=1 2 -4 -5 -6 -7
leaf_value=-0.00039934582277091174 5.2000957349463129e-05 -0.00025124725490953517 -0.0022083186533801559 0.0052316914180196685 -0.00011124484322408146 0.0011416420303707083
leaf_weight=30 34990 1756 135 13.999999999999998 11044 76
leaf_count=30 34990 1756 135 14 11044 76
internal_value=-1.38122e-09 -3.10093e-06 -0.000391063 0.00123692 1.28364e-05 0.000705443
internal_weight=48045 47925 1891 120 46034 106
internal_count=48045 47925 1891 120 46034 106
is_linear=0
shrinkage=0.116766


Tree=18
num_leaves=8
num_cat=0
split_feature=19 2 2 0 2 2 30
split_gain=0.0145276 0.0519521 0.136724 0.079942 0.017342 0.0417922 0.0369227
threshold=-0.022101543843746182 17.500000000000004 19.500000000000004 1.0000000180025095e-35 24.500000000000004 28.500000000000004 8.7088732719421404
decision_type=2 2 2 2 2 2 2
left_child=1 3 -3 -1 6 -6 -2
right_child=4 2 -4 -5 5 -7 -8
leaf_value=-0.0040797348128137328 0.0030303092868803833 0.0027816250668842397 0.00017360778300587115 -0.00019982356517349488 -0.00043047816139865603 -2.1783637315494528e-05 9.9476547464054282e-05
leaf_weight=74 59 283 8607 3194 3960 24622 7246
leaf_count=74 59 283 8607 3194 3960 24622 7246
internal_value=-5.0512e-10 0.000110312 0.000256657 -0.000287786 -3.73733e-05 -7.84092e-05 0.000123184
internal_weight=48045 12158 8890 3268 35887 28582 7305
internal_count=48045 12158 8890 3268 35887 28582 7305
is_linear=0
shrinkage=0.116766


Tree=19
num_leaves=8
num_cat=0
split_feature=19 2 2 2 14 9 2
split_gain=0.0121951 0.0667669 0.0732859 0.0481343 0.0217309 0.0192909 0.0152842
threshold=-0.035390798002481454 15.500000000000002 9.5000000000000018 22.500000000000004 44.422187805175788 564.84472656250011 12.500000000000002
decision_type=2 2 2 2 2 2 2
left_child=1 2 -1 -3 5 -2 -6
right_child=4 3 -4 -5 6 -7 -8
leaf_value=0.0003881546555118123 -0.00025440358059904274 0.0011502428528994036 -0.001096045280976752 0.00019606513744923457 0.00035475429706396141 2.0214627165949911e-05 1.3158860652077921e-05
leaf_weight=790 8399 858 1065 4507 1926 5964 24536
leaf_count=790 8399 858 1065 4507 1926 5964 24536
internal_value=-1.42511e-10 0.000139887 -0.000463966 0.00034868 -2.47399e-05 -0.000140373 3.80229e-05
internal_weight=48045 7220 1855 5365 40825 14363 26462
internal_count=48045 7220 1855 5365 40825 14363 26462
is_linear=0
shrinkage=0.116766


Tree=20
num_leaves=8
num_cat=0
split_feature=19 0 15 1 15 15 15
split_gain=0.0117146 0.0155295 0.0140135 0.0115766 0.0118199 0.00747341 0.00555641
threshold=-0.099724166095256792 132839.16406250003 0.020883990451693538 -5.787000009149778e-05 0.023382856510579589 0.009819208178669216 0.018549012020230297
decision_type=2 2 2 2 2 2 2
left_child=1 2 -1 5 -5 -2 -3
right_child=3 6 -4 4 -6 -7 -8
leaf_value=-0.0006810847939226275 -0.00029006813653692482 0.0010128479453545753 0.00079002128830615056 5.8377466740875948e-06 -0.00058892655230049205 -0.0012787029051423422 0.0025088014896239058
leaf_weight=178 426 175 175 46451 460 138 42
leaf_count=178 426 175 175 46451 460 138 42
internal_value=0 0.000526163 4.82018e-05 -6.31827e-06 4.32537e-09 -0.000532143 0.0013033
internal_weight=48045 570 353 47475 46911 564 217
internal_count=48045 570 353 47475 46911 564 217
is_linear=0
shrinkage=0.116766


Tree=21
num_leaves=8
num_cat=0
split_feature=19 7 31 14 21 19 15
split_gain=0.0107004 0.0175634 0.0105922 0.0145927 0.01004 0.00975388 0.00941871
threshold=0.12166355177760126 0.8221392333507539 1.0000000180025095e-35 76.740310668945327 0.8742358684539796 -0.019489371217787262 0.015606609638780357
decision_type=2 2 2 2 2 2 2
left_child=2 4 3 -1 -2 -4 -3
right_child=1 6 5 -5 -6 -7 -8
leaf_value=0.00062830121034301867 0.0041789534180422206 -7.4913483611243844e-05 8.4297397684795464e-05 0.0046297419897583791 -0.0005848491354549048 -3.2922950765971989e-05 -0.0024228523538523273
leaf_weight=106 12.000000000000002 34 13481 13.999999999999998 11.999999999999998 34312 74
leaf_count=106 12 34 13481 14 12 34312 74
internal_value=3.24098e-11 -0.00104952 2.89354e-06 0.00109817 0.00180295 1.41333e-07 -0.00168442
internal_weight=48045 132 47913 120 24 47793 108
internal_count=48045 132 47913 120 24 47793 108
is_linear=0
shrinkage=0.116766


Tree=22
num_leaves=8
num_cat=0
split_feature=26 16 0 20 14 15 14
split_gain=0.0106708 0.0356415 0.0387469 0.0158981 0.0258891 0.0191533 0.00989809
threshold=0.014138528611510994 -0.023058391176164147 6104778.7500000009 -0.0026424549287185069 47.119409561157234 0.023382856510579589 36.392913818359382
decision_type=2 2 2 2 2 2 2
left_child=1 2 -1 4 -2 -5 -3
right_child=3 6 -4 5 -6 -7 -8
leaf_value=-0.00032140276022320517 0.00019349495463371876 -0.00013317853464527807 -0.0069502825544967214 5.34391802692701e-05 0.001167729199288944 -0.00096045017426871541 9.1141878779653023e-06
leaf_weight=28 2401 8475 21 5200 440 267 31213
leaf_count=28 2401 8475 21 5200 440 267 31213
internal_value=1.32897e-09 -2.51604e-05 -0.00316967 0.00012035 0.000344414 3.90629e-06 -2.1271e-05
internal_weight=48045 39737 49 8308 2841 5467 39688
internal_count=48045 39737 49 8308 2841 5467 39688
is_linear=0
shrinkage=0.116766


Tree=23
num_leaves=8
num_cat=0
split_feature=6 19 25 17 19 5 25
split_gain=0.0102339 0.0290554 0.0252114 0.0147457 0.0148104 0.014125 0.00968967
threshold=0.0033094374230131511 -0.016371756792068478 2.6476991176605229 0.043222576379776008 -0.042486345395445817 69.598106384277358 0.62107473611831676
decision_type=2 2 2 2 2 2 2
left_child=3 2 -2 4 -1 -5 -3
right_child=1 6 -4 5 -6 -7 -8
leaf_value=0.00019291610017724116 -0.00082725575217073904 -0.00073286119658280181 -0.0044898480407409829 0.0044066267339626418 -1.508373893248046e-05 -0.00065187440402942579 0.00017876150983995735
leaf_weight=5266 478 189 27 20 41055 11.999999999999998 998
leaf_count=5266 478 189 27 20 41055 12 998
internal_value=0 -0.00028206 -0.00102382 1.02963e-05 8.56279e-06 0.00251265 3.35575e-05
internal_weight=48045 1692 505 46353 46321 32 1187
internal_count=48045 1692 505 46353 46321 32 1187
is_linear=0
shrinkage=0.116766


Tree=24
num_leaves=8
num_cat=0
split_feature=0 8 14 10 7 10 22
split_gain=0.00881623 0.0646508 0.0320091 0.0311528 0.0783442 0.0209216 0.0154819
threshold=6361790.5000000009 0.57473674416542064 48.905157089233406 223.47963714599612 223.9641036987305 1.0951514244079592 0.10490330681204797
decision_type=2 2 2 2 2 2 2
left_child=1 2 -1 6 -5 -3 -2
right_child=3 5 -4 4 -6 -7 -8
leaf_value=0.0018002287427305538 -7.6662885916339128e-05 -0.00035924244753275078 0.011953054911376959 -0.0098001155163954523 -0.00084924572167605745 4.4143600602405023e-05 0.002887042599374738
leaf_weight=8.0000000000000018 10895 1845 8.9999999999999982 14.999999999999998 115 35134 24
leaf_count=8 10895 1845 9 15 115 35134 24
internal_value=-2.91448e-10 2.73345e-05 0.00720855 -9.15274e-05 -0.00188784 2.40163e-05 -7.01253e-05
internal_weight=48045 36996 17 11049 130 36979 10919
internal_count=48045 36996 17 11049 130 36979 10919
is_linear=0
shrinkage=0.116766


Tree=25
num_leaves=8
num_cat=0
split_feature=18 22 19 15 17 11 24
split_gain=0.00887772 0.0210649 0.0339661 0.0158074 0.0240273 0.0157883 0.0135783
threshold=-0.016157535836100575 0.062726158648729338 0.040220931172370918 0.015035271644592287 -0.035296557471156113 127.99649047851564 0.013470946811139585
decision_type=2 2 2 2 2 2 2
left_child=3 6 -3 4 -1 -5 -2
right_child=1 2 -4 5 -6 -7 -8
leaf_value=-0.0016134864420843545 -4.08623654095449e-06 -0.0005949874804704739 0.00038753072678246963 0.00065857510091614621 6.2407836789025875e-05 -0.00016740978214162597 0.00061552678741466486
leaf_weight=121 40093 1880 644 1216 3177 426 488
leaf_count=121 40093 1880 644 1216 3177 426 488
internal_value=4.84481e-10 -1.69914e-05 -0.000344289 0.000148266 8.77971e-07 0.000444278 3.36583e-06
internal_weight=48045 43105 2524 4940 3298 1642 40581
internal_count=48045 43105 2524 4940 3298 1642 40581
is_linear=0
shrinkage=0.116766


Tree=26
num_leaves=8
num_cat=0
split_feature=2 2 32 10 11 24 10
split_gain=0.0116094 0.0350411 0.0269911 0.0224829 0.0549997 0.0329921 0.0204916
threshold=72.500000000000014 65.500000000000014 39.379430770874031 124.29463577270509 124.91751861572267 0.013470946811139585 117957.46093750001
decision_type=2 2 2 2 2 2 2
left_child=1 6 -3 4 -2 -5 -1
right_child=3 2 -4 5 -6 -7 -8
leaf_value=-1.4037444931865766e-05 -0.00032337364787741183 0.00033770867327970986 -0.0047815377963484869 3.7700885798343055e-07 -0.0043478537378026658 0.0022346071570334132 -0.0032269471872749386
leaf_weight=37591 2780 4670 13.999999999999998 2823 47 93 27
leaf_count=37591 2780 4670 14 2823 47 93 27
internal_value=2.69065e-10 2.11494e-05 0.000322319 -0.000155777 -0.000390415 7.16999e-05 -1.6351e-05
internal_weight=48045 42302 4684 5743 2827 2916 37618
internal_count=48045 42302 4684 5743 2827 2916 37618
is_linear=0
shrinkage=0.116766


Tree=27
num_leaves=8
num_cat=0
split_feature=2 2 2 19 24 7 19
split_gain=0.00905673 0.0273341 0.025586 0.0228226 0.028946 0.023338 0.021102
threshold=72.500000000000014 65.500000000000014 66.500000000000014 0.06363599002361299 0.013470946811139585 28.584187507629398 0.10964029282331468
decision_type=2 2 2 2 2 2 2
left_child=1 6 -3 5 -5 -2 -1
right_child=3 2 -4 4 -6 -7 -8
leaf_value=-1.2183279802969683e-05 -0.00065142238641938382 0.0010274647768272753 0.000184401111392666 0.00011821067606729758 0.0019527584977044217 -7.8684807370373784e-05 -0.0033999887777928601
leaf_weight=37593 1335 557 4127 720 140 3548 25
leaf_count=37593 1335 557 4127 720 140 3548 25
internal_value=-1.49015e-09 1.8678e-05 0.000284673 -0.000137592 0.000417034 -0.000235281 -1.44427e-05
internal_weight=48045 42302 4684 5743 860 4883 37618
internal_count=48045 42302 4684 5743 860 4883 37618
is_linear=0
shrinkage=0.116766


Tree=28
num_leaves=8
num_cat=0
split_feature=2 2 0 26 2 6 10
split_gain=0.00908681 0.0503756 0.0672222 0.0404153 0.0241802 0.0475521 0.0141504
threshold=24.500000000000004 17.500000000000004 1.0000000180025095e-35 0.014444536529481413 28.500000000000004 -0.0021260086214169856 0.16504094004631045
decision_type=2 2 2 2 2 2 2
left_child=1 2 -1 -3 5 -2 -6
right_child=4 3 -4 -5 6 -7 -8
leaf_value=-0.0034821363907117323 -0.0013272126373701869 0.00022862347081124227 -7.9680673003758323e-05 0.0011596620426576512 0.0029004345804380847 -0.00014524734690955031 8.4054752840418696e-06
leaf_weight=80 513 4545 6935 739 23 4860 30350
leaf_count=80 513 4545 6935 739 23 4860 30350
internal_value=-1.46718e-09 8.65701e-05 -0.000118526 0.000358853 -2.97883e-05 -0.000258119 1.06039e-05
internal_weight=48045 12299 7015 5284 35746 5373 30373
internal_count=48045 12299 7015 5284 35746 5373 30373
is_linear=0
shrinkage=0.116766


Tree=29
num_leaves=8
num_cat=0
split_feature=18 14 32 0 15 30 2
split_gain=0.00848311 0.0152334 0.0259913 0.0178373 0.0124107 0.0349592 0.0113332
threshold=-0.018408633768558499 38.811737060546882 22.216280937194828 285803472.00000006 0.023382856510579589 11.482736110687258 76.500000000000014
decision_type=2 2 2 2 2 2 2
left_child=1 3 -3 -1 6 -6 -2
right_child=4 2 -4 -5 5 -7 -8
leaf_value=8.2837779278746736e-05 2.2796156587147632e-06 -0.0006713128330247132 0.00081329157796121432 -0.0014129005701913073 0.002995782537764224 -0.0011199425521142405 -0.00031197321755146529
leaf_weight=2807 42102 197 873 113 31 297 1625
leaf_count=2807 42102 197 873 113 31 297 1625
internal_value=-1.42226e-09 0.000163032 0.000539916 2.49118e-05 -1.47677e-05 -0.00073025 -9.39911e-06
internal_weight=48045 3990 1070 2920 44055 328 43727
internal_count=48045 3990 1070 2920 44055 328 43727
is_linear=0
shrinkage=0.116766


Tree=30
num_leaves=8
num_cat=0
split_feature=14 20 30 12 16 15 0
split_gain=0.00813688 0.0207746 0.0259003 0.0127946 0.0100674 0.0161857 0.00968256
threshold=44.422187805175788 -0.0068974292371422044 17.042210578918461 0.15904445201158526 0.0074676452204585084 0.021524131298065189 6306700.2500000009
decision_type=2 2 2 2 2 2 2
left_child=4 2 -2 -3 6 -6 -1
right_child=1 3 -4 -5 5 -7 -8
leaf_value=1.4080959914109017e-06 -0.00079716581324038363 0.0012365838173935171 0.0018774364710185643 2.3814099034676706e-05 -0.00044469284687609877 -0.0036844347238269713 -0.00019970757848575521
leaf_weight=13407 69 119 173 29501 440 22 4314
leaf_count=13407 69 119 173 29501 440 22 4314
internal_value=-1.15263e-09 3.74955e-05 0.00111479 2.86904e-05 -6.15825e-05 -0.000599638 -4.75516e-05
internal_weight=48045 29862 242 29620 18183 462 17721
internal_count=48045 29862 242 29620 18183 462 17721
is_linear=0
shrinkage=0.116766


Tree=31
num_leaves=7
num_cat=0
split_feature=1 32 8 20 15 15
split_gain=0.00790575 0.00769841 0.00901119 0.00877779 0.0075971 0.00720309
threshold=-5.787000009149778e-05 1.0000000180025095e-35 44.532869338989265 0.0024089722428470854 0.017519107088446621 0.0099894241429865378
decision_type=2 2 2 2 2 2
left_child=4 2 -2 -3 5 -1
right_child=1 3 -4 -5 -6 -7
leaf_value=-0.00025527366374177051 0.0026885881404457922 3.2591845341538604e-05 0.00035366272204134656 -8.2172031613945997e-05 0.0029217689470747497 -0.001241509712337778
leaf_weight=440 30 35082 90 12263 8.9999999999999982 131
leaf_count=440 30 35082 90 12263 9 131
internal_value=-1.40252e-09 5.23466e-06 0.00093897 2.86612e-06 -0.000428457 -0.000481707
internal_weight=48045 47465 120 47345 580 571
internal_count=48045 47465 120 47345 580 571
is_linear=0
shrinkage=0.116766


Tree=32
num_leaves=8
num_cat=0
split_feature=19 7 24 26 0 14 21
split_gain=0.00890742 0.012234 0.0113528 0.00915749 0.0254004 0.00823087 0.00747411
threshold=0.12166355177760126 0.8221392333507539 0.0066868348512798556 0.037615818902850158 5652230.7500000009 39.20477485656739 0.8742358684539796
decision_type=2 2 2 2 2 2 2
left_child=3 6 -3 5 -5 -1 -2
right_child=1 2 -4 4 -6 -7 -8
leaf_value=-8.1350336439482392e-05 0.0034734121964223848 0.0002781326639159275 -0.002298164286924954 0.0010427047857753701 -0.0014706130983475187 2.7841449906784218e-05 -0.00063611550231100879
leaf_weight=12927 12.000000000000002 34 74 300 67 34619 11.999999999999998
leaf_count=12927 12 34 74 300 67 34619 12
internal_value=-2.77048e-10 -0.000957567 -0.00148743 2.63929e-06 0.000583607 -1.84593e-06 0.00142321
internal_weight=48045 132 108 47913 367 47546 24
internal_count=48045 132 108 47913 367 47546 24
is_linear=0
shrinkage=0.116766


Tree=33
num_leaves=8
num_cat=0
split_feature=19 2 15 7 2 33 2
split_gain=0.00901803 0.0177508 0.0282809 0.0142469 0.0143446 0.0130049 0.007454
threshold=0.0096395551227033156 44.500000000000007 0.013045473955571653 118427.67578125001 17.500000000000004 -1.679202616214752 69.500000000000014
decision_type=2 2 2 2 2 2 2
left_child=3 2 -2 4 -1 -3 -5
right_child=1 5 -4 6 -6 -7 -8
leaf_value=-0.00012736251944752723 -0.00013798257375687503 0.00050869845538867753 -0.00091393556329926915 -0.0035196927599574178 7.3136440929341391e-05 -1.9680554993448189e-05 -0.00088795099413316975
leaf_weight=5919 4415 684 749 19 27324 8871 64
leaf_count=5919 4415 684 749 19 27324 8871 64
internal_value=-1.48e-10 -7.61206e-05 -0.000250544 3.36195e-05 3.74365e-05 1.81468e-05 -0.00149351
internal_weight=48045 14719 5164 33326 33243 9555 83
internal_count=48045 14719 5164 33326 33243 9555 83
is_linear=0
shrinkage=0.116766


Tree=34
num_leaves=8
num_cat=0
split_feature=2 2 0 31 2 33 24
split_gain=0.00897331 0.036588 0.0527372 0.0324432 0.0185809 0.0447051 0.013355
threshold=24.500000000000004 17.500000000000004 1.0000000180025095e-35 24.276809692382816 28.500000000000004 0.29673123359680181 0.0052843885496258744
decision_type=2 2 2 2 2 2 2
left_child=1 2 -1 -3 5 -2 -6
right_child=4 3 -4 -5 6 -7 -8
leaf_value=-0.0030680190188510279 -0.0004967037345516113 0.0004703392722331173 -5.4355422294728507e-05 -0.0002316987224940299 7.6812912408897156e-05 0.00019519092957316208 -7.8622517042000516e-05
leaf_weight=80 3300 4138 6935 1146 16498 2073 13875
leaf_count=80 3300 4138 6935 1146 16498 2073 13875
internal_value=-1.24484e-09 8.60279e-05 -8.87619e-05 0.000318077 -2.96014e-05 -0.000229758 5.8065e-06
internal_weight=48045 12299 7015 5284 35746 5373 30373
internal_count=48045 12299 7015 5284 35746 5373 30373
is_linear=0
shrinkage=0.116766


Tree=35
num_leaves=8
num_cat=0
split_feature=26 17 0 18 24 15 18
split_gain=0.00777363 0.0240202 0.029938 0.0124413 0.01746 0.0158299 0.00990148
threshold=0.014138528611510994 -0.035296557471156113 6104778.7500000009 -0.052237540483474725 0.013783809728920461 0.023382856510579589 -0.030485920608043667
decision_type=2 2 2 2 2 2 2
left_child=1 2 -1 4 -2 -5 -3
right_child=3 6 -4 5 -6 -7 -8
leaf_value=-1.7678713220392927e-05 -3.1351889656705183e-05 0.00057707164763191995 -0.0060721285195349216 0.00012145069028557531 0.002330910323560999 -0.00059027228161627856 -2.4130007862609114e-05
leaf_weight=25 90 377 20 7686 81 451 39315
leaf_count=25 90 377 20 7686 81 451 39315
internal_value=-1.78287e-09 -2.14782e-05 -0.00271515 0.000102717 0.00108815 8.19958e-05 -1.84182e-05
internal_weight=48045 39737 45 8308 171 8137 39692
internal_count=48045 39737 45 8308 171 8137 39692
is_linear=0
shrinkage=0.116766


Tree=36
num_leaves=8
num_cat=0
split_feature=19 7 19 18 19 6 32
split_gain=0.00677622 0.00948059 0.00722804 0.0214287 0.0110026 0.00660603 0.00636208
threshold=0.12166355177760126 0.8221392333507539 0.06363599002361299 0.0097845741547644156 0.010772483889013531 0.0046211534645408401 15.773241996765138
decision_type=2 2 2 2 2 2 2
left_child=2 6 4 -4 -1 -3 -2
right_child=1 5 3 -5 -6 -7 -8
leaf_value=2.7574144174613522e-05 -8.7351406996805003e-05 -0.0016823389658370848 0.00083580682779763136 -4.841505467197426e-05 -0.00010193522476736583 0.00088402202383192584 0.003930347823559735
leaf_weight=34082 16.000000000000004 92 553 1152 12126 15.999999999999998 7.9999999999999991
leaf_count=34082 16 92 553 1152 12126 16 8
internal_value=-2.36591e-09 -0.000835195 2.29984e-06 0.000238395 -6.41187e-06 -0.00130164 0.00126058
internal_weight=48045 132 47913 1705 46208 108 24
internal_count=48045 132 47913 1705 46208 108 24
is_linear=0
shrinkage=0.116766


Tree=37
num_leaves=8
num_cat=0
split_feature=2 33 19 22 2 33 22
split_gain=0.00788574 0.0250361 0.0353957 0.0285764 0.0164425 0.055925 0.00950291
threshold=76.500000000000014 -1.348064064979553 0.025205234065651897 0.034668384119868285 75.500000000000014 -1.5071282982826231 0.12003664299845697
decision_type=2 2 2 2 2 2 2
left_child=4 3 -3 -2 6 -6 -1
right_child=1 2 -4 -5 5 -7 -8
leaf_value=5.0261331532459237e-06 -0.00073926592990233842 -0.00010637783070592808 -0.0014017573861671866 0.00085426475708727024 0.0044155895697267807 0.0002704609500730152 -0.0011173553493269203
leaf_weight=45419 227 885 426 473 49 463 103
leaf_count=45419 227 885 426 473 49 463 103
internal_value=-1.2876e-09 -0.00022633 -0.000527374 0.000337463 9.88606e-06 0.000667849 2.48427e-06
internal_weight=48045 2011 1311 700 46034 512 45522
internal_count=48045 2011 1311 700 46034 512 45522
is_linear=0
shrinkage=0.116766


Tree=38
num_leaves=8
num_cat=0
split_feature=14 32 17 22 19 21 30
split_gain=0.00656419 0.0156791 0.0102951 0.0186407 0.0170994 0.00924008 0.00561651
threshold=31.609567642211918 15.338929653167726 -0.0082702301442623121 0.058192396536469466 -0.068538021296262727 -0.29680301249027247 13.254580974578859
decision_type=2 2 2 2 2 2 2
left_child=1 6 4 -4 -2 -3 -1
right_child=2 5 3 -5 -6 -7 -8
leaf_value=-0.003393122645667674 0.00073904214883201982 -0.0010146465085427445 2.2232453266905675e-05 -0.00028149627967863995 9.1202840501380014e-05 -6.6496572189075345e-05 -0.0011476958413335003
leaf_weight=21 648 143 33476 3002 3889 6811 55
leaf_count=21 648 143 33476 3002 3889 6811 55
internal_value=-6.62256e-10 -0.000104251 1.78678e-05 -2.76357e-06 0.000183745 -8.60077e-05 -0.00177137
internal_weight=48045 7030 41015 36478 4537 6954 76
internal_count=48045 7030 41015 36478 4537 6954 76
is_linear=0
shrinkage=0.116766


Tree=39
num_leaves=8
num_cat=0
split_feature=2 2 15 33 2 8 19
split_gain=0.0066811 0.0210283 0.0200043 0.0171717 0.0307888 0.0160429 0.0145207
threshold=72.500000000000014 65.500000000000014 0.011135887354612352 0.054817084223032005 73.500000000000014 2.1968910694122319 0.030162034556269649
decision_type=2 2 2 2 2 2 2
left_child=1 6 -3 4 -2 -5 -1
right_child=3 2 -4 5 -6 -7 -8
leaf_value=7.6001676498228497e-06 -0.00069346839813446998 3.8846908795241508e-05 0.0005259739447118927 -0.0012362798824733766 0.00017893550191612666 -0.00026601476166277258 -0.00026838226974890979
leaf_weight=34809 669 2660 2024 270 3140 1664 2809
leaf_count=34809 669 2660 2024 270 3140 1664 2809
internal_value=-1.65191e-09 1.6042e-05 0.000249347 -0.000118177 2.56946e-05 -0.000401524 -1.30082e-05
internal_weight=48045 42302 4684 5743 3809 1934 37618
internal_count=48045 42302 4684 5743 3809 1934 37618
is_linear=0
shrinkage=0.116766


Tree=40
num_leaves=8
num_cat=0
split_feature=14 19 15 22 15 8 21
split_gain=0.00649351 0.0145937 0.0232852 0.0132363 0.0364546 0.0292322 0.00888601
threshold=44.422187805175788 -0.017107654362916943 0.0099449246190488356 0.053830122575163848 0.020293243229389194 133.93542480468753 -0.29680301249027247
decision_type=2 2 2 2 2 2 2
left_child=1 6 -3 4 -2 -5 -1
right_child=3 2 -4 5 -6 -7 -8
leaf_value=-0.00088214947229787164 5.3219512207500074e-05 -2.5800464726872775e-05 -0.00039621992079724201 8.4739266275557057e-06 0.001922164012563078 -0.00075130375006784707 8.7810132559123889e-05
leaf_weight=131 25845 7373 3372 2975 143 899 7307
leaf_count=131 25845 7373 3372 2975 143 899 7307
internal_value=-1.78594e-09 -5.50142e-05 -0.000142049 3.3495e-05 6.35101e-05 -0.00016785 7.07157e-05
internal_weight=48045 18183 10745 29862 25988 3874 7438
internal_count=48045 18183 10745 29862 25988 3874 7438
is_linear=0
shrinkage=0.116766


Tree=41
num_leaves=8
num_cat=0
split_feature=26 0 30 31 30 0 18
split_gain=0.00641387 0.0126298 0.0288804 0.0145013 0.00639922 0.0114433 0.00788184
threshold=0.03358710557222367 5569380.2500000009 17.085398674011234 12.870945453643801 21.126317977905277 300092464.00000006 -0.012803891208022831
decision_type=2 2 2 2 2 2 2
left_child=4 3 -3 -2 6 -6 -1
right_child=1 2 -4 -5 5 -7 -8
leaf_value=0.00015551091644672586 0.0020751267547877757 -0.0036819838932523187 0.0005035056127091908 0.00035324571164733202 -8.5224739869941784e-05 -0.0010263511607447246 -5.7721371009566488e-06
leaf_weight=4664 81 32 75 376 6472 181 36164
leaf_count=4664 81 32 75 376 6472 181 36164
internal_value=-1.54853e-09 0.000391416 -0.000750057 0.000658789 -4.65189e-06 -0.000110843 1.26521e-05
internal_weight=48045 564 107 457 47481 6653 40828
internal_count=48045 564 107 457 47481 6653 40828
is_linear=0
shrinkage=0.116766


Tree=42
num_leaves=8
num_cat=0
split_feature=2 20 2 22 6 2 22
split_gain=0.00647647 0.0334987 0.02195 0.0208332 0.0159406 0.0356072 0.0178123
threshold=24.500000000000004 0.0017789755365811291 14.500000000000002 0.058870812878012664 -0.0021797562949359413 27.500000000000004 0.036221986636519439
decision_type=2 2 2 2 2 2 2
left_child=1 2 -1 -3 5 -2 -6
right_child=4 3 -4 -5 6 -7 -8
leaf_value=-1.3919641176366268e-05 -0.0012493686991492539 -8.2926617199947101e-05 0.00036431182011426234 -0.0007797401136222079 -5.3439039889471271e-05 -0.00012230075818323925 0.00013980140647529773
leaf_weight=3678 434 3046 4851 724 23056 3197 9059
leaf_count=3678 434 3046 4851 724 23056 3197 9059
internal_value=-1.69568e-09 7.3085e-05 0.000201206 -0.000216762 -2.51488e-05 -0.000257044 1.07013e-06
internal_weight=48045 12299 8529 3770 35746 3631 32115
internal_count=48045 12299 8529 3770 35746 3631 32115
is_linear=0
shrinkage=0.116766


Tree=43
num_leaves=8
num_cat=0
split_feature=1 2 2 10 24 10 22
split_gain=0.00657254 0.0103407 0.0107124 0.00750707 0.023563 0.00747157 0.00209023
threshold=-5.787000009149778e-05 48.500000000000007 9.5000000000000018 0.16504094004631045 0.0062460640911012897 1.0951514244079592 0.023871522396802906
decision_type=2 2 2 2 2 2 2
left_child=1 2 -1 4 -2 -5 -3
right_child=3 6 -4 5 -6 -7 -8
leaf_value=0.0024963774718188424 -0.00037829400942866124 0.0011734659057226744 -0.00056098483167112644 -0.00011639702895444499 0.0023682755719912434 2.0149137523829194e-05 0.0038561228381602899
leaf_weight=15.999999999999998 102 7.9999999999999991 548 6304 73 40986 7.9999999999999991
leaf_count=16 102 8 548 6304 73 40986 8
internal_value=-1.94623e-09 -0.000390664 -0.00047387 4.77222e-06 0.00076795 1.94643e-06 0.00252872
internal_weight=48045 580 564 47465 175 47290 16
internal_count=48045 580 564 47465 175 47290 16
is_linear=0
shrinkage=0.116766


Tree=44
num_leaves=8
num_cat=0
split_feature=2 6 2 2 2 33 33
split_gain=0.0064007 0.0199327 0.0186879 0.0171702 0.0131684 0.0427493 0.00796411
threshold=76.500000000000014 0.0029838306363672022 78.500000000000014 79.500000000000014 75.500000000000014 -1.5071282982826231 -1.2205880880355833
decision_type=2 2 2 2 2 2 2
left_child=4 3 -3 -2 6 -6 -1
right_child=1 2 -4 -5 5 -7 -8
leaf_value=-0.00015644463610761647 -0.00055199117881484796 -0.0051347031190955433 -0.0010507726781425579 0.00016871644928599346 0.0038743886840145779 0.00025028583892840585 1.7311961799382278e-05
leaf_weight=3937 739 18 99 1155 49 463 41585
leaf_count=3937 739 18 99 1155 49 463 41585
internal_value=0 -0.000203906 -0.00168243 -0.000112495 8.908e-06 0.000597729 2.28401e-06
internal_weight=48045 2011 117 1894 46034 512 45522
internal_count=48045 2011 117 1894 46034 512 45522
is_linear=0
shrinkage=0.116766


Tree=45
num_leaves=8
num_cat=0
split_feature=26 17 2 2 2 18 18
split_gain=0.00586544 0.017951 0.056027 0.0132954 0.0354012 0.0174067 0.00714135
threshold=0.014138528611510994 -0.035296557471156113 63.500000000000007 24.500000000000004 17.500000000000004 -0.052237540483474725 -0.030485920608043667
decision_type=2 2 2 2 2 2 2
left_child=1 2 -1 4 -2 -5 -3
right_child=3 6 -4 5 -6 -7 -8
leaf_value=-0.00013710551232743346 -1.2820688515820081e-05 0.00048971451109998789 -0.010015609852985913 0.001490965203351456 0.00096975639875759661 -2.490423528242457e-05 -2.0861074331325711e-05
leaf_weight=35 1405 377 9.9999999999999982 105 776 6022 39315
leaf_count=35 1405 377 10 105 776 6022 39315
internal_value=-3.43479e-10 -1.86556e-05 -0.00234729 8.92253e-05 0.0003368 1.09219e-06 -1.60103e-05
internal_weight=48045 39737 45 8308 2181 6127 39692
internal_count=48045 39737 45 8308 2181 6127 39692
is_linear=0
shrinkage=0.116766


Tree=46
num_leaves=8
num_cat=0
split_feature=11 9 0 10 22 20 1
split_gain=0.0059366 0.0302972 0.0186963 0.0258261 0.0146299 0.0104401 0.00649245
threshold=0.28065606951713568 0.35932049155235296 203783920.00000003 0.27778957784175878 0.01861466467380524 -0.0037535236915573473 -0.00013377999857766551
decision_type=2 2 2 2 2 2 2
left_child=2 4 3 -1 -2 -4 -3
right_child=1 6 5 -5 -6 -7 -8
leaf_value=0.0018469543968648995 -0.0035632196765959748 -0.0020982028063110392 0.00067871283017409639 -0.00050423308819081921 -0.00083730079599392618 -0.00011680443638403332 1.6173649216475557e-06
leaf_weight=193 29 20 280 95 351 1142 45935
leaf_count=193 29 20 280 95 351 1142 45935
internal_value=-1.82637e-09 -7.88729e-06 0.00021365 0.00107143 -0.00104611 3.98612e-05 6.99402e-07
internal_weight=48045 46335 1710 288 380 1422 45955
internal_count=48045 46335 1710 288 380 1422 45955
is_linear=0
shrinkage=0.116766


Tree=47
num_leaves=8
num_cat=0
split_feature=15 8 2 2 2 26 26
split_gain=0.00568344 0.00904812 0.00817785 0.0375763 0.00829649 0.00289729 0.00280687
threshold=1.0000000180025095e-35 44.532869338989265 77.500000000000014 78.500000000000014 75.500000000000014 0.029536940157413486 0.0080238091759383696
decision_type=2 2 2 2 2 2 2
left_child=1 5 4 -4 -2 -1 -3
right_child=2 6 3 -5 -6 -7 -8
leaf_value=0.0037976753453636022 1.9726180796515475e-06 0.0010929317875690825 -0.0014835328085262564 -1.6943487021432318e-05 0.00043685344519104756 0.0012894622318557021 -0.00033672120419743593
leaf_weight=15.000000000000002 45522 31 282 1531 606 10.999999999999998 47
leaf_count=15 45522 31 282 1531 606 11 47
internal_value=-2.58649e-09 0.0008619 -1.87408e-06 -0.000245126 7.68682e-06 0.00274456 0.000231909
internal_weight=48045 104 47941 1813 46128 26 78
internal_count=48045 104 47941 1813 46128 26 78
is_linear=0
shrinkage=0.116766


Tree=48
num_leaves=8
num_cat=0
split_feature=10 30 15 5 15 0 0
split_gain=0.0056049 0.00793991 0.00512754 0.0285687 0.00927076 0.00262737 0.00160442
threshold=117957.46093750001 18.458066940307621 0.023382856510579589 35.020719528198249 0.019753331318497661 69413.050781250015 64889.220703125007
decision_type=2 2 2 2 2 2 2
left_child=2 5 4 -4 -1 -2 -3
right_child=1 6 3 -5 -6 -7 -8
leaf_value=-7.1555859912420662e-07 -0.0014782585681900678 0.0002019715815368605 0.0032165357125960191 -0.00054118291003343497 0.0003696673080520755 -0.0037668599004960024 -0.00063441881574898755
leaf_weight=46357 47 76 29 535 940 7.9999999999999991 53
leaf_count=46357 47 76 29 535 940 8 53
internal_value=-1.22106e-09 -0.000643072 2.47196e-06 -0.000347493 6.64601e-06 -0.00181663 -0.000141771
internal_weight=48045 184 47861 564 47297 55 129
internal_count=48045 184 47861 564 47297 55 129
is_linear=0
shrinkage=0.116766


Tree=49
num_leaves=8
num_cat=0
split_feature=14 20 30 22 2 22 15
split_gain=0.00522972 0.0142457 0.0208227 0.0157166 0.0135445 0.0118497 0.00308948
threshold=44.422187805175788 -0.0068974292371422044 15.353620052337648 0.053830122575163848 6.5000000000000009 0.10490330681204797 0.01547214947640896
decision_type=2 2 2 2 2 2 2
left_child=4 2 -2 -3 6 -6 -1
right_child=1 3 -4 -5 5 -7 -8
leaf_value=0.00093230889125409111 -0.0017088862986251491 5.4819536531424701e-05 0.001367578512082193 -0.00020294532576879017 -4.6955067763703225e-05 -0.0010437709096993686 0.0024662646758350955
leaf_weight=50 35 25937 207 3683 17941 164 28
leaf_count=50 35 25937 207 3683 17941 164 28
internal_value=-1.6468e-09 3.00593e-05 0.000922148 2.27678e-05 -4.93713e-05 -5.59899e-05 0.00148518
internal_weight=48045 29862 242 29620 18183 18105 78
internal_count=48045 29862 242 29620 18183 18105 78
is_linear=0
shrinkage=0.116766


Tree=50
num_leaves=8
num_cat=0
split_feature=24 30 8 19 15 31 20
split_gain=0.00522797 0.0239302 0.0303819 0.0165516 0.00866355 0.0162663 0.00766727
threshold=0.013470946811139585 12.795708179473879 127.09093093872072 -0.066234316676855073 0.027319056913256649 19.937164306640629 -0.0086827212944626791
decision_type=2 2 2 2 2 2 2
left_child=4 2 -2 -3 6 -6 -1
right_child=1 3 -4 -5 5 -7 -8
leaf_value=0.0002905262013685883 0.0010252968645738159 0.00076056170556347471 0.0064516179958979984 -0.00011766958324285545 -0.0045669209986790816 0.00054009177127687887 -1.3621100834002357e-05
leaf_weight=1159 80 385 17 1218 15.999999999999998 18 45152
leaf_count=1159 80 385 17 1218 16 18 45152
internal_value=-1.05333e-09 0.000201105 0.00198122 9.32818e-05 -7.37849e-06 -0.00186829 -6.00863e-06
internal_weight=48045 1700 97 1603 46345 34 46311
internal_count=48045 1700 97 1603 46345 34 46311
is_linear=0
shrinkage=0.116766


Tree=51
num_leaves=8
num_cat=0
split_feature=25 2 2 20 2 30 2
split_gain=0.00495205 0.0123419 0.0279416 0.0121006 0.00748977 0.0333814 0.0155241
threshold=0.41977541148662573 14.500000000000002 13.500000000000002 0.015568090137094261 24.500000000000004 8.7088732719421404 28.500000000000004
decision_type=2 2 2 2 2 2 2
left_child=1 2 -1 -3 5 -2 -6
right_child=4 3 -4 -5 6 -7 -8
leaf_value=-0.00024958170229534489 0.0031395500931078422 -2.3403265037668637e-05 -0.0022094755897863671 -0.0045439622393767714 -0.00021438359375196229 8.7135432180606012e-05 2.0372931706441047e-05
leaf_weight=807 49 5722 113 7.9999999999999991 4486 10165 26695
leaf_count=807 49 5722 113 8 4486 10165 26695
internal_value=0 -9.35291e-05 -0.000490501 -2.97838e-05 1.50252e-05 0.000101806 -1.34016e-05
internal_weight=48045 6650 920 5730 41395 10214 31181
internal_count=48045 6650 920 5730 41395 10214 31181
is_linear=0
shrinkage=0.116766


Tree=52
num_leaves=7
num_cat=0
split_feature=1 10 30 10 10 19
split_gain=0.00490678 0.00604418 0.0118317 0.00604369 0.0053509 0.00616605
threshold=-5.787000009149778e-05 0.16504094004631045 15.224124431610109 1.0951514244079592 0.16504094004631045 -0.012505761347711085
decision_type=2 2 2 2 2 2
left_child=4 2 -2 -3 -1 -6
right_child=1 3 -4 -5 5 -7
leaf_value=-0.0025081258646158142 -0.00099174673375663374 -0.00010484754193981526 0.0012367715011929903 1.7959877957096843e-05 0.00013672586737770894 -0.00063688759487850381
leaf_weight=14.999999999999998 43 6304 132 40986 261 304
leaf_count=15 43 6304 132 40986 261 304
internal_value=-8.07884e-10 4.12422e-06 0.000688917 1.58864e-06 -0.000337546 -0.000279534
internal_weight=48045 47465 175 47290 580 565
internal_count=48045 47465 175 47290 580 565
is_linear=0
shrinkage=0.116766


Tree=53
num_leaves=8
num_cat=0
split_feature=11 10 33 27 7 22 12
split_gain=0.00487246 0.0224167 0.0189048 0.0141804 0.0121864 0.00848364 0.00651921
threshold=0.28065606951713568 0.3692521750926972 -2.0774661302566524 -0.0041914838366210452 0.25989815592765814 0.019084884785115722 0.34906740486621862
decision_type=2 2 2 2 2 2 2
left_child=2 5 3 -1 -4 -2 -3
right_child=1 6 4 -5 -6 -7 -8
leaf_value=0.0011089096532708005 -0.002553733263417238 0.0016144986789327635 -1.6468980423934298e-05 0.0075618592988435434 0.00073444683247862817 -0.00071584643011458166 -9.5714062638958021e-07
leaf_weight=11.000000000000002 38 34 1311 7.9999999999999991 380 342 45921
leaf_count=11 38 34 1311 8 380 342 45921
internal_value=-1.3001e-09 -7.14518e-06 0.000193557 0.00384804 0.000152298 -0.000900192 2.40811e-07
internal_weight=48045 46335 1710 19 1691 380 45955
internal_count=48045 46335 1710 19 1691 380 45955
is_linear=0
shrinkage=0.116766


Tree=54
num_leaves=8
num_cat=0
split_feature=2 20 19 2 19 30 19
split_gain=0.00472556 0.0438281 0.0457816 0.0415103 0.128629 0.0228701 0.00862004
threshold=17.500000000000004 -0.00087145844008773554 -0.034156698733568185 19.500000000000004 -0.056664636358618729 20.048460960388187 -0.038957422599196427
decision_type=2 2 2 2 2 2 2
left_child=1 5 -3 4 -2 -1 -5
right_child=3 2 -4 6 -6 -7 -8
leaf_value=0.00043417149366589079 0.005251324802552566 -0.0010697506601946736 -0.00012749596305768637 0.00015942992735290334 0.00032777496132167376 -0.00029931233317246529 -1.8488967409355379e-05
leaf_weight=2255 82 912 3068 4137 610 780 36201
leaf_count=2255 82 912 3068 4137 610 780 36201
internal_value=3.22027e-11 -8.85631e-05 -0.00034343 1.51423e-05 0.000911789 0.000245658 -2.41335e-07
internal_weight=48045 7015 3980 41030 692 3035 40338
internal_count=48045 7015 3980 41030 692 3035 40338
is_linear=0
shrinkage=0.116766


Tree=55
num_leaves=7
num_cat=0
split_feature=21 23 5 0 25 28
split_gain=0.00456152 0.00923869 0.0125646 0.00833536 0.00770782 0.00353225
threshold=-0.29680301249027247 -0.026762533001601693 27.809429168701175 272823824.00000006 5.7351417541503915 -5.8677134513854972
decision_type=2 2 2 2 2 2
left_child=3 2 -2 5 -3 -1
right_child=1 4 -4 -5 -6 -7
leaf_value=-0.00026532980599747001 0.0045737608184917471 -2.7408154266521238e-06 0.00061798031506644468 -0.0042335233886203133 0.00092624397571246123 -0.0022546713722224388
leaf_weight=175 11.999999999999998 47598 117 7.9999999999999991 122 12.999999999999998
leaf_count=175 12 47598 117 8 122 13
internal_value=9.64512e-10 2.30439e-06 0.000988807 -0.000562032 -3.63927e-07 -0.000403902
internal_weight=48045 47849 129 196 47720 188
internal_count=48045 47849 129 196 47720 188
is_linear=0
shrinkage=0.116766


Tree=56
num_leaves=8
num_cat=0
split_feature=15 18 30 11 24 6 15
split_gain=0.00461348 0.0228929 0.0184404 0.0106698 0.00873446 0.0146293 0.00777351
threshold=0.023382856510579589 -0.052237540483474725 17.202458381652836 1.1255534291267397 0.013117420021444561 -0.0013253645156510172 0.020293243229389194
decision_type=2 2 2 2 2 2 2
left_child=4 3 -3 -2 6 -6 -1
right_child=1 2 -4 -5 5 -7 -8
leaf_value=-9.3291515845391442e-06 0.0053021610630838364 0.00024110732308667401 -0.0011660053904719208 0.0011541498697232499 -0.00020172834022732659 0.00055787492043884448 0.00053760207224121917
leaf_weight=45630 10.999999999999998 224 293 36 543 951 357
leaf_count=45630 11 224 293 36 543 951 357
internal_value=6.68037e-10 -0.000331966 -0.000556387 0.00213299 3.94473e-06 0.000281791 -5.08208e-06
internal_weight=48045 564 517 47 47481 1494 45987
internal_count=48045 564 517 47 47481 1494 45987
is_linear=0
shrinkage=0.116766


Tree=57
num_leaves=8
num_cat=0
split_feature=11 11 4 13 20 13 33
split_gain=0.00437035 0.015955 0.0246294 0.0201736 0.0131856 0.0119935 0.0116739
threshold=13.479405879974367 19.777788162231449 0.037674421444535262 19.373624801635746 0.015568090137094261 2.4185000658035283 1.1371833086013796
decision_type=2 2 2 2 2 2 2
left_child=4 2 -2 -3 5 -1 -6
right_child=1 3 -4 -5 6 -7 -8
leaf_value=2.7964019800389906e-06 0.00050313532209635245 -0.002546263415033658 -0.0056011670328584501 1.1932045572471168e-05 0.0027078969934794779 -0.00023366928160677958 -0.00033962869184580566
leaf_weight=11119 1125 42 8.9999999999999982 31710 44 3968 28
leaf_count=11119 1125 42 9 31710 44 3968 28
internal_value=1.93977e-09 2.39123e-05 0.000454264 8.54106e-06 -5.18683e-05 -5.93962e-05 0.0015236
internal_weight=48045 32886 1134 31752 15159 15087 72
internal_count=48045 32886 1134 31752 15159 15087 72
is_linear=0
shrinkage=0.116766


Tree=58
num_leaves=8
num_cat=0
split_feature=2 2 32 10 12 10 19
split_gain=0.00471213 0.0175665 0.0205529 0.0170809 0.0326461 0.0287415 0.0119385
threshold=72.500000000000014 65.500000000000014 39.379430770874031 0.72403669357299816 0.73235306143760692 1.0951514244079592 0.10964029282331468
decision_type=2 2 2 2 2 2 2
left_child=1 6 -3 4 -2 -5 -1
right_child=3 2 -4 5 -6 -7 -8
leaf_value=-1.1377331000434094e-05 0.00026824229743525267 0.00024014345741690178 -0.0042270146898155331 -0.00097155458429333476 0.0053843648735414553 -4.3487501361552669e-05 -0.0025595615701157347
leaf_weight=37593 74 4670 13.999999999999998 499 22 5148 25
leaf_count=37593 74 4670 14 499 22 5148 25
internal_value=5.53635e-10 1.34747e-05 0.000226713 -9.92444e-05 0.00144452 -0.000125512 -1.30768e-05
internal_weight=48045 42302 4684 5743 96 5647 37618
internal_count=48045 42302 4684 5743 96 5647 37618
is_linear=0
shrinkage=0.116766


Tree=59
num_leaves=8
num_cat=0
split_feature=19 2 22 15 19 2 22
split_gain=0.0047505 0.00729014 0.00761647 0.0066276 0.00662504 0.0190467 0.0181193
threshold=0.12166355177760126 73.500000000000014 0.097535092383623137 0.015606609638780357 0.06363599002361299 56.500000000000007 0.12003664299845697
decision_type=2 2 2 2 2 2 2
left_child=4 3 -3 -2 6 -6 -1
right_child=1 2 -4 -5 5 -7 -8
leaf_value=-2.7744855772405751e-06 -9.9860306654060783e-05 -0.00035175156938328881 0.0032718465410361036 -0.0025781542329585175 -0.00062512939764950294 0.00040647808465114926 -0.0014761402923812179
leaf_weight=46094 24 61 8.9999999999999982 38 295 1410 114
leaf_count=46094 24 61 9 38 295 1410 114
internal_value=1.54542e-11 -0.000699298 0.000117387 -0.00162043 1.92803e-06 0.00022796 -6.41237e-06
internal_weight=48045 132 70 62 47913 1705 46208
internal_count=48045 132 70 62 47913 1705 46208
is_linear=0
shrinkage=0.116766


Tree=60
num_leaves=8
num_cat=0
split_feature=14 20 15 2 18 2 24
split_gain=0.00452089 0.0116214 0.028452 0.0139229 0.0115538 0.0107528 0.00821232
threshold=44.422187805175788 -0.0016393834375776348 0.010646899696439506 17.500000000000004 0.011236802209168674 6.5000000000000009 0.011628306470811369
decision_type=2 2 2 2 2 2 2
left_child=4 2 -2 -3 5 -1 -6
right_child=1 3 -4 -5 6 -7 -8
leaf_value=0.0013462118539846212 -0.00013341871073186285 -0.00021104813907903681 0.000548696372451163 3.5647797650727667e-05 -0.00041818755423854973 -3.5900084873842755e-05 -0.001858874972416362
leaf_weight=77 1553 3611 1800 22898 463 17582 61
leaf_count=77 1553 3611 1800 22898 463 17582 61
internal_value=0 2.79496e-05 0.000232764 2.04243e-06 -4.59021e-05 -2.98665e-05 -0.000586195
internal_weight=48045 29862 3353 26509 18183 17659 524
internal_count=48045 29862 3353 26509 18183 17659 524
is_linear=0
shrinkage=0.116766


Tree=61
num_leaves=8
num_cat=0
split_feature=13 13 19 24 13 19 10
split_gain=0.00460408 0.0225463 0.0180085 0.0123618 0.0121264 0.0134218 0.00857527
threshold=0.2663200050592423 0.26104250550270086 -0.050943268463015549 0.0070021101273596295 0.38472250103950506 -0.093539990484714494 0.39008150994777685
decision_type=2 2 2 2 2 2 2
left_child=1 3 -3 -1 5 -2 -6
right_child=4 2 -4 -5 6 -7 -8
leaf_value=-0.00017220681977556538 0.0031019766694946834 -0.0019186174345147628 0.0017794756785650808 0.0006549761317109086 0.0017299682466673451 -0.00053648565989715608 -3.3546150816050849e-07
leaf_weight=1007 13.999999999999998 20 170 326 39 746 45723
leaf_count=1007 14 20 170 326 39 746 45723
internal_value=-1.53955e-10 0.00019977 0.00138946 3.01109e-05 -6.54066e-06 -0.000469109 1.14214e-06
internal_weight=48045 1523 190 1333 46522 760 45762
internal_count=48045 1523 190 1333 46522 760 45762
is_linear=0
shrinkage=0.116766


Tree=62
num_leaves=8
num_cat=0
split_feature=2 30 15 20 6 2 30
split_gain=0.00447015 0.0221237 0.0213281 0.0142876 0.0116145 0.025497 0.0143186
threshold=24.500000000000004 8.1365561485290545 0.020293243229389194 0.00043666503916028892 -0.0021797562949359413 27.500000000000004 15.492168903350832
decision_type=2 2 2 2 2 2 2
left_child=1 3 -3 -1 5 -2 -6
right_child=4 2 -4 -5 6 -7 -8
leaf_value=0.0052493834463113497 -0.0010585442154882941 3.2104124561142281e-05 0.0012446435494915544 0.00071614991849005638 -0.00010183373944892042 -0.00010481259129373675 6.0323330262152809e-05
leaf_weight=18 434 12060 201 20 11652 3197 20463
leaf_count=18 434 12060 201 20 11652 3197 20463
internal_value=4.07118e-10 6.07206e-05 5.19912e-05 0.00287066 -2.08912e-05 -0.000218834 1.48888e-06
internal_weight=48045 12299 12261 38 35746 3631 32115
internal_count=48045 12299 12261 38 35746 3631 32115
is_linear=0
shrinkage=0.116766


Tree=63
num_leaves=8
num_cat=0
split_feature=10 2 30 2 24 2 30
split_gain=0.00448569 0.00785571 0.00753311 0.00470127 0.0157007 0.0146241 0.00449583
threshold=117957.46093750001 69.500000000000014 14.609810829162599 72.500000000000014 0.0071569483261555442 65.500000000000014 19.354679107666019
decision_type=2 2 2 2 2 2 2
left_child=3 6 -3 5 -5 -1 -2
right_child=1 2 -4 4 -6 -7 -8
leaf_value=-8.3622387085699994e-06 -0.0045325400319881255 -0.0024326220308994091 4.2358825194003423e-05 -0.00025520601117821955 0.00014123972662984934 0.0002125245617414851 -0.00133465678158699
leaf_weight=37591 9.0000000000000018 19 138 3423 2262 4585 18
leaf_count=37591 9 19 138 3423 2262 4585 18
internal_value=1.63121e-09 -0.000575291 -0.000258247 2.21456e-06 -9.74629e-05 1.56507e-05 -0.00241187
internal_weight=48045 184 157 47861 5685 42176 27
internal_count=48045 184 157 47861 5685 42176 27
is_linear=0
shrinkage=0.116766


Tree=64
num_leaves=8
num_cat=0
split_feature=15 5 16 17 0 8 15
split_gain=0.00418495 0.0179844 0.0123219 0.00770907 0.0101755 0.00604074 0.00491995
threshold=0.023382856510579589 35.020719528198249 0.014821574557572605 0.043222576379776008 687736.12500000012 1.4652940034866335 0.019753331318497661
decision_type=2 2 2 2 2 2 2
left_child=3 5 -3 6 -5 -2 -1
right_child=1 2 -4 4 -6 -7 -8
leaf_value=-4.1733642651802512e-06 0.0052271685586675184 -0.00025402600906512237 -0.0019251768581039555 0.0019530637100194656 9.1988589939150818e-06 0.0014597137947036729 0.00026952497923102866
leaf_weight=46418 8.0000000000000018 466 69 64 86 21 913
leaf_count=46418 8 466 69 64 86 21 913
internal_value=0 -0.000316174 -0.000469849 3.7561e-06 0.000839287 0.0025116 1.10644e-06
internal_weight=48045 564 535 47481 150 29 47331
internal_count=48045 564 535 47481 150 29 47331
is_linear=0
shrinkage=0.116766


Tree=65
num_leaves=8
num_cat=0
split_feature=4 19 0 26 22 32 22
split_gain=0.00379053 0.0164168 0.0112453 0.00902698 0.0121299 0.0100866 0.0060003
threshold=0.0039086192846298226 -0.093539990484714494 279840208.00000006 0.037615818902850158 0.088673543184995665 19.094795227050785 0.047737188637256629
decision_type=2 2 2 2 2 2 2
left_child=3 6 -3 4 -1 -5 -2
right_child=1 2 -4 5 -6 -7 -8
leaf_value=2.2750171985758545e-05 0.0026702354216275497 -4.1936082061404858e-05 -0.00052915860612952597 -0.00026029083191934558 -0.00045936873564953536 0.0011331030375250411 0.00076292672089687619
leaf_weight=35451 35 10772 687 109 726 202 63
leaf_count=35451 35 10772 687 109 726 202 63
internal_value=1.13138e-09 -5.82752e-05 -7.11511e-05 1.84596e-05 1.30737e-05 0.000644771 0.00144594
internal_weight=48045 11557 11459 36488 36177 311 98
internal_count=48045 11557 11459 36488 36177 311 98
is_linear=0
shrinkage=0.116766


Tree=66
num_leaves=8
num_cat=0
split_feature=30 0 19 18 18 2 22
split_gain=0.00406976 0.00988052 0.0125435 0.00838847 0.00738634 0.0182586 0.0135387
threshold=21.126317977905277 300092464.00000006 0.0076747250277549037 -0.036483395844697945 0.010180910117924215 56.500000000000007 0.10490330681204797
decision_type=2 2 2 2 2 2 2
left_child=4 3 -3 -2 6 -6 -1
right_child=1 2 -4 -5 5 -7 -8
leaf_value=4.0720373641804071e-05 0.00051604875196004693 -0.0022630764782240699 -0.00022900860418948677 -9.0535502379323037e-05 -0.00025239713169199223 0.00012805445026718427 -0.0011714819387324236
leaf_weight=34065 327 63 120 6257 4150 2937 126
leaf_count=34065 327 63 120 6257 4150 2937 126
internal_value=1.6539e-09 -8.39318e-05 -0.000930044 -6.04011e-05 1.37619e-05 -9.4729e-05 3.625e-05
internal_weight=48045 6767 183 6584 41278 7087 34191
internal_count=48045 6767 183 6584 41278 7087 34191
is_linear=0
shrinkage=0.116766


Tree=67
num_leaves=8
num_cat=0
split_feature=13 13 33 0 23 22 2
split_gain=0.00420192 0.0156055 0.0153526 0.0145386 0.0106134 0.00962303 0.00583855
threshold=0.2741249948740006 0.35760499536991125 -2.0774661302566524 203783920.00000003 -0.0041914838366210452 0.016156475991010669 5.5000000000000009
decision_type=2 2 2 2 2 2 2
left_child=2 5 4 -4 -1 -2 -3
right_child=1 6 3 -5 -6 -7 -8
leaf_value=0.0011017204209300153 -0.0035472129330916453 -0.00084982322754890407 0.0008950127235187262 -1.3008754120236209e-05 0.0066862020533441768 -0.00062805560533541306 1.5637372867992053e-06
leaf_weight=11.000000000000002 15.999999999999998 110 290 1404 7.9999999999999991 364 45842
leaf_count=11 16 110 290 1404 8 364 45842
internal_value=6.9827e-10 -6.63903e-06 0.000179585 0.000142468 0.00347291 -0.00075176 -4.75651e-07
internal_weight=48045 46332 1713 1694 19 380 45952
internal_count=48045 46332 1713 1694 19 380 45952
is_linear=0
shrinkage=0.116766


Tree=68
num_leaves=8
num_cat=0
split_feature=29 27 5 1 2 15 19
split_gain=0.00401622 0.00869722 0.00981756 0.00803556 0.0074946 0.030306 0.0122621
threshold=5.3640287660527981e-05 -0.0078907366842031462 58.58557319641114 2.6600000637699854e-06 70.500000000000014 0.015953839756548408 0.023999171331524852
decision_type=2 2 2 2 2 2 2
left_child=4 2 -2 -3 6 -6 -1
right_child=1 3 -4 -5 5 -7 -8
leaf_value=2.4385225478770906e-05 -0.0013617458386160745 6.6218850925596663e-05 0.0007968082890309439 -0.00021051783494092989 -0.00030906036225750757 0.00048903626805843232 -0.00027510103414337713
leaf_weight=20842 117 18998 38 1547 3668 788 2047
leaf_count=20842 117 18998 38 1547 3668 788 2047
internal_value=1.34358e-09 3.88036e-05 -0.000832337 4.53798e-05 -2.93714e-05 -0.000167916 -2.39877e-06
internal_weight=48045 20700 155 20545 27345 4456 22889
internal_count=48045 20700 155 20545 27345 4456 22889
is_linear=0
shrinkage=0.116766


end of trees

feature_importances:
Column_2=96
Column_19=47
Column_15=43
Column_0=23
Column_22=21
Column_30=20
Column_10=19
Column_14=19
Column_18=19
Column_24=18
Column_33=16
Column_20=14
Column_6=11
Column_8=10
Column_26=10
Column_31=9
Column_32=9
Column_5=8
Column_7=8
Column_17=8
Column_11=7
Column_13=7
Column_21=7
Column_1=6
Column_16=5
Column_9=4
Column_25=4
Column_12=3
Column_4=2
Column_23=2
Column_27=2
Column_28=1
Column_29=1

parameters:
[boosting: gbdt]
[objective: regression]
[metric: l2]
[tree_learner: serial]
[device_type: cpu]
[data_sample_strategy: bagging]
[data: ]
[valid: ]
[num_iterations: 69]
[learning_rate: 0.116766]
[num_leaves: 31]
[num_threads: 1]
[seed: 0]
[deterministic: 0]
[force_col_wise: 0]
[force_row_wise: 0]
[histogram_pool_size: -1]
[max_depth: 3]
[min_data_in_leaf: 8]
[min_sum_hessian_in_leaf: 0.001]
[bagging_fraction: 0.837785]
[pos_bagging_fraction: 1]
[neg_bagging_fraction: 1]
[bagging_freq: 0]
[bagging_seed: 3]
[bagging_by_query: 0]
[feature_fraction: 0.677239]
[feature_fraction_bynode: 1]
[feature_fraction_seed: 2]
[extra_trees: 0]
[extra_seed: 6]
[early_stopping_round: 0]
[early_stopping_min_delta: 0]
[first_metric_only: 0]
[max_delta_step: 0]
[lambda_l1: 9.03871e-05]
[lambda_l2: 0.0848838]
[linear_lambda: 0]
[min_gain_to_split: 0]
[drop_rate: 0.1]
[max_drop: 50]
[skip_drop: 0.5]
[xgboost_dart_mode: 0]
[uniform_drop: 0]
[drop_seed: 4]
[top_rate: 0.2]
[other_rate: 0.1]
[min_data_per_group: 100]
[max_cat_threshold: 32]
[cat_l2: 10]
[cat_smooth: 10]
[max_cat_to_onehot: 4]
[top_k: 20]
[monotone_constraints: ]
[monotone_constraints_method: basic]
[monotone_penalty: 0]
[feature_contri: ]
[forcedsplits_filename: ]
[refit_decay_rate: 0.9]
[cegb_tradeoff: 1]
[cegb_penalty_split: 0]
[cegb_penalty_feature_lazy: ]
[cegb_penalty_feature_coupled: ]
[path_smooth: 0]
[interaction_constraints: ]
[verbosity: -1]
[saved_feature_importance_type: 0]
[use_quantized_grad: 0]
[num_grad_quant_bins: 4]
[quant_train_renew_leaf: 0]
[stochastic_rounding: 1]
[linear_tree: 0]
[max_bin: 255]
[max_bin_by_feature: ]
[min_data_in_bin: 3]
[bin_construct_sample_cnt: 200000]
[data_random_seed: 1]
[is_enable_sparse: 1]
[enable_bundle: 1]
[use_missing: 1]
[zero_as_missing: 0]
[feature_pre_filter: 1]
[pre_partition: 0]
[two_round: 0]
[header: 0]
[label_column: ]
[weight_column: ]
[group_column: ]
[ignore_column: ]
[categorical_feature: ]
[forcedbins_filename: ]
[precise_float_parser: 0]
[parser_config_file: ]
[objective_seed: 5]
[num_class: 1]
[is_unbalance: 0]
[scale_pos_weight: 1]
[sigmoid: 1]
[boost_from_average: 1]
[reg_sqrt: 0]
[alpha: 0.9]
[fair_c: 1]
[poisson_max_delta_step: 0.7]
[tweedie_variance_power: 1.5]
[lambdarank_truncation_level: 30]
[lambdarank_norm: 1]
[label_gain: ]
[lambdarank_position_bias_regularization: 0]
[eval_at: ]
[multi_error_top_k: 1]
[auc_mu_weights: ]
[num_machines: 1]
[local_listen_port: 12400]
[time_out: 120]
[machine_list_filename: ]
[machines: ]
[gpu_platform_id: -1]
[gpu_device_id: -1]
[gpu_use_dp: 0]
[num_gpu: 1]

end of parameters

pandas_categorical:null
