tree
version=v4
num_class=1
num_tree_per_iteration=1
label_index=0
max_feature_idx=34
objective=regression
feature_names=Column_0 Column_1 Column_2 Column_3 Column_4 Column_5 Column_6 Column_7 Column_8 Column_9 Column_10 Column_11 Column_12 Column_13 Column_14 Column_15 Column_16 Column_17 Column_18 Column_19 Column_20 Column_21 Column_22 Column_23 Column_24 Column_25 Column_26 Column_27 Column_28 Column_29 Column_30 Column_31 Column_32 Column_33 Column_34
feature_infos=[-0.97492791218182362:0.97492791218182362] [-0.90096886790241903:1] [-1:1] [-0.012406198108412925:0.018761270973392863] [-0.039223545122424319:0.040502992918663328] [5:75] [-0.099348559942131542:0.09779262619058926] [5:75] [5:75] [-2.6312642700084314:0.028796031649575542] [29.874943484580101:69.797195460630718] [-0.12623066174378883:0.080418697017375917] [8.8081175346430864:49.420969289182182] [0.00065164290588455261:0.02058641179795909] [-0.047766379624957778:0.078106804579098243] [0.12258086731741459:6.0907831375752188] [-0.00015645000000000001:0.00011430999999999999] [0.0010186119448642741:0.015521651700400894] [-0.0056146116540851778:0.0064373489925095805] [0.0036084703428170537:0.099037448608372491] [-0.00015645000000000001:0.00011430999999999999] [0.0032762052164261924:0.020372872150807887] [42561.525999999998:72688.892000000007] [-0.00015645000000000001:0.00011430999999999999] [42561.525999999998:72935.164999989996] [-3.5046749656884613:3.3567979711748994] [42561.525999999998:72935.164999989996] [7.8586899851870013:19.98844415810553] [-0.503121748856316:1.5121319152651091] [9.653392420396381:50.545531146208909] [-0.0052471760174475496:0.0053667086431526696] [-0.045693644525691246:0.060024151517436675] [-0.064765475955529284:0.092190866170606123] [-0.0030450918082558266:0.0030128086246465069] [0.12258086731741459:6.0907831375752188]
tree_sizes=867 610 620 789 628 625 787 625 804 894 622 702 805 702 710 805 801 633 715 630 810 706 712 713 624 799 709 900 632 723 618 530 894 715 622 904 796 895 717 804 622 896 629 717 709 801 795 625 891 809 718 622 887 807 888 621 709 803 902 902 806 888

Tree=0
num_leaves=8
num_cat=0
split_feature=17 27 9 16 0 10 20
split_gain=0.0270093 0.0252374 0.0126549 0.00862197 0.00769244 0.00624553 0.00531064
threshold=0.0090517836129285646 15.927797990871206 -1.8216617800017743 -2.3274999999999997e-05 0.87837969732492682 50.684911984539667 2.9905000000000003e-05
decision_type=2 2 2 2 2 2 2
left_child=2 6 4 -4 -1 -3 -2
right_child=1 5 3 -5 -6 -7 -8
leaf_value=0.00055395262450297139 0.0026651557314992269 0.00099836572291242542 0.0005592730120495366 0.00013747997090929288 0.0017072665903173968 -0.00013831535533339635 0.0015174146526184492
leaf_weight=57 20 23 146 1079 21 29 23
leaf_count=57 20 23 146 1079 21 29 23
internal_value=0.000289397 0.00112795 0.00022826 0.000187751 0.00086446 0.000364447 0.00205125
internal_weight=1398 95 1303 1225 78 52 43
internal_count=1398 95 1303 1225 78 52 43
is_linear=0
shrinkage=1


Tree=1
num_leaves=5
num_cat=0
split_feature=17 14 17 16
split_gain=0.0244625 0.012888 0.0138963 0.00725359
threshold=0.013415313948315773 0.0098457642678292396 0.0090517836129285646 -1.152e-05
decision_type=2 2 2 2
left_child=1 2 -1 -3
right_child=-2 3 -4 -5
leaf_value=-2.87270076236497e-06 0.0017886362871183626 0.0005080637871228838 0.00081468634604184265 -0.00052905677207337233
leaf_weight=1130 20 20 58 170
leaf_count=1130 20 20 58 170
internal_value=4.60752e-12 -2.59599e-05 3.70418e-05 -0.000419886
internal_weight=1398 1378 1188 190
internal_count=1398 1378 1188 190
is_linear=0
shrinkage=0.0515128


Tree=2
num_leaves=5
num_cat=0
split_feature=17 3 17 26
split_gain=0.0220072 0.0121216 0.013422 0.00362805
threshold=0.013415313948315773 0.0028991757629553976 0.0090517836129285646 50487.744500000008
decision_type=2 2 2 2
left_child=1 2 -1 -3
right_child=-2 3 -4 -5
leaf_value=6.6860832278953889e-06 0.0016964985389189863 -0.00060525112268540525 0.00085385360153248996 -0.0001951338533079372
leaf_weight=1087 20 95 52 144
leaf_count=1087 20 95 52 144
internal_value=-7.18644e-13 -2.46226e-05 4.53627e-05 -0.000358151
internal_weight=1398 1378 1139 239
internal_count=1398 1378 1139 239
is_linear=0
shrinkage=0.0515128


Tree=3
num_leaves=7
num_cat=0
split_feature=17 27 9 10 16 0
split_gain=0.0198969 0.021323 0.0113343 0.0078856 0.00744571 0.00710858
threshold=0.0090517836129285646 15.161428850144988 -1.8216617800017743 50.684911984539667 -2.3274999999999997e-05 0.6078576107927941
decision_type=2 2 2 2 2 2
left_child=2 -2 5 -3 -4 -1
right_child=1 3 4 -5 -6 -7
leaf_value=4.5072057909574737e-05 0.0017301838730973327 0.00074086225334460615 0.00025443969576065679 -0.00044089561957022408 -0.00013752714052277877 0.0010289294544534242
leaf_weight=38 35 29 146 31 1079 40
leaf_count=38 35 29 146 31 1079 40
internal_value=2.88584e-12 0.000719723 -5.2474e-05 0.000130287 -9.08111e-05 0.000549614
internal_weight=1398 95 1303 60 1225 78
internal_count=1398 95 1303 60 1225 78
is_linear=0
shrinkage=0.0515128


Tree=4
num_leaves=5
num_cat=0
split_feature=17 3 17 11
split_gain=0.0186364 0.0106511 0.0104458 0.00498918
threshold=0.013415313948315773 0.0028991757629553976 0.0090517836129285646 -0.0064737082854494079
decision_type=2 2 2 2
left_child=1 2 -1 -3
right_child=-2 3 -4 -5
leaf_value=8.8242572386094254e-06 0.0015611764782154077 -8.0426277208148098e-05 0.00075618821136923882 -0.00055263873865585593
leaf_weight=1087 20 110 52 129
leaf_count=1087 20 110 52 129
internal_value=-2.57913e-12 -2.26586e-05 4.29445e-05 -0.000335302
internal_weight=1398 1378 1139 239
internal_count=1398 1378 1139 239
is_linear=0
shrinkage=0.0515128


Tree=5
num_leaves=5
num_cat=0
split_feature=17 14 9 16
split_gain=0.0167658 0.00996763 0.00907406 0.0062309
threshold=0.013415313948315773 0.0098457642678292396 -1.8216617800017743 -9.7099999999999985e-06
decision_type=2 2 2 2
left_child=1 2 -1 -3
right_child=-2 3 -4 -5
leaf_value=0.00061169439841791062 0.0014807558407194626 0.00046892641549232353 -1.1650688546238901e-06 -0.00047191070126150099
leaf_weight=68 20 21 1120 169
leaf_count=68 20 21 1120 169
internal_value=3.57781e-12 -2.14914e-05 3.39144e-05 -0.000367923
internal_weight=1398 1378 1188 190
internal_count=1398 1378 1188 190
is_linear=0
shrinkage=0.0515128


Tree=6
num_leaves=7
num_cat=0
split_feature=17 27 9 9 10 0
split_gain=0.0155137 0.0181493 0.00921535 0.00732332 0.00673703 0.00654708
threshold=0.0090517836129285646 15.161428850144988 -1.8216617800017743 -1.1792172211051251 50.684911984539667 0.87837969732492682
decision_type=2 2 2 2 2 2
left_child=2 -2 5 -4 -3 -1
right_child=1 4 3 -5 -6 -7
leaf_value=0.00021010499653166585 0.0015677563997833674 0.00065607648539559732 -0.00027385885576869579 1.3105552522798185e-06 -0.00043623200898356334 0.0012740993279635243
leaf_weight=57 35 29 366 859 31 21
leaf_count=57 35 29 366 859 31 21
internal_value=-2.69649e-12 0.000635521 -4.6335e-05 -8.09033e-05 9.17171e-05 0.000496565
internal_weight=1398 95 1303 1225 60 78
internal_count=1398 95 1303 1225 60 78
is_linear=0
shrinkage=0.0515128


Tree=7
num_leaves=5
num_cat=0
split_feature=17 3 9 11
split_gain=0.0141788 0.00881801 0.00859315 0.004232
threshold=0.013415313948315773 0.0028991757629553976 -1.8216617800017743 -0.0064737082854494079
decision_type=2 2 2 2
left_child=1 2 -1 -3
right_child=-2 3 -4 -5
leaf_value=0.00063473210769297037 0.0013617322010495922 -6.9495186199779199e-05 6.2699170298722183e-06 -0.00050440162130227517
leaf_weight=61 20 110 1078 129
leaf_count=61 20 110 1078 129
internal_value=-4.63627e-12 -1.97639e-05 3.99277e-05 -0.000304235
internal_weight=1398 1378 1139 239
internal_count=1398 1378 1139 239
is_linear=0
shrinkage=0.0515128


Tree=8
num_leaves=7
num_cat=0
split_feature=17 27 16 11 14 10
split_gain=0.0134084 0.0159531 0.00851879 0.0117104 0.00831407 0.00603509
threshold=0.0090517836129285646 15.161428850144988 -2.3274999999999997e-05 -0.023219118100350985 0.0097444298823197179 50.684911984539667
decision_type=2 2 2 2 2 2
left_child=2 -2 3 -1 -4 -3
right_child=1 5 4 -5 -6 -7
leaf_value=-0.00031497322108683967 0.001464840795039704 0.00061513776844405945 -3.8513064793685244e-05 0.00058419711774660072 -0.00044147337164404058 -0.00041870145667091278
leaf_weight=57 35 29 970 118 158 31
leaf_count=57 35 29 970 118 158 31
internal_value=-9.46363e-13 0.000590828 -4.30765e-05 0.000291324 -9.49561e-05 8.09875e-05
internal_weight=1398 95 1303 175 1128 60
internal_count=1398 95 1303 175 1128 60
is_linear=0
shrinkage=0.0515128


Tree=9
num_leaves=8
num_cat=0
split_feature=17 27 16 11 14 33 10
split_gain=0.0120626 0.0143676 0.00766374 0.010535 0.00747957 0.00331708 0.00298935
threshold=0.0090517836129285646 15.927797990871206 -2.3274999999999997e-05 -0.023219118100350985 0.0097444298823197179 0.00047903693622573161 50.684911984539667
decision_type=2 2 2 2 2 2 2
left_child=2 5 3 -1 -4 -2 -3
right_child=1 6 4 -5 -6 -7 -8
leaf_value=-0.00029874806389812246 0.0016789412682669208 0.00042288711253624616 -3.6529147442685735e-05 0.00055410349063712957 -0.00041873183702064272 0.00077185516363786324 -0.00036351119873798615
leaf_weight=57 23 23 970 118 158 20 29
leaf_count=57 23 23 970 118 158 20 29
internal_value=1.80365e-13 0.000560393 -4.08575e-05 0.000276318 -9.00646e-05 0.00125704 -1.56812e-05
internal_weight=1398 95 1303 175 1128 43 52
internal_count=1398 95 1303 175 1128 43 52
is_linear=0
shrinkage=0.0515128


Tree=10
num_leaves=5
num_cat=0
split_feature=17 22 6 26
split_gain=0.0111966 0.00760688 0.0132062 0.00875879
threshold=0.013415313948315773 46488.270500000006 -0.040683197329360592 44663.334500000004
decision_type=2 2 2 2
left_child=1 3 -3 -1
right_child=-2 2 -4 -5
leaf_value=0.00045044205986333213 0.0012100799622293738 0.00057075590120191501 -2.6062795115855866e-05 -0.00052264526162958418
leaf_weight=30 20 108 1105 135
leaf_count=30 20 108 1105 135
internal_value=-3.95365e-13 -1.75628e-05 2.70752e-05 -0.00034572
internal_weight=1398 1378 1213 165
internal_count=1398 1378 1213 165
is_linear=0
shrinkage=0.0515128


Tree=11
num_leaves=6
num_cat=0
split_feature=24 22 23 34 27
split_gain=0.00821757 0.0114107 0.0122778 0.00768716 0.00469205
threshold=44657.588500000005 46157.50250000001 3.1150000000000002e-06 1.0319296335762891 15.161428850144988
decision_type=2 2 2 2 2
left_child=4 3 -3 -2 -1
right_child=1 2 -4 -5 -6
leaf_value=0.0012806830070700205 -0.00085058020274000358 0.00030113580098704119 -7.1120418480511986e-05 1.8330671551353652e-05 0.00019051165181500253
leaf_weight=20 70 315 927 44 22
leaf_count=20 70 315 927 44 22
internal_value=8.70725e-13 -2.198e-05 2.32924e-05 -0.000515211 0.000709641
internal_weight=1398 1356 1242 114 42
internal_count=1398 1356 1242 114 42
is_linear=0
shrinkage=0.0515128


Tree=12
num_leaves=7
num_cat=0
split_feature=17 27 19 23 12 23
split_gain=0.0101531 0.0102545 0.00696704 0.0119026 0.0079662 0.00528538
threshold=0.0089076757102423566 15.161428850144988 0.040062512403285656 -3.075999999999999e-05 24.870043921374588 3.0865000000000003e-05
decision_type=2 2 2 2 2 2
left_child=2 -2 3 -1 -4 -3
right_child=1 5 4 -5 -6 -7
leaf_value=0.00052711421681496146 0.0011808270580577998 -0.0002452377380761837 -0.00056912726818250615 -4.6305108663514735e-05 0.0002211034051285731 0.00074450042052247539
leaf_weight=106 37 41 121 1024 47 22
leaf_count=106 37 41 121 1024 47 22
internal_value=-4.00275e-13 0.000500149 -3.85323e-05 7.48467e-06 -0.000348051 0.000100385
internal_weight=1398 100 1298 1130 168 63
internal_count=1398 100 1298 1130 168 63
is_linear=0
shrinkage=0.0515128


Tree=13
num_leaves=6
num_cat=0
split_feature=24 22 23 34 9
split_gain=0.00692833 0.0100211 0.010827 0.00682675 0.0042111
threshold=44657.588500000005 46157.50250000001 1.2420000000000001e-05 1.0319296335762891 -0.87801423229511177
decision_type=2 2 2 2 2
left_child=4 3 -3 -2 -1
right_child=1 2 -4 -5 -6
leaf_value=0.0011434040840843324 -0.00079844798620685466 0.00025088135681494429 -7.8930209148085208e-05 2.0392578151493223e-05 0.00011061535182584322
leaf_weight=22 70 381 861 44 20
leaf_count=22 70 381 861 44 20
internal_value=-1.31577e-12 -2.01823e-05 2.22439e-05 -0.000482404 0.0006516
internal_weight=1398 1356 1242 114 42
internal_count=1398 1356 1242 114 42
is_linear=0
shrinkage=0.0515128


Tree=14
num_leaves=6
num_cat=0
split_feature=26 22 23 32 34
split_gain=0.00783902 0.00985311 0.00977031 0.00428576 0.00350475
threshold=44663.334500000004 46157.50250000001 1.2420000000000001e-05 0.0087180458031589376 1.0319296335762891
decision_type=2 2 2 2 2
left_child=3 4 -3 -1 -2
right_child=1 2 -4 -5 -6
leaf_value=0.00014734422434696363 -0.00070981232286339725 0.00023795775559818448 -7.540236403322134e-05 0.0011892475539568824 -0.00012932941164814352
leaf_weight=20 69 381 860 22 46
leaf_count=20 69 381 860 22 46
internal_value=-5.18641e-13 -2.14678e-05 2.08025e-05 0.000693103 -0.000477619
internal_weight=1398 1356 1241 42 115
internal_count=1398 1356 1241 42 115
is_linear=0
shrinkage=0.0515128


Tree=15
num_leaves=7
num_cat=0
split_feature=17 27 19 8 23 23
split_gain=0.00882122 0.00852088 0.00614224 0.00853595 0.00768605 0.00457129
threshold=0.0089076757102423566 15.161428850144988 0.036832882143280198 10.500000000000002 -3.075999999999999e-05 3.0865000000000003e-05
decision_type=2 2 2 2 2 2
left_child=2 -2 4 -4 -1 -3
right_child=1 5 3 -5 -6 -7
leaf_value=0.00046044838381807722 0.0010866692953542649 -0.00021964580866236654 -0.00088961342543911019 -0.00011557076285227897 -2.7227148072756437e-05 0.00070080725359272583
leaf_weight=94 37 41 48 178 978 22
leaf_count=94 37 41 48 178 978 22
internal_value=1.72171e-12 0.00046619 -3.59161e-05 -0.000279969 1.55354e-05 0.000101782
internal_weight=1398 100 1298 226 1072 63
internal_count=1398 100 1298 226 1072 63
is_linear=0
shrinkage=0.0515128


Tree=16
num_leaves=7
num_cat=0
split_feature=17 27 9 21 20 6
split_gain=0.00793582 0.00767158 0.00595175 0.0057642 0.0029781 0.00214488
threshold=0.0089076757102423566 15.927797990871206 -2.1620369341944361 0.0053650393596624268 2.9905000000000003e-05 -0.0090499135090379972
decision_type=2 2 2 2 2 2
left_child=2 4 -1 -4 -2 -3
right_child=1 5 3 -5 -6 -7
leaf_value=0.00076960691161856909 0.0014095093552865124 0.0002868773539017368 0.00018611518611201527 -0.00010022567419011917 0.00056616206581489178 -0.000375261969345763
leaf_weight=24 20 34 227 1047 25 21
leaf_count=24 20 34 227 1047 25 21
internal_value=-2.31245e-13 0.000442176 -3.40659e-05 -4.92058e-05 0.000940983 3.40605e-05
internal_weight=1398 100 1298 1274 45 55
internal_count=1398 100 1298 1274 45 55
is_linear=0
shrinkage=0.0515128


Tree=17
num_leaves=5
num_cat=0
split_feature=17 14 30 11
split_gain=0.00729228 0.00615606 0.00686424 0.00417507
threshold=0.013415313948315773 0.0098457642678292396 -0.00029659640283882636 -0.006006040715116511
decision_type=2 2 2 2
left_child=1 2 -1 -3
right_child=-2 3 -4 -5
leaf_value=-0.00011413841349580282 0.00097656905244390365 0.00015343876253290514 0.00013620846286287034 -0.00041898955355273055
leaf_weight=507 20 44 681 146
leaf_count=507 20 44 681 146
internal_value=-4.65758e-13 -1.41737e-05 2.93685e-05 -0.000286427
internal_weight=1398 1378 1188 190
internal_count=1398 1378 1188 190
is_linear=0
shrinkage=0.0515128


Tree=18
num_leaves=6
num_cat=0
split_feature=17 27 9 19 23
split_gain=0.00685374 0.00680295 0.00534476 0.00518475 0.0041543
threshold=0.0089076757102423566 15.161428850144988 -2.1620369341944361 0.041034005863023852 3.0865000000000003e-05
decision_type=2 2 2 2 2
left_child=2 -2 -1 -4 -3
right_child=1 4 3 -5 -6
leaf_value=0.00072993118247701588 0.00096533811646697923 -0.00022109963437844452 -7.7564153222692839e-06 -0.00032834330900826818 0.00065636852998873882
leaf_weight=24 37 41 1122 152 22
leaf_count=24 37 41 1122 152 22
internal_value=2.70472e-13 0.000410925 -3.16583e-05 -4.60054e-05 8.53178e-05
internal_weight=1398 100 1298 1274 63
internal_count=1398 100 1298 1274 63
is_linear=0
shrinkage=0.0515128


Tree=19
num_leaves=5
num_cat=0
split_feature=17 14 30 23
split_gain=0.0062493 0.00562998 0.00868007 0.0077259
threshold=0.013415313948315773 0.0058571631607718952 -0.00029659640283882636 -4.8799999999999994e-05
decision_type=2 2 2 2
left_child=1 2 -1 -3
right_child=-2 3 -4 -5
leaf_value=-0.00011672260158538455 0.00090403852162955164 0.00072852007023188983 0.00018673654417711188 -0.00024656020267248621
leaf_weight=456 20 23 554 345
leaf_count=456 20 23 554 345
internal_value=9.1352e-13 -1.3121e-05 4.97292e-05 -0.000185618
internal_weight=1398 1378 1010 368
internal_count=1398 1378 1010 368
is_linear=0
shrinkage=0.0515128


Tree=20
num_leaves=7
num_cat=0
split_feature=17 27 16 11 26 23
split_gain=0.00597734 0.0059514 0.00516604 0.00809398 0.00588418 0.00383333
threshold=0.0089076757102423566 15.161428850144988 -2.3274999999999997e-05 -0.023219118100350985 56698.530000000006 3.0865000000000003e-05
decision_type=2 2 2 2 2 2
left_child=2 -2 3 -1 -4 -3
right_child=1 5 4 -5 -6 -7
leaf_value=-0.00027329146270222321 0.00090230839064315465 -0.00021513560564992429 -0.00015278874812809989 0.00047425282876561298 9.8081851492453246e-05 0.00062775322983601761
leaf_weight=57 37 41 753 118 370 22
leaf_count=57 37 41 753 118 370 22
internal_value=-1.35475e-13 0.000383754 -2.9565e-05 0.000230767 -7.01333e-05 7.92065e-05
internal_weight=1398 100 1298 175 1123 63
internal_count=1398 100 1298 175 1123 63
is_linear=0
shrinkage=0.0515128


Tree=21
num_leaves=6
num_cat=0
split_feature=6 17 27 9 11
split_gain=0.00569375 0.00902754 0.00629245 0.00496797 0.00278362
threshold=0.035258110429801988 0.0090517836129285646 16.330763283417131 -1.8216617800017743 0.04086977348735444
decision_type=2 2 2 2 2
left_child=1 3 -3 -1 -2
right_child=4 2 -4 -5 -6
leaf_value=0.00039541806320189297 -0.0010105246718522618 0.00097304554649956497 7.5410373342381463e-05 -3.9571006911644838e-05 -0.00022595830528863951
leaf_weight=74 20 43 40 1191 30
leaf_count=74 20 43 40 1191 30
internal_value=-1.22844e-12 2.00217e-05 0.00054045 -1.4125e-05 -0.000539785
internal_weight=1398 1348 83 1265 50
internal_count=1398 1348 83 1265 50
is_linear=0
shrinkage=0.0515128


Tree=22
num_leaves=6
num_cat=0
split_feature=6 17 18 19 0
split_gain=0.00512225 0.00812142 0.00584491 0.00480526 0.00323407
threshold=0.035258110429801988 0.0090517836129285646 -1.1437972179141e-05 0.036832882143280198 1.0000000180025095e-35
decision_type=2 2 2 2 2
left_child=1 3 -3 -1 -2
right_child=4 2 -4 -5 -6
leaf_value=3.3301126405179e-05 -0.00086452472767596916 0.00093971313021645948 7.5090053295999356e-05 -0.00022924828762337489 -2.5130145395609193e-05
leaf_weight=1040 29 42 41 225 21
leaf_count=1040 29 42 41 225 21
internal_value=1.74852e-13 1.89903e-05 0.00051261 -1.33974e-05 -0.000511979
internal_weight=1398 1348 83 1265 50
internal_count=1398 1348 83 1265 50
is_linear=0
shrinkage=0.0515128


Tree=23
num_leaves=6
num_cat=0
split_feature=19 3 7 26 18
split_gain=0.00481533 0.00546727 0.00667674 0.00510652 0.00451584
threshold=0.061017402191447058 0.0033671977881970521 27.500000000000004 50487.744500000008 0.00073647932093414109
decision_type=2 2 2 2 2
left_child=1 2 -1 -3 -2
right_child=4 3 -4 -5 -6
leaf_value=0.00016314567667350402 0.0010758876108993552 -0.00063989707538464975 -8.4324075113663906e-05 -6.5369958368063664e-05 4.1518976269063283e-05
leaf_weight=508 21 67 672 106 24
leaf_count=508 21 67 672 106 24
internal_value=6.40426e-13 -1.74354e-05 2.22138e-05 -0.000287875 0.000524224
internal_weight=1398 1353 1180 173 45
internal_count=1398 1353 1180 173 45
is_linear=0
shrinkage=0.0515128


Tree=24
num_leaves=5
num_cat=0
split_feature=26 22 23 23
split_gain=0.0045781 0.00567166 0.00807347 0.00404609
threshold=44338.630000000012 46157.50250000001 1.2420000000000001e-05 6.2500000000000011e-06
decision_type=2 2 2 2
left_child=-1 3 -3 -2
right_child=1 2 -4 -5
leaf_value=0.00070532960766835767 -0.00061003659595705324 0.00021923422733120614 -6.5567248350472095e-05 -3.9379082175690769e-05
leaf_weight=24 68 381 861 64
leaf_count=24 68 381 861 64
internal_value=4.17131e-13 -1.23202e-05 2.17994e-05 -0.000333354
internal_weight=1398 1374 1242 132
internal_count=1398 1374 1242 132
is_linear=0
shrinkage=0.0515128


Tree=25
num_leaves=7
num_cat=0
split_feature=29 26 22 26 30 12
split_gain=0.00463124 0.00612781 0.00705459 0.00457052 0.00598072 0.00117533
threshold=16.081921122369447 44663.334500000004 46157.50250000001 57106.839000000007 -4.9486072935883895e-05 24.398643080947988
decision_type=2 2 2 2 2 2
left_child=3 -2 -3 4 -1 -5
right_child=1 2 -4 5 -6 -7
leaf_value=-0.00057839893940316272 0.00071212359153681698 -0.0004313303106013701 5.6481851407179876e-05 -5.7908226799251134e-05 0.00021397950721042423 0.00034843318520194323
leaf_weight=108 35 85 1056 51 33 30
leaf_count=108 35 85 1056 51 33 30
internal_value=-9.5826e-13 4.07365e-05 2.01418e-05 -0.000215793 -0.000392949 9.25886e-05
internal_weight=1398 1176 1141 222 141 81
internal_count=1398 1176 1141 222 141 81
is_linear=0
shrinkage=0.0515128


Tree=26
num_leaves=6
num_cat=0
split_feature=6 17 27 9 0
split_gain=0.00443087 0.0067061 0.00491108 0.00427759 0.00279352
threshold=0.035258110429801988 0.0090517836129285646 16.330763283417131 -1.8216617800017743 1.0000000180025095e-35
decision_type=2 2 2 2 2
left_child=1 3 -3 -1 -2
right_child=4 2 -4 -5 -6
leaf_value=0.00036825454151215347 -0.00080382955866822739 0.00084838624150939735 5.5376498124285492e-05 -3.5380160190982546e-05 -2.3698809166684353e-05
leaf_weight=74 29 43 40 1191 21
leaf_count=74 29 43 40 1191 21
internal_value=1.00174e-12 1.76623e-05 0.000466213 -1.17683e-05 -0.000476175
internal_weight=1398 1348 83 1265 50
internal_count=1398 1348 83 1265 50
is_linear=0
shrinkage=0.0515128


Tree=27
num_leaves=8
num_cat=0
split_feature=29 23 3 19 22 30 12
split_gain=0.00415697 0.00610002 0.00707623 0.00531399 0.00417506 0.00578136 0.000820893
threshold=16.081921122369447 1.4760000000000003e-05 0.00041829135771553899 0.011291059983266627 57065.691500000008 -4.9486072935883895e-05 24.398643080947988
decision_type=2 2 2 2 2 2 2
left_child=4 3 -3 -2 5 -1 -6
right_child=1 2 -4 -5 6 -7 -8
leaf_value=-0.00055609668668802736 0.00095654236365902044 0.00015707760602501943 -0.00017014599971765552 0.00015134545570841973 -3.2171996689991852e-05 0.0002229634933072653 0.00030988658085892714
leaf_weight=108 23 278 475 400 52 33 29
leaf_count=108 23 278 475 400 52 33 29
internal_value=9.94604e-13 3.85943e-05 -4.93383e-05 0.000195127 -0.000204445 -0.000373763 9.02934e-05
internal_weight=1398 1176 753 423 222 141 81
internal_count=1398 1176 753 423 222 141 81
is_linear=0
shrinkage=0.0515128


Tree=28
num_leaves=5
num_cat=0
split_feature=17 3 30 18
split_gain=0.00405933 0.00422431 0.00608027 0.00347325
threshold=0.013415313948315773 0.0028991757629553976 -0.00029659640283882636 0.00080583733210850552
decision_type=2 2 2 2
left_child=1 2 -1 -3
right_child=-2 3 -4 -5
leaf_value=-9.6391768022199311e-05 0.00072861546663950194 -0.00052876244479333715 0.00014216326049471445 -8.744499407162471e-05
leaf_weight=532 20 65 607 174
leaf_count=532 20 65 607 174
internal_value=-1.05565e-14 -1.0575e-05 3.07398e-05 -0.000207469
internal_weight=1398 1378 1139 239
internal_count=1398 1378 1139 239
is_linear=0
shrinkage=0.0515128


Tree=29
num_leaves=6
num_cat=0
split_feature=19 14 18 16 9
split_gain=0.00385306 0.00447162 0.00537715 0.00450205 0.00349597
threshold=0.062111245152293791 0.0093303272284270839 -5.1633980720692256e-05 -3.3984999999999994e-05 -0.74611318162334161
decision_type=2 2 2 2 2
left_child=1 2 -1 -3 -2
right_child=4 3 -4 -5 -6
leaf_value=-7.9247407538408275e-05 0.00097987373400722352 0.00049446470344601022 0.00014340210786136249 -0.00031998448505454573 1.6711701516615272e-05
leaf_weight=619 20 20 538 181 20
leaf_count=619 20 20 538 181 20
internal_value=-1.80499e-13 -1.46773e-05 2.42837e-05 -0.000238945 0.000498293
internal_weight=1398 1358 1157 201 40
internal_count=1398 1358 1157 201 40
is_linear=0
shrinkage=0.0515128


Tree=30
num_leaves=5
num_cat=0
split_feature=6 26 24 9
split_gain=0.0038483 0.00593802 0.00493262 0.00224893
threshold=0.035258110429801988 44663.334500000004 46174.157500000008 -1.1434399835164424
decision_type=2 2 2 2
left_child=1 -1 -3 -2
right_child=3 2 -4 -5
leaf_value=0.00066002423576073748 -2.0648185192675908e-05 -0.00033859705365346811 2.7932625046667788e-05 -0.00072584856687232281
leaf_weight=37 20 106 1205 30
leaf_count=37 20 106 1205 30
internal_value=1.07803e-12 1.64603e-05 -1.70288e-06 -0.000443768
internal_weight=1398 1348 1311 50
internal_count=1398 1348 1311 50
is_linear=0
shrinkage=0.0515128


Tree=31
num_leaves=4
num_cat=0
split_feature=9 17 27
split_gain=0.00371012 0.00359929 0.00429249
threshold=-2.1620369341944361 0.013415313948315773 12.362406715782397
decision_type=2 2 2
left_child=-1 2 -2
right_child=1 -3 -4
leaf_value=0.00063495543542706233 -0.00030029120316947972 0.000674909781620549 8.9208759254152971e-06
leaf_weight=24 132 20 1222
leaf_count=24 132 20 1222
internal_value=-1.68444e-12 -1.10909e-05 -2.12239e-05
internal_weight=1398 1374 1354
internal_count=1398 1374 1354
is_linear=0
shrinkage=0.0515128


Tree=32
num_leaves=8
num_cat=0
split_feature=29 23 3 8 22 26 0
split_gain=0.00355762 0.005337 0.00626577 0.00492756 0.00363631 0.00531693 0.000577814
threshold=16.081921122369447 1.4760000000000003e-05 0.00041829135771553899 8.5000000000000018 57065.691500000008 51981.143000000004 -1.0000000180025095e-35
decision_type=2 2 2 2 2 2 2
left_child=4 3 -3 -2 5 -1 -6
right_child=1 2 -4 -5 6 -7 -8
leaf_value=-5.4609486318303775e-05 -0.00046593310101719344 0.00014769023693290571 -0.00016022473875503942 0.00022981876482421019 -4.6646843419032701e-05 -0.00068919764021104651 0.00022870941364836088
leaf_weight=76 29 278 475 394 42 65 39
leaf_count=76 29 278 475 394 42 65 39
internal_value=3.61031e-13 3.57038e-05 -4.65456e-05 0.000182119 -0.000189134 -0.00034715 8.59321e-05
internal_weight=1398 1176 753 423 222 141 81
internal_count=1398 1176 753 423 222 141 81
is_linear=0
shrinkage=0.0515128


Tree=33
num_leaves=6
num_cat=0
split_feature=6 17 18 19 0
split_gain=0.00356617 0.00537302 0.00419781 0.00380302 0.00235183
threshold=0.035258110429801988 0.0090517836129285646 -1.1437972179141e-05 0.036832882143280198 1.0000000180025095e-35
decision_type=2 2 2 2 2
left_child=1 3 -3 -1 -2
right_child=4 2 -4 -5 -6
leaf_value=3.1045928066642428e-05 -0.00072782955852825353 0.00077930097656430124 4.6562347250193836e-05 -0.0002025239322868721 -1.2024718061244081e-05
leaf_weight=1040 29 42 41 225 21
leaf_count=1040 29 42 41 225 21
internal_value=1.00223e-12 1.58454e-05 0.000417346 -1.04981e-05 -0.000427192
internal_weight=1398 1348 83 1265 50
internal_count=1398 1348 83 1265 50
is_linear=0
shrinkage=0.0515128


Tree=34
num_leaves=5
num_cat=0
split_feature=6 26 22 0
split_gain=0.00320823 0.00495637 0.00470623 0.00211577
threshold=0.035258110429801988 44663.334500000004 46157.50250000001 1.0000000180025095e-35
decision_type=2 2 2 2
left_child=1 -1 -3 -2
right_child=3 2 -4 -5
leaf_value=0.00060299593913845629 -0.00069033700439435691 -0.00033406167579955404 2.7084381767068245e-05 -1.1405293763621584e-05
leaf_weight=37 29 104 1207 21
leaf_count=37 29 104 1207 21
internal_value=-2.76479e-14 1.50291e-05 -1.56489e-06 -0.000405186
internal_weight=1398 1348 1311 50
internal_count=1398 1348 1311 50
is_linear=0
shrinkage=0.0515128


Tree=35
num_leaves=8
num_cat=0
split_feature=7 6 18 13 14 30 23
split_gain=0.00321926 0.00819375 0.00935391 0.00646473 0.00586842 0.00474306 0.00434496
threshold=24.500000000000004 -0.016439934909495909 1.0000000180025095e-35 0.0031046587997890104 -0.0050449389617567833 -0.0017357244120897012 1.0620000000000002e-05
decision_type=2 2 2 2 2 2 2
left_child=3 2 -2 6 -3 -5 -1
right_child=1 4 -4 5 -6 -7 -8
leaf_value=0.00087270181000746326 -0.00065882910873280801 0.00045004169643620779 0.00014261825845554086 -0.00039655900965856686 -3.6748379287120382e-05 7.8304005270080841e-05 0.00019550884046624911
leaf_weight=41 112 74 59 65 587 395 65
leaf_count=41 112 74 59 65 587 395 65
internal_value=-5.29307e-13 -6.44743e-05 -0.000382306 9.47749e-05 1.77485e-05 1.12038e-05 0.000457442
internal_weight=1398 832 171 566 661 460 106
internal_count=1398 832 171 566 661 460 106
is_linear=0
shrinkage=0.0515128


Tree=36
num_leaves=7
num_cat=0
split_feature=9 0 9 21 21 10
split_gain=0.00317733 0.00576601 0.00465449 0.00839315 0.00541545 0.00184195
threshold=-1.8216617800017743 0.87837969732492682 -1.2100167875768932 0.0067021313568493097 0.014025411026121218 50.473705047691382
decision_type=2 2 2 2 2 2
left_child=1 5 3 -2 -4 -1
right_child=2 -3 4 -5 -6 -7
leaf_value=0.00041999308010128982 -0.00052319824432013997 0.0010491534814964089 1.3778054150312068e-05 -4.0113551887016176e-06 0.00057543171270164895 -0.00018152231049890088
leaf_weight=22 122 21 894 256 48 35
leaf_count=22 122 21 894 256 48 35
internal_value=-7.80509e-14 0.000319472 -1.88779e-05 -0.00017158 4.23973e-05 5.06415e-05
internal_weight=1398 78 1320 378 942 57
internal_count=1398 78 1320 378 942 57
is_linear=0
shrinkage=0.0515128


Tree=37
num_leaves=8
num_cat=0
split_feature=29 16 6 11 26 26 12
split_gain=0.00301752 0.00497971 0.00514708 0.00399607 0.0031171 0.00460038 0.000944677
threshold=16.081921122369447 -2.3274999999999997e-05 0.013478826089307507 -0.013669720325556798 57106.839000000007 51981.143000000004 24.398643080947988
decision_type=2 2 2 2 2 2 2
left_child=4 3 -3 -2 5 -1 -6
right_child=1 2 -4 -5 6 -7 -8
leaf_value=-4.8372112577892731e-05 -2.9036652019851869e-05 6.2221987626094662e-05 -0.00019842621667017442 0.00052402814616652447 -5.4438610119773391e-05 -0.00063865206131928187 0.00030985692219580036
leaf_weight=76 56 755 274 91 51 65 30
leaf_count=76 56 755 274 91 51 65 30
internal_value=6.16653e-14 3.28821e-05 -7.18288e-06 0.000313337 -0.000174186 -0.000320487 8.04857e-05
internal_weight=1398 1176 1029 147 222 141 81
internal_count=1398 1176 1029 147 222 141 81
is_linear=0
shrinkage=0.0515128


Tree=38
num_leaves=6
num_cat=0
split_feature=6 17 18 16 30
split_gain=0.00287845 0.00436814 0.00387609 0.0034782 0.00101738
threshold=0.038770829460287433 0.0090517836129285646 -1.1437972179141e-05 -2.3274999999999997e-05 7.8174537023563491e-05
decision_type=2 2 2 2 2
left_child=1 3 -3 -1 -2
right_child=4 2 -4 -5 -6
leaf_value=0.00020513388736728144 -0.00069047939975945029 0.00072240689755009727 2.2560985311287897e-05 -4.455039967016804e-05 -0.00017089329516988759
leaf_weight=171 20 42 42 1103 20
leaf_count=171 20 42 42 1103 20
internal_value=7.76253e-13 1.26859e-05 0.000372484 -1.1037e-05 -0.000430686
internal_weight=1398 1358 84 1274 40
internal_count=1398 1358 84 1274 40
is_linear=0
shrinkage=0.0515128


Tree=39
num_leaves=7
num_cat=0
split_feature=21 17 9 6 5 10
split_gain=0.00284129 0.0109985 0.00772576 0.00711557 0.00432418 0.00325441
threshold=0.0053650393596624268 0.0034027333727828504 -1.1508273291463811 -0.021602079119789116 22.500000000000004 52.332395500824788
decision_type=2 2 2 2 2 2
left_child=3 2 -2 -1 -5 -3
right_child=1 5 -4 4 -6 -7
leaf_value=-0.00065367363313146199 -0.0010238511498283759 8.8991616143640898e-05 -0.0001737279240519237 0.00098651428651830818 0.00018875021215276869 -9.9944659440306239e-05
leaf_weight=25 46 672 74 20 183 378
leaf_count=25 46 672 74 20 183 378
internal_value=-5.47797e-13 -3.24186e-05 -0.000499608 0.000166358 0.000267348 2.09746e-05
internal_weight=1398 1170 120 228 203 1050
internal_count=1398 1170 120 228 203 1050
is_linear=0
shrinkage=0.0515128


Tree=40
num_leaves=5
num_cat=0
split_feature=9 27 21 3
split_gain=0.00280847 0.00295932 0.00398039 0.00349415
threshold=-2.1620369341944361 12.362406715782397 0.0056550207231550855 0.0019479953115220108
decision_type=2 2 2 2
left_child=-1 2 -2 -3
right_child=1 3 -4 -5
leaf_value=0.00055243927493894851 0.0002341229843771517 6.936802664696273e-05 -0.00040415660303100184 -0.00012311522894221358
leaf_weight=24 35 891 100 348
leaf_count=24 35 891 100 348
internal_value=-8.44644e-13 -9.6496e-06 -0.000238677 1.53049e-05
internal_weight=1398 1374 135 1239
internal_count=1398 1374 135 1239
is_linear=0
shrinkage=0.0515128


Tree=41
num_leaves=8
num_cat=0
split_feature=29 3 6 23 12 6 25
split_gain=0.00280991 0.00415909 0.00463956 0.00362846 0.00284941 0.00583999 0.00141228
threshold=16.081921122369447 0.0014868181668973304 -0.035655651975473816 -5.602999999999999e-05 25.889733612252559 -0.021602079119789116 -1.0522123419593667
decision_type=2 2 2 2 2 2 2
left_child=4 2 -2 -3 5 -1 -6
right_child=1 3 -4 -5 6 -7 -8
leaf_value=-0.00078964684964642588 0.00042241166968194529 0.00059407669859024698 5.5129046665685632e-05 -0.00011472240435112487 -7.1858221257420238e-05 -9.0978200374691173e-05 0.00042412118793244859
leaf_weight=44 108 20 589 459 39 114 25
leaf_count=44 108 20 589 459 39 114 25
internal_value=1.451e-12 3.17308e-05 0.000112039 -8.51275e-05 -0.000168087 -0.000285544 0.000121884
internal_weight=1398 1176 697 479 222 158 64
internal_count=1398 1176 697 479 222 158 64
is_linear=0
shrinkage=0.0515128


Tree=42
num_leaves=5
num_cat=0
split_feature=31 28 23 31
split_gain=0.00265954 0.0032984 0.00527837 0.00420162
threshold=-0.020763804028818774 0.24776124270403113 1.4450000000000002e-05 -0.0037147348373031126
decision_type=2 2 2 2
left_child=-1 3 -3 -2
right_child=1 2 -4 -5
leaf_value=0.00053759206457100028 -9.8407366183330438e-05 0.00019045132815512851 -4.8789123597124373e-05 -0.0007374232659401466
leaf_weight=24 229 363 751 31
leaf_count=24 229 363 751 31
internal_value=1.25068e-12 -9.39025e-06 2.9168e-05 -0.000174598
internal_weight=1398 1374 1114 260
internal_count=1398 1374 1114 260
is_linear=0
shrinkage=0.0515128


Tree=43
num_leaves=6
num_cat=0
split_feature=19 22 6 20 9
split_gain=0.00272466 0.00366628 0.00665983 0.00377302 0.00300809
threshold=0.062111245152293791 46584.501500000006 -0.037662674303454872 9.1050000000000018e-06 -0.74611318162334161
decision_type=2 2 2 2 2
left_child=1 3 -3 -1 -2
right_child=4 2 -4 -5 -6
leaf_value=-0.00045138310199216599 0.00086573865591422963 0.00038308010432013711 -2.1567002767853646e-05 4.7032078837693114e-05 -2.7692133557904159e-05
leaf_weight=95 20 120 1073 70 20
leaf_count=95 20 120 1073 70 20
internal_value=-1.25165e-13 -1.23424e-05 1.91351e-05 -0.000239934 0.000419023
internal_weight=1398 1358 1193 165 40
internal_count=1398 1358 1193 165 40
is_linear=0
shrinkage=0.0515128


Tree=44
num_leaves=6
num_cat=0
split_feature=15 26 24 26 2
split_gain=0.00257376 0.00314704 0.00343833 0.00127383 0.000542383
threshold=0.39248514379865523 44338.630000000012 46502.31900000001 63260.379500000003 0.68301270189221941
decision_type=2 2 2 2 2
left_child=3 -2 -3 4 -1
right_child=1 2 -4 -5 -6
leaf_value=0.00019793799948232408 0.0005744955593416759 -0.00026665681121254559 -2.1194501992683905e-06 -0.00016222543578073328 0.00043325658239352791
leaf_weight=71 23 148 1095 20 41
leaf_count=71 23 148 1095 20 41
internal_value=6.88818e-13 -2.25692e-05 -3.36171e-05 0.000216459 0.000284081
internal_weight=1398 1266 1243 132 112
internal_count=1398 1266 1243 132 112
is_linear=0
shrinkage=0.0515128


Tree=45
num_leaves=7
num_cat=0
split_feature=21 19 27 6 5 3
split_gain=0.00248935 0.00867898 0.009862 0.0061851 0.0037917 0.0031714
threshold=0.0053650393596624268 0.017167030178528123 14.326882537335596 -0.021602079119789116 22.500000000000004 0.0033671977881970521
decision_type=2 2 2 2 2 2
left_child=3 2 -2 -1 -5 -3
right_child=1 5 -4 4 -6 -7
leaf_value=-0.0006088236063362505 -0.00077883707486644399 7.8456535843085177e-05 -3.4075970040468132e-05 0.00092330334044208218 0.00017627066951120127 -0.00015422491278142258
leaf_weight=25 81 782 113 20 183 194
leaf_count=25 81 782 113 20 183 194
internal_value=-3.99194e-13 -3.03445e-05 -0.000345033 0.000155715 0.00024987 3.22063e-05
internal_weight=1398 1170 194 228 203 976
internal_count=1398 1170 194 228 203 976
is_linear=0
shrinkage=0.0515128


Tree=46
num_leaves=7
num_cat=0
split_feature=9 0 9 17 6 29
split_gain=0.00258178 0.00486693 0.00355046 0.00670533 0.00454449 0.00168286
threshold=-1.8216617800017743 0.87837969732492682 -1.2100167875768932 0.0042321915005753752 0.033056396907859005 18.879178880431855
decision_type=2 2 2 2 2 2
left_child=1 5 3 -2 -4 -1
right_child=2 -3 4 -5 -6 -7
leaf_value=0.00029733034448617591 -0.00048903407625075349 0.00095836232200593357 6.1244915436236335e-05 -1.1386450474721462e-05 -0.00048084225659024763 -0.00026463440143100587
leaf_weight=31 110 21 899 268 43 26
leaf_count=31 110 21 899 268 43 26
internal_value=-1.19472e-13 0.000287979 -1.70169e-05 -0.000150384 3.65e-05 4.09955e-05
internal_weight=1398 78 1320 378 942 57
internal_count=1398 78 1320 378 942 57
is_linear=0
shrinkage=0.0515128


Tree=47
num_leaves=5
num_cat=0
split_feature=17 22 6 9
split_gain=0.00254934 0.00319983 0.00621064 0.0038529
threshold=0.013415313948315773 46584.501500000006 -0.040683197329360592 -1.3797610821065209
decision_type=2 2 2 2
left_child=1 3 -3 -1
right_child=-2 2 -4 -5
leaf_value=-0.00066677842952502756 0.00057741151116415897 0.00039971798405404675 -1.4903390037299239e-05 -8.4020636755764529e-05
leaf_weight=39 20 105 1102 132
leaf_count=39 20 105 1102 132
internal_value=-5.39218e-14 -8.38043e-06 2.11656e-05 -0.00021693
internal_weight=1398 1378 1207 171
internal_count=1398 1378 1207 171
is_linear=0
shrinkage=0.0515128


Tree=48
num_leaves=8
num_cat=0
split_feature=29 3 33 19 26 26 12
split_gain=0.00244658 0.00373905 0.00380078 0.00332259 0.00245144 0.00409715 0.000753699
threshold=16.081921122369447 0.0014868181668973304 0.0006967978656817719 0.01809223507561453 57106.839000000007 51981.143000000004 24.398643080947988
decision_type=2 2 2 2 2 2 2
left_child=4 2 -2 -3 5 -1 -6
right_child=1 3 -4 -5 6 -7 -8
leaf_value=-2.9785986311871999e-05 0.0001329943972226928 -0.00041190625155882344 -0.00042543956169520495 -2.553512215758789e-05 -5.1512666980924373e-05 -0.00058684623216891303 0.00027388256669774285
leaf_weight=76 663 69 34 410 51 65 30
leaf_count=76 663 69 34 410 51 65 30
internal_value=-1.76637e-13 2.96083e-05 0.000105754 -8.11919e-05 -0.000156844 -0.000286587 6.90041e-05
internal_weight=1398 1176 697 479 222 141 81
internal_count=1398 1176 697 479 222 141 81
is_linear=0
shrinkage=0.0515128


Tree=49
num_leaves=7
num_cat=0
split_feature=18 20 25 3 31 6
split_gain=0.00246195 0.00642075 0.0048337 0.00422318 0.00358 0.00534226
threshold=-0.00090490312674405902 -3.075999999999999e-05 0.60399685259144564 0.0014868181668973304 -0.020763804028818774 -0.016439934909495909
decision_type=2 2 2 2 2 2
left_child=4 2 -2 -3 -1 -6
right_child=1 3 -4 -5 5 -7
leaf_value=0.00050573115549867431 0.00076250496735884863 9.7159779766625817e-05 -7.1533438246385627e-05 -0.00012140951427324326 -0.00040939881102640445 9.1537716598210961e-06
leaf_weight=23 54 543 28 413 135 202
leaf_count=23 54 543 28 413 135 202
internal_value=1.39349e-12 4.02582e-05 0.000477711 2.73602e-06 -0.000116078 -0.000158516
internal_weight=1398 1038 82 956 360 337
internal_count=1398 1038 82 956 360 337
is_linear=0
shrinkage=0.0515128


Tree=50
num_leaves=6
num_cat=0
split_feature=19 3 30 26 9
split_gain=0.00237399 0.00294382 0.00439487 0.00393181 0.00261122
threshold=0.062111245152293791 0.0033671977881970521 -0.00029659640283882636 50487.744500000008 -0.74611318162334161
decision_type=2 2 2 2 2
left_child=1 2 -1 -3 -2
right_child=4 3 -4 -5 -6
leaf_value=-9.3202654044551909e-05 0.00080733420625376184 -0.00051890946308243808 0.00010639141338400718 -1.4777495476179959e-05 -2.5074716474556669e-05
leaf_weight=528 20 67 657 106 20
leaf_count=528 20 67 657 106 20
internal_value=-1.06842e-12 -1.15208e-05 1.74584e-05 -0.000210019 0.00039113
internal_weight=1398 1358 1185 173 40
internal_count=1398 1358 1185 173 40
is_linear=0
shrinkage=0.0515128


Tree=51
num_leaves=5
num_cat=0
split_feature=17 24 8 30
split_gain=0.00227187 0.00268497 0.00464502 0.00400709
threshold=0.013415313948315773 46263.715000000004 23.500000000000004 -0.0016157608827714845
decision_type=2 2 2 2
left_child=1 3 -3 -1
right_child=-2 2 -4 -5
leaf_value=-0.0007261550779851211 0.00054508394854272649 0.000171602582605516 -4.7804832564660726e-05 -7.3807498588377514e-05
leaf_weight=32 20 363 869 114
leaf_count=32 20 363 869 114
internal_value=-2.69408e-13 -7.91123e-06 1.6842e-05 -0.000216788
internal_weight=1398 1378 1232 146
internal_count=1398 1378 1232 146
is_linear=0
shrinkage=0.0515128


Tree=52
num_leaves=8
num_cat=0
split_feature=22 7 7 3 11 26 0
split_gain=0.00234274 0.00359268 0.0122011 0.00530169 0.00205698 0.00238828 0.00127169
threshold=67548.582499995013 27.500000000000004 28.500000000000004 0.0033671977881970521 -0.006006040715116511 69741.799000000014 -1.0000000180025095e-35
decision_type=2 2 2 2 2 2 2
left_child=1 3 -3 -1 6 -6 -2
right_child=4 2 -4 -5 5 -7 -8
leaf_value=0.00013641855333729538 0.00011369112778425066 -0.00090743087398254788 -4.420115290162984e-05 -0.00023345833572814673 0.00023654376624110705 -0.00042599538062882769 0.00060350088682316512
leaf_weight=523 22 47 575 128 42 22 39
leaf_count=523 22 47 575 128 42 22 39
internal_value=1.16755e-12 -2.08961e-05 -0.000109429 6.36931e-05 0.000212805 8.79593e-06 0.000426848
internal_weight=1398 1273 622 651 125 64 61
internal_count=1398 1273 622 651 125 64 61
is_linear=0
shrinkage=0.0515128


Tree=53
num_leaves=7
num_cat=0
split_feature=21 17 9 6 5 19
split_gain=0.00220118 0.00883654 0.00576531 0.00511139 0.00311101 0.00269055
threshold=0.0053650393596624268 0.0034027333727828504 -1.1508273291463811 -0.021602079119789116 22.500000000000004 0.017008395024270571
decision_type=2 2 2 2 2 2
left_child=3 2 -2 -1 -5 -3
right_child=1 5 -4 4 -6 -7
leaf_value=-0.00054859213106885302 -0.000900165760567393 -0.00020601413631776483 -0.00016578278045797636 0.00084201625679049827 0.00016535164305044804 4.9499385359567371e-05
leaf_weight=25 46 124 74 20 183 926
leaf_count=25 46 124 74 20 183 926
internal_value=-1.88207e-13 -2.85341e-05 -0.000447296 0.000146425 0.000232018 1.93245e-05
internal_weight=1398 1170 120 228 203 1050
internal_count=1398 1170 120 228 203 1050
is_linear=0
shrinkage=0.0515128


Tree=54
num_leaves=8
num_cat=0
split_feature=22 9 7 0 0 5 32
split_gain=0.00212726 0.00437287 0.0057278 0.00413603 0.00371282 0.00345867 0.00315794
threshold=60154.395000000011 -1.6419159788751581 27.500000000000004 0.6078576107927941 -1.0000000180025095e-35 66.500000000000014 0.0037272834621433497
decision_type=2 2 2 2 2 2 2
left_child=1 3 -3 -1 5 -2 -6
right_child=4 2 -4 -5 6 -7 -8
leaf_value=-2.1901112507966945e-05 -0.00033079846299041758 4.2699528265761456e-05 -0.00020114801840587194 0.00061340223913182305 0.00059122273025800269 0.00029486385730869558 0.00010191391683707972
leaf_weight=57 64 597 447 52 60 37 84
leaf_count=57 64 597 447 52 60 37 84
internal_value=7.7823e-13 -2.92914e-05 -6.17065e-05 0.000281179 0.000137849 -0.000101595 0.000305793
internal_weight=1398 1153 1044 109 245 101 144
internal_count=1398 1153 1044 109 245 101 144
is_linear=0
shrinkage=0.0515128


Tree=55
num_leaves=5
num_cat=0
split_feature=11 11 6 22
split_gain=0.00207475 0.0028751 0.00412712 0.00384793
threshold=-0.10610351575672848 -0.075077336326468999 -0.035655651975473816 46584.501500000006
decision_type=2 2 2 2
left_child=-1 3 -3 -2
right_child=1 2 -4 -5
leaf_value=0.00047482375853102172 -0.00070565848638065565 0.0003127017554868787 -1.9690741410426636e-05 0.0001311008725813659
leaf_weight=24 35 108 1206 25
leaf_count=24 35 108 1206 25
internal_value=3.20146e-13 -8.29386e-06 7.62919e-06 -0.000357009
internal_weight=1398 1374 1314 60
internal_count=1398 1374 1314 60
is_linear=0
shrinkage=0.0515128


Tree=56
num_leaves=6
num_cat=0
split_feature=22 18 22 34 23
split_gain=0.00208874 0.00405096 0.00387741 0.00326262 0.0030085
threshold=44657.588500000005 -1.1437972179141e-05 45974.719500000014 0.95438612491330843 1.2420000000000001e-05
decision_type=2 2 2 2 2
left_child=1 -1 3 -2 -4
right_child=2 -3 4 -5 -6
leaf_value=0.00084013646820821266 -0.00058594184549918291 -0.0001728241136384655 0.00013118990195642649 2.1159488096486008e-05 -4.0628477191133306e-05
leaf_weight=22 55 20 393 41 867
leaf_count=22 55 20 393 41 867
internal_value=-5.13966e-13 0.000357774 -1.10815e-05 -0.000326659 1.29625e-05
internal_weight=1398 42 1356 96 1260
internal_count=1398 42 1356 96 1260
is_linear=0
shrinkage=0.0515128


Tree=57
num_leaves=7
num_cat=0
split_feature=15 22 21 6 26 2
split_gain=0.00208232 0.00255462 0.00299312 0.00203501 0.00100596 0.000538184
threshold=0.39619350937824549 67548.582499995013 0.0066738914831189428 -0.0019021234052505884 63260.379500000003 0.68301270189221941
decision_type=2 2 2 2 2 2
left_child=4 2 -2 -3 5 -1
right_child=1 3 -4 -5 -6 -7
leaf_value=0.00016695060846841773 -0.00016463687976457314 0.00045906947078000384 1.3518601370946454e-05 1.4095515029652267e-05 -0.00014785656352597697 0.00039798915548319757
leaf_weight=77 368 50 782 60 20 41
leaf_count=77 368 50 782 60 20 41
internal_value=-6.01887e-14 -2.0806e-05 -4.34912e-05 0.000216356 0.000189968 0.000247227
internal_weight=1398 1260 1150 110 138 118
internal_count=1398 1260 1150 110 138 118
is_linear=0
shrinkage=0.0515128


Tree=58
num_leaves=8
num_cat=0
split_feature=18 20 19 3 1 19 6
split_gain=0.00208646 0.00545104 0.00466594 0.00375211 0.00312884 0.00402162 0.00319567
threshold=-0.00090490312674405902 -3.075999999999999e-05 0.032685176213591571 0.0014868181668973304 -0.22252093395631442 0.049198221806363018 0.026754922464361511
decision_type=2 2 2 2 2 2 2
left_child=4 2 -2 -3 6 -6 -1
right_child=1 3 -4 -5 5 -7 -8
leaf_value=0.00018097698573349427 0.00079247748216729468 9.1490395283938821e-05 1.1597127021249522e-05 -0.00011452861873784432 -0.00032780612724481114 0.00030743710107685568 -0.00045744556087375815
leaf_weight=124 45 543 37 413 180 31 25
leaf_count=124 45 543 37 413 180 31 25
internal_value=-4.56442e-14 3.70612e-05 0.000440129 2.48846e-06 -0.00010686 -0.000234477 7.38591e-05
internal_weight=1398 1038 82 956 360 211 149
internal_count=1398 1038 82 956 360 211 149
is_linear=0
shrinkage=0.0515128


Tree=59
num_leaves=8
num_cat=0
split_feature=30 3 13 6 19 27 23
split_gain=0.0020142 0.0058988 0.00387374 0.00637074 0.00365172 0.003339 0.00317083
threshold=-0.00029659640283882636 0.00089692975752830872 0.0047226837388207451 -0.016439934909495909 0.01809223507561453 14.724217655699467 1.6140000000000001e-05
decision_type=2 2 2 2 2 2 2
left_child=2 6 3 -1 -3 -4 -2
right_child=1 4 5 -5 -6 -7 -8
leaf_value=-0.00065056474095737777 0.00047469220271493899 -0.00032994000277104005 0.0003346854374665397 -6.8733781775580342e-05 9.8553949164255395e-06 -5.514002641369193e-05 0.00012020673638163709
leaf_weight=68 92 106 80 188 403 215 246
leaf_count=68 92 106 80 188 403 215 246
internal_value=-2.74167e-13 4.98709e-05 -7.66617e-05 -0.000223283 -6.09075e-05 5.05754e-05 0.000216694
internal_weight=1398 847 551 256 509 295 338
internal_count=1398 847 551 256 509 295 338
is_linear=0
shrinkage=0.0515128


Tree=60
num_leaves=7
num_cat=0
split_feature=21 17 27 6 5 19
split_gain=0.0020458 0.00742988 0.00840089 0.00438165 0.00265904 0.00237107
threshold=0.0053650393596624268 0.0034027333727828504 14.326882537335596 -0.021602079119789116 22.500000000000004 0.017008395024270571
decision_type=2 2 2 2 2 2
left_child=3 2 -2 -1 -5 -3
right_child=1 5 -4 4 -6 -7
leaf_value=-0.00050233169461201034 -0.0010326477935322799 -0.00019516201401162985 -0.00011242327023036992 0.00078435983227721719 0.00015877649630919837 4.4702629149320572e-05
leaf_weight=25 39 124 81 20 183 926
leaf_count=25 39 124 81 20 183 926
internal_value=-6.27155e-13 -2.75086e-05 -0.000411496 0.000141162 0.00022041 1.63758e-05
internal_weight=1398 1170 120 228 203 1050
internal_count=1398 1170 120 228 203 1050
is_linear=0
shrinkage=0.0515128


Tree=61
num_leaves=8
num_cat=0
split_feature=26 9 24 0 0 5 3
split_gain=0.00190012 0.00327366 0.00451017 0.0038736 0.00318347 0.00326911 0.00278012
threshold=60128.767500000009 -1.6419159788751581 52824.580500000004 0.6078576107927941 -1.0000000180025095e-35 66.500000000000014 0.0018499100008273486
decision_type=2 2 2 2 2 2 2
left_child=1 3 -3 -1 5 -2 -6
right_child=4 2 -4 -5 6 -7 -8
leaf_value=-4.7020019751289458e-05 -0.00031096614370932735 1.555094567469496e-05 -0.00021632969719899054 0.00056280712211093542 0.00053705752134358394 0.00030263854919421434 7.6775512229641091e-05
leaf_weight=59 64 726 321 52 65 36 75
leaf_count=59 64 726 321 52 65 36 75
internal_value=-1.2765e-13 -2.73403e-05 -5.55414e-05 0.000238665 0.000131917 -9.00685e-05 0.000290478
internal_weight=1398 1158 1047 111 240 100 140
internal_count=1398 1158 1047 111 240 100 140
is_linear=0
shrinkage=0.0515128


end of trees

feature_importances:
Column_17=34
Column_9=26
Column_6=25
Column_26=21
Column_23=19
Column_27=18
Column_3=17
Column_19=17
Column_22=17
Column_0=15
Column_11=11
Column_16=10
Column_18=10
Column_30=10
Column_21=9
Column_14=8
Column_10=7
Column_29=7
Column_5=6
Column_12=6
Column_24=6
Column_7=5
Column_20=5
Column_34=4
Column_8=3
Column_31=3
Column_2=2
Column_13=2
Column_15=2
Column_25=2
Column_32=2
Column_33=2
Column_1=1
Column_28=1

parameters:
[boosting: gbdt]
[objective: regression]
[metric: l2]
[tree_learner: serial]
[device_type: cpu]
[data_sample_strategy: bagging]
[data: ]
[valid: ]
[num_iterations: 62]
[learning_rate: 0.0515128]
[num_leaves: 31]
[num_threads: 8]
[seed: 0]
[deterministic: 0]
[force_col_wise: 0]
[force_row_wise: 0]
[histogram_pool_size: -1]
[max_depth: 3]
[min_data_in_leaf: 20]
[min_sum_hessian_in_leaf: 0.001]
[bagging_fraction: 0.763539]
[pos_bagging_fraction: 1]
[neg_bagging_fraction: 1]
[bagging_freq: 0]
[bagging_seed: 3]
[bagging_by_query: 0]
[feature_fraction: 0.862958]
[feature_fraction_bynode: 1]
[feature_fraction_seed: 2]
[extra_trees: 0]
[extra_seed: 6]
[early_stopping_round: 0]
[early_stopping_min_delta: 0]
[first_metric_only: 0]
[max_delta_step: 0]
[lambda_l1: 0]
[lambda_l2: 0]
[linear_lambda: 0]
[min_gain_to_split: 0]
[drop_rate: 0.1]
[max_drop: 50]
[skip_drop: 0.5]
[xgboost_dart_mode: 0]
[uniform_drop: 0]
[drop_seed: 4]
[top_rate: 0.2]
[other_rate: 0.1]
[min_data_per_group: 100]
[max_cat_threshold: 32]
[cat_l2: 10]
[cat_smooth: 10]
[max_cat_to_onehot: 4]
[top_k: 20]
[monotone_constraints: ]
[monotone_constraints_method: basic]
[monotone_penalty: 0]
[feature_contri: ]
[forcedsplits_filename: ]
[refit_decay_rate: 0.9]
[cegb_tradeoff: 1]
[cegb_penalty_split: 0]
[cegb_penalty_feature_lazy: ]
[cegb_penalty_feature_coupled: ]
[path_smooth: 0]
[interaction_constraints: ]
[verbosity: 1]
[saved_feature_importance_type: 0]
[use_quantized_grad: 0]
[num_grad_quant_bins: 4]
[quant_train_renew_leaf: 0]
[stochastic_rounding: 1]
[linear_tree: 0]
[max_bin: 255]
[max_bin_by_feature: ]
[min_data_in_bin: 3]
[bin_construct_sample_cnt: 200000]
[data_random_seed: 1]
[is_enable_sparse: 1]
[enable_bundle: 1]
[use_missing: 1]
[zero_as_missing: 0]
[feature_pre_filter: 1]
[pre_partition: 0]
[two_round: 0]
[header: 0]
[label_column: ]
[weight_column: ]
[group_column: ]
[ignore_column: ]
[categorical_feature: ]
[forcedbins_filename: ]
[precise_float_parser: 0]
[parser_config_file: ]
[objective_seed: 5]
[num_class: 1]
[is_unbalance: 0]
[scale_pos_weight: 1]
[sigmoid: 1]
[boost_from_average: 1]
[reg_sqrt: 0]
[alpha: 0.9]
[fair_c: 1]
[poisson_max_delta_step: 0.7]
[tweedie_variance_power: 1.5]
[lambdarank_truncation_level: 30]
[lambdarank_norm: 1]
[label_gain: ]
[lambdarank_position_bias_regularization: 0]
[eval_at: ]
[multi_error_top_k: 1]
[auc_mu_weights: ]
[num_machines: 1]
[local_listen_port: 12400]
[time_out: 120]
[machine_list_filename: ]
[machines: ]
[gpu_platform_id: -1]
[gpu_device_id: -1]
[gpu_use_dp: 0]
[num_gpu: 1]

end of parameters

pandas_categorical:null
