tree
version=v4
num_class=1
num_tree_per_iteration=1
label_index=0
max_feature_idx=34
objective=regression
feature_names=Column_0 Column_1 Column_2 Column_3 Column_4 Column_5 Column_6 Column_7 Column_8 Column_9 Column_10 Column_11 Column_12 Column_13 Column_14 Column_15 Column_16 Column_17 Column_18 Column_19 Column_20 Column_21 Column_22 Column_23 Column_24 Column_25 Column_26 Column_27 Column_28 Column_29 Column_30 Column_31 Column_32 Column_33 Column_34
feature_infos=[-0.90096886790241903:1] [-0.97492791218182362:0.97492791218182362] [-0.8660254037844386:0.86602540378443871] [-0.12398024791920648:0.19453242365964352] [8.347025032518804:19.995860230894149] [-1:1] [31.851242794020536:68.124967725893043] [-0.045962713298776214:0.072176085243657262] [-0.00015645000000000001:0.00108552] [0.0097135928242520903:0.1562059037311406] [0.0032950429940966524:0.025740744943954195] [0.073953792186094852:3.6876526957530951] [-0.015200414913008387:0.022852226528235597] [5:90] [-2.2052965127237427:0.44307383749544976] [0.0050239220777950752:0.031081631262603767] [43364.998:73168.856] [5:90] [8.7942615999635976:41.300163162797048] [10.075915654059802:40.086639426280442] [43364.998:73168.856] [-0.1350978979584555:0.20683083627883381] [-2.5091060162556142:2.7931320865287672] [43364.998:74899.444000000003] [-0.05842972267588975:0.086315422573764122] [-0.087562304001262192:0.13185623423012127] [-0.00015645000000000001:0.00064806] [-0.0073730409333598408:0.0079903369644884342] [-29096.565876999994:31769.800523000013] [-0.00015645000000000001:0.00108552] [5:90] [-29096.565876999994:31769.800523000013] [-29096.565876999994:30448.624769000013] [26.701167927923663:76.066928291346386] [-0.0073730409333598408:0.0069882624683089579]
tree_sizes=770 872 883 789 618 619 881 801 876 895 796 625 620 884 618 799 877 800 614 805 882 623 884 611 795 797 610 897 882 623 610 619 612 889 612 623 626 625 703 890 892 895 626 613 806 891 535 614 529 706 794 629 806 627 539 529 807 891 888 895 529 894 530 885 610 631 805 796

Tree=0
num_leaves=7
num_cat=0
split_feature=12 20 34 9 28 19
split_gain=0.0300605 0.0219145 0.0242803 0.0208028 0.0206251 0.0113816
threshold=0.0055843691561424666 53178.356000000007 -0.0024685516841886474 0.10198452210072002 -8170.3341049999899 28.539070422493129
decision_type=2 2 2 2 2 2
left_child=1 2 -1 5 -3 -2
right_child=3 4 -4 -5 -6 -7
leaf_value=0.0014032970975900413 0.003613905356040282 0.0034007471528982743 0.0024688165048319883 0.0017880954922701209 0.0026593826478801038 0.0026821477828549195
leaf_weight=54 132 99 443 20 575 38
leaf_count=54 132 99 443 20 575 38
internal_value=0.00268185 0.00259204 0.00235305 0.00323536 0.00276828 0.00340563
internal_weight=1361 1171 497 190 674 170
internal_count=1361 1171 497 190 674 170
is_linear=0
shrinkage=1


Tree=1
num_leaves=8
num_cat=0
split_feature=12 23 4 32 4 33 0
split_gain=0.027276 0.0199469 0.0232104 0.0225014 0.0193475 0.0122865 0.0101187
threshold=0.0055843691561424666 52766.470000000008 15.462261232181392 14708.727256500015 17.581943269299959 60.2343102669738 -0.56174490092936669
decision_type=2 2 2 2 2 2 2
left_child=1 2 -1 -3 6 -6 -2
right_child=4 3 -4 -5 5 -7 -8
leaf_value=6.5114365401776396e-05 0.00039057507779064805 0.00014485586326330028 -0.00060412319507164593 -0.001000948081535496 -0.00067858873597608654 0.00049157180448041273 0.0013251458501238398
leaf_weight=202 44 652 276 41 36 46 64
leaf_count=202 44 652 276 41 36 46 64
internal_value=-1.6034e-12 -8.55489e-05 -0.000321307 7.70666e-05 0.000527251 -2.21572e-05 0.000944395
internal_weight=1361 1171 478 693 190 82 108
internal_count=1361 1171 478 693 190 82 108
is_linear=0
shrinkage=0.0474411


Tree=2
num_leaves=8
num_cat=0
split_feature=20 32 12 28 9 9 27
split_gain=0.025125 0.0271033 0.0193195 0.0211733 0.0184558 0.0157412 0.0120897
threshold=52800.295500000007 -6216.4797434999864 0.0057800437447269601 14732.118514000011 0.066961577916975323 0.059230882766103395 -0.0012710024645044905
decision_type=2 2 2 2 2 2 2
left_child=1 5 3 -2 -4 -1 -3
right_child=2 6 4 -5 -6 -7 -8
leaf_value=-0.00048509962183106945 0.00014732169040738811 -0.00050781422667314346 0.0011590166221027199 -0.00093956317813874792 -0.00024770994206767889 -0.0020519389462219668 1.2286839293975402e-05
leaf_weight=31 652 139 76 43 29 27 364
leaf_count=31 652 139 76 43 29 27 364
internal_value=-5.42529e-12 -0.000243412 0.000170693 8.00756e-05 0.000770492 -0.00121449 -0.000131439
internal_weight=1361 561 800 695 105 58 503
internal_count=1361 561 800 695 105 58 503
is_linear=0
shrinkage=0.0474411


Tree=3
num_leaves=7
num_cat=0
split_feature=12 9 23 4 16 14
split_gain=0.0229715 0.0176162 0.0202087 0.0171342 0.0108423 0.00976632
threshold=0.0055843691561424666 0.015832872067366853 52766.470000000008 17.581943269299959 54023.139500000005 -1.2485401441095163
decision_type=2 2 2 2 2 2
left_child=1 -1 -3 5 -5 -2
right_child=3 2 -4 4 -6 -7
leaf_value=0.00095467947329223347 0.0015419781871856299 -0.00035735442644046394 5.1569169917876631e-05 -0.00057868337585310252 0.0005123524057917949 0.00057062575917552296
leaf_weight=36 34 452 683 41 41 74
leaf_count=36 34 452 683 41 41 74
internal_value=-1.38712e-12 -7.8509e-05 -0.00011128 0.000483863 -3.31655e-05 0.000876422
internal_weight=1361 1171 1135 190 82 108
internal_count=1361 1171 1135 190 82 108
is_linear=0
shrinkage=0.0474411


Tree=4
num_leaves=5
num_cat=0
split_feature=15 12 30 19
split_gain=0.0215246 0.0271968 0.0141828 0.0126798
threshold=0.024012631215128134 0.0055843691561424666 24.500000000000004 29.005875212011741
decision_type=2 2 2 2
left_child=1 2 -1 -3
right_child=-2 3 -4 -5
leaf_value=-0.00037330839855052655 -0.0015448730246688689 0.00075540478722497682 2.6740468241150692e-05 -0.00024933529165515407
leaf_weight=256 20 147 903 35
leaf_count=256 20 147 903 35
internal_value=5.97787e-13 2.30406e-05 -6.16224e-05 0.000562186
internal_weight=1361 1341 1159 182
internal_count=1361 1341 1159 182
is_linear=0
shrinkage=0.0474411


Tree=5
num_leaves=5
num_cat=0
split_feature=15 12 9 19
split_gain=0.0195307 0.0246775 0.0154981 0.0115052
threshold=0.024012631215128134 0.0055843691561424666 0.015832872067366853 29.005875212011741
decision_type=2 2 2 2
left_child=1 2 -1 -3
right_child=-2 3 -4 -5
leaf_value=0.00091022856674646021 -0.0014715825069491096 0.00071956754181862204 -8.9759813428385879e-05 -0.00023750654921081096
leaf_weight=36 20 147 1123 35
leaf_count=36 20 147 1123 35
internal_value=5.29667e-12 2.19475e-05 -5.86989e-05 0.000535515
internal_weight=1361 1341 1159 182
internal_count=1361 1341 1159 182
is_linear=0
shrinkage=0.0474411


Tree=6
num_leaves=8
num_cat=0
split_feature=23 34 14 28 10 13 8
split_gain=0.0193803 0.0209093 0.0255502 0.016622 0.0156731 0.0138779 0.00160126
threshold=52766.470000000008 -0.0015932378022120342 -0.77211620941349246 -13506.696759499982 0.005048269144529007 82.000000000000014 5.2275000000000003e-05
decision_type=2 2 2 2 2 2 2
left_child=1 2 -1 6 -3 -5 -2
right_child=3 4 -4 5 -6 -7 -8
leaf_value=-0.00037206726881704026 0.00073083134878503713 0.00080497025293100656 -0.0019291002511146948 5.1959643118451527e-05 -0.00015114581101383908 0.00101898634298405 0.0013055978943038934
leaf_weight=101 20 43 31 731 376 35 24
leaf_count=101 20 43 31 731 376 35 24
internal_value=-6.19928e-12 -0.000217056 -0.000737734 0.000147652 -5.30241e-05 9.61449e-05 0.00104434
internal_weight=1361 551 132 810 419 766 44
internal_count=1361 551 132 810 419 766 44
is_linear=0
shrinkage=0.0474411


Tree=7
num_leaves=7
num_cat=0
split_feature=27 11 17 10 13 10
split_gain=0.0182041 0.0233274 0.0145504 0.0124498 0.0121835 0.0105631
threshold=-0.00012721149598135051 0.56280689889744206 9.5000000000000018 0.0088802282314303631 75.500000000000014 0.0059042516028001918
decision_type=2 2 2 2 2 2
left_child=1 3 -2 -1 -3 -4
right_child=2 4 5 -5 -6 -7
leaf_value=-0.00032028131556016606 -0.00093677827971949852 -8.2673465683812488e-05 0.00059537478688398112 -0.0011227162268842561 0.00074708045217339932 0.00011776486360679853
leaf_weight=110 26 420 128 72 44 561
leaf_count=110 26 420 128 72 44 561
internal_value=-2.06245e-12 -0.000182535 0.00016492 -0.000637728 -3.9899e-06 0.000206494
internal_weight=1361 646 715 182 464 689
internal_count=1361 646 715 182 464 689
is_linear=0
shrinkage=0.0474411


Tree=8
num_leaves=8
num_cat=0
split_feature=20 34 28 18 10 8 32
split_gain=0.017215 0.0215516 0.01706 0.0161082 0.0122212 0.010236 0.00313771
threshold=52800.295500000007 -0.0024685516841886474 -8170.3341049999899 13.425876951096551 0.005048269144529007 6.9850000000000009e-06 -12956.243598499985
decision_type=2 2 2 2 2 2 2
left_child=1 5 6 -4 -3 -1 -2
right_child=2 4 3 -5 -6 -7 -8
leaf_value=-0.00037404995580382074 0.0011015678019236266 0.00060475102837379913 0.0010027987890741693 -2.0616859697575968e-06 -0.0001833710786196355 -0.0017142141221607296 0.00053360527684921221
leaf_weight=23 30 49 38 651 460 29 81
leaf_count=23 30 49 38 651 460 29 81
internal_value=2.64521e-12 -0.000201485 0.000141292 5.33588e-05 -0.000107501 -0.00112145 0.000687109
internal_weight=1361 561 800 689 509 52 111
internal_count=1361 561 800 689 509 52 111
is_linear=0
shrinkage=0.0474411


Tree=9
num_leaves=8
num_cat=0
split_feature=27 11 19 10 14 25 23
split_gain=0.016018 0.0210121 0.0132217 0.0118584 0.0117526 0.0106425 0.00983418
threshold=-0.00012721149598135051 0.56280689889744206 18.669555753106064 0.0070268416853574512 -0.75248272513896797 -0.01216333960042054 55315.511500000008
decision_type=2 2 2 2 2 2 2
left_child=1 4 3 -2 -1 -3 -4
right_child=2 5 6 -5 -6 -7 -8
leaf_value=-0.00041066108790706476 0.00010051526539537782 0.00030552362342546071 5.3002529076432728e-05 -0.00080440267568162313 -0.0013579287300690514 -0.00016976004038796416 0.00044381335465403459
leaf_weight=145 80 164 283 55 37 300 297
leaf_count=145 80 164 283 55 37 300 297
internal_value=-1.83958e-12 -0.000171225 0.000154701 -0.000268155 -0.000603237 -1.77185e-06 0.000253125
internal_weight=1361 646 715 135 182 464 580
internal_count=1361 646 715 135 182 464 580
is_linear=0
shrinkage=0.0474411


Tree=10
num_leaves=7
num_cat=0
split_feature=14 27 1 8 20 4
split_gain=0.0154319 0.0163227 0.0138589 0.0113745 0.0111992 0.00496381
threshold=-1.7267047807104499 0.00017850778799071777 -0.60785761079279388 5.6135000000000011e-05 51547.682000000008 12.073688924155908
decision_type=2 2 2 2 2 2
left_child=3 2 -2 -1 -3 -5
right_child=1 4 -4 5 -6 -7
leaf_value=0.0012616246618103286 -0.00051394902313496897 -0.0001516000027736302 -5.4292567714222063e-05 -0.00020547355091810653 0.00028447845640755369 0.0006533249558017207
leaf_weight=35 219 200 453 33 393 28
leaf_count=35 219 200 453 33 393 28
internal_value=-1.23596e-12 -4.40074e-05 -0.000204091 0.000579889 0.000137403 0.000188729
internal_weight=1361 1265 672 96 593 61
internal_count=1361 1265 672 96 593 61
is_linear=0
shrinkage=0.0474411


Tree=11
num_leaves=5
num_cat=0
split_feature=13 27 8 25
split_gain=0.0150055 0.0142461 0.0159846 0.0140816
threshold=82.000000000000014 -0.00084437058764314768 7.3155000000000014e-05 -0.0077093161850411698
decision_type=2 2 2 2
left_child=1 3 -3 -1
right_child=-2 2 -4 -5
leaf_value=4.672826378361966e-05 0.0009294772737109988 0.00025753345557662596 -0.00015116451545874114 -0.00049102803489921895
leaf_weight=201 38 506 375 241
leaf_count=201 38 506 375 241
internal_value=-2.76594e-12 -2.6697e-05 8.35701e-05 -0.000246483
internal_weight=1361 1323 881 442
internal_count=1361 1323 881 442
is_linear=0
shrinkage=0.0474411


Tree=12
num_leaves=5
num_cat=0
split_feature=15 15 10 1
split_gain=0.0151743 0.0137983 0.0199058 0.0186506
threshold=0.024012631215128134 0.01711687223325082 0.013695490680684963 -0.60785761079279388
decision_type=2 2 2 2
left_child=1 2 -1 -3
right_child=-2 3 -4 -5
leaf_value=-1.3714697934415227e-05 -0.0012971165582829052 -0.00073449436771661001 -0.0015233989208594872 0.00062134257692293758
leaf_weight=1146 20 27 20 148
leaf_count=1146 20 27 20 148
internal_value=2.98006e-14 1.93455e-05 -3.96098e-05 0.000412156
internal_weight=1361 1341 1166 175
internal_count=1361 1341 1166 175
is_linear=0
shrinkage=0.0474411


Tree=13
num_leaves=8
num_cat=0
split_feature=14 27 28 20 25 18 10
split_gain=0.0138786 0.0137455 0.0121689 0.01032 0.00914395 0.00476754 0.00136911
threshold=-1.7267047807104499 0.00017850778799071777 15446.825619000012 51547.682000000008 0.00077847472590786293 18.157791168626023 0.0091952875819627643
decision_type=2 2 2 2 2 2 2
left_child=4 2 -2 -3 6 -6 -1
right_child=1 3 -4 -5 5 -7 -8
leaf_value=0.00027964744235211625 -0.00015327969684646384 -0.00015268640795886376 -0.0013413051470774842 0.00026592446535319219 0.0015285216734590439 0.00061497655146642714 -0.00027545536789641914
leaf_weight=20 652 200 20 393 20 36 20
leaf_count=20 652 200 20 393 20 36 20
internal_value=-8.68719e-13 -4.17339e-05 -0.000188638 0.00012474 0.000549932 0.000941243 2.09604e-06
internal_weight=1361 1265 672 593 96 56 40
internal_count=1361 1265 672 593 96 56 40
is_linear=0
shrinkage=0.0474411


Tree=14
num_leaves=5
num_cat=0
split_feature=15 15 20 1
split_gain=0.0136073 0.0125409 0.0178107 0.0166992
threshold=0.024012631215128134 0.01711687223325082 47285.446000000004 -0.60785761079279388
decision_type=2 2 2 2
left_child=1 2 -1 -3
right_child=-2 3 -4 -5
leaf_value=-0.00082029508336954496 -0.0012283194096159552 -0.00069220195583737424 6.0542603561411161e-06 0.00059074482014637609
leaf_weight=62 20 27 1104 148
leaf_count=62 20 27 1104 148
internal_value=4.74654e-13 1.83195e-05 -3.78854e-05 0.000392804
internal_weight=1361 1341 1166 175
internal_count=1361 1341 1166 175
is_linear=0
shrinkage=0.0474411


Tree=15
num_leaves=7
num_cat=0
split_feature=12 9 0 27 23 21
split_gain=0.0127388 0.0131433 0.0130141 0.0167418 0.0110789 0.00415844
threshold=0.0055843691561424666 0.015832872067366853 1.0000000180025095e-35 0.0029043313389259698 55762.688000000009 -0.0089541325412628141
decision_type=2 2 2 2 2 2
left_child=1 -1 3 -2 -3 -4
right_child=2 4 5 -5 -6 -7
leaf_value=0.00083396778809596264 0.00053556829304103625 -0.00023538175693202474 0.0015156788537364536 -0.00052554429420444582 6.1057657866860226e-05 0.0006294567812011292
leaf_weight=36 88 566 22 54 569 26
leaf_count=36 88 566 22 54 569 26
internal_value=1.66655e-12 -5.84641e-05 0.000360323 0.000132047 -8.67703e-05 0.00103564
internal_weight=1361 1171 190 142 1135 48
internal_count=1361 1171 190 142 1135 48
is_linear=0
shrinkage=0.0474411


Tree=16
num_leaves=8
num_cat=0
split_feature=1 17 15 13 19 31 25
split_gain=0.0123891 0.0188534 0.0193285 0.0125193 0.0116757 0.00978433 0.00768129
threshold=0.6078576107927941 25.500000000000004 0.01723169919674368 75.500000000000014 24.061978106986846 7900.6942075000052 0.029798888344492628
decision_type=2 2 2 2 2 2 2
left_child=4 2 -2 -3 5 -1 -6
right_child=1 3 -4 -5 6 -7 -8
leaf_value=-0.00010979799848731337 -0.00075443070418317276 0.0003085329256951724 0.00083651734393770855 0.0012479275606152838 0.0003535543842655751 -0.0006150738913043573 -0.00031072935328165354
leaf_weight=670 68 233 23 37 181 99 50
leaf_count=670 68 233 23 37 181 99 50
internal_value=3.02587e-12 0.000238227 -0.000352323 0.000437265 -8.60001e-05 -0.000174847 0.00020977
internal_weight=1361 361 91 270 1000 769 231
internal_count=1361 361 91 270 1000 769 231
is_linear=0
shrinkage=0.0474411


Tree=17
num_leaves=7
num_cat=0
split_feature=14 12 27 32 8 4
split_gain=0.0121957 0.0121759 0.0116427 0.0108415 0.0096842 0.00377627
threshold=-1.7267047807104499 0.0063137274987068457 0.004120638345816636 7841.5940155000098 5.6135000000000011e-05 12.073688924155908
decision_type=2 2 2 2 2 2
left_child=4 3 -3 -2 -1 -6
right_child=1 2 -4 -5 5 -7
leaf_value=0.0011445583469535795 -3.9284222415775222e-05 0.00064129149095871313 -0.00034110885099717915 -0.00051120220622093864 -0.00018924451859131296 0.00055981308591038887
leaf_weight=35 1003 102 37 123 33 28
leaf_count=35 1003 102 37 123 33 28
internal_value=-1.77954e-12 -3.91219e-05 0.000379789 -9.08348e-05 0.000515513 0.000154585
internal_weight=1361 1265 139 1126 96 61
internal_count=1361 1265 139 1126 96 61
is_linear=0
shrinkage=0.0474411


Tree=18
num_leaves=5
num_cat=0
split_feature=15 15 10 4
split_gain=0.012108 0.010675 0.0172537 0.01313
threshold=0.024012631215128134 0.01711687223325082 0.013695490680684963 17.912220619202149
decision_type=2 2 2 2
left_child=1 2 -1 -3
right_child=-2 3 -4 -5
leaf_value=-1.0466353010428771e-05 -0.0011586741731131071 0.00066717256298195354 -0.0014159876366644807 -0.00019198098514837587
leaf_weight=1146 20 113 20 62
leaf_count=1146 20 113 20 62
internal_value=1.31687e-12 1.72807e-05 -3.45748e-05 0.000362787
internal_weight=1361 1341 1166 175
internal_count=1361 1341 1166 175
is_linear=0
shrinkage=0.0474411


Tree=19
num_leaves=7
num_cat=0
split_feature=34 17 25 14 12 26
split_gain=0.0115539 0.0189978 0.0140691 0.0129554 0.0119609 0.00974752
threshold=-0.0017197992790186801 74.500000000000014 -0.020145620344656553 -1.1227653078581363 0.0072827844469586242 -2.1784999999999999e-05
decision_type=2 2 2 2 2 2
left_child=1 2 -1 4 -2 -5
right_child=3 -3 -4 5 -6 -7
leaf_value=0.00015407762762314415 0.00018595449156037211 0.00097963266345780717 -0.00066401937370530006 0.00049807813442749181 0.0013677294980922153 -0.00016188028042061776
leaf_weight=67 532 24 161 56 20 501
leaf_count=67 532 24 161 56 20 501
internal_value=2.32445e-13 -0.000289971 -0.000423614 6.58907e-05 0.000228772 -9.5529e-05
internal_weight=1361 252 228 1109 552 557
internal_count=1361 252 228 1109 552 557
is_linear=0
shrinkage=0.0474411


Tree=20
num_leaves=8
num_cat=0
split_feature=1 17 12 13 19 28 24
split_gain=0.0108842 0.016672 0.0138249 0.0102915 0.0101849 0.00864543 0.00696067
threshold=0.6078576107927941 25.500000000000004 0.0062149756606777471 75.500000000000014 24.061978106986846 7967.5175815000139 0.011675894382010223
decision_type=2 2 2 2 2 2 2
left_child=4 2 -2 -3 5 -1 -6
right_child=1 3 -4 -5 6 -7 -8
leaf_value=-0.00010640714970106395 -0.00064239492117758778 0.00029374246653786297 0.00076969359287431811 0.0011454615112048948 0.00049634120440013513 -0.00060609226654647383 -2.9896171204817806e-05
leaf_weight=681 71 233 20 37 99 88 132
leaf_count=681 71 233 20 37 99 88 132
internal_value=-5.10034e-13 0.000223291 -0.000332046 0.00041046 -8.06079e-05 -0.000163588 0.000195634
internal_weight=1361 361 91 270 1000 769 231
internal_count=1361 361 91 270 1000 769 231
is_linear=0
shrinkage=0.0474411


Tree=21
num_leaves=5
num_cat=0
split_feature=15 12 14 21
split_gain=0.0107606 0.0132464 0.0114949 0.00845809
threshold=0.024012631215128134 0.0063137274987068457 -1.7267047807104499 -0.032964612367302519
decision_type=2 2 2 2
left_child=1 2 -1 -3
right_child=-2 3 -4 -5
leaf_value=0.00046795109009890558 -0.0010923029096066583 0.0013166982617399622 -7.5695187966314903e-05 0.00029770710424856066
leaf_weight=95 20 22 1114 110
leaf_count=95 20 22 1114 110
internal_value=-5.88972e-13 1.62909e-05 -3.29769e-05 0.000467539
internal_weight=1361 1341 1209 132
internal_count=1361 1341 1209 132
is_linear=0
shrinkage=0.0474411


Tree=22
num_leaves=8
num_cat=0
split_feature=4 30 31 31 12 12 0
split_gain=0.0104638 0.0175503 0.0187358 0.0172519 0.0180498 0.0156638 0.0133773
threshold=16.626479190701954 50.500000000000007 2582.861056500014 6610.7103825000149 0.0047238332808321468 0.0053972120612103556 -0.56174490092936669
decision_type=2 2 2 2 2 2 2
left_child=3 2 -2 4 -1 -5 -3
right_child=1 6 -4 5 -6 -7 -8
leaf_value=0.00014851242506578086 -0.00062240938044620729 -0.00041383698333289374 8.2907112093436202e-05 -0.00070602261835887067 0.0010969797500291914 0.00036050502980406325 0.00039085919143711954
leaf_weight=576 225 64 136 95 49 46 170
leaf_count=576 225 64 136 95 49 46 170
internal_value=-3.88295e-13 -0.000149254 -0.000356695 0.000115935 0.000222872 -0.000358077 0.000170771
internal_weight=1361 595 361 766 625 141 234
internal_count=1361 595 361 766 625 141 234
is_linear=0
shrinkage=0.0474411


Tree=23
num_leaves=5
num_cat=0
split_feature=9 16 17 14
split_gain=0.0100169 0.0117756 0.02484 0.010798
threshold=0.015832872067366853 55435.830000000009 41.000000000000007 -0.58185015312953925
decision_type=2 2 2 2
left_child=-1 3 -3 -2
right_child=1 2 -4 -5
leaf_value=0.00078081716753057291 -0.00011290439401700899 0.00091283835949060787 1.3222247273926808e-05 -0.00086724182943849211
leaf_weight=36 597 78 604 46
leaf_count=36 597 78 604 46
internal_value=3.12232e-14 -2.12147e-05 0.000116111 -0.000166869
internal_weight=1361 1325 682 643
internal_count=1361 1325 682 643
is_linear=0
shrinkage=0.0474411


Tree=24
num_leaves=7
num_cat=0
split_feature=1 13 13 19 16 24
split_gain=0.00948706 0.013728 0.010806 0.00876297 0.00787295 0.00645678
threshold=0.6078576107927941 75.500000000000014 73.500000000000014 24.061978106986846 70570.039500000014 0.012104591451255644
decision_type=2 2 2 2 2 2
left_child=3 2 -2 4 -1 -5
right_child=1 -3 -4 5 -6 -7
leaf_value=-0.00012440145199220791 0.00018355186417375844 0.0010741846396057869 -0.00090549053305449172 0.00045814513348849296 -0.00098031560603797116 -4.5993896027380058e-05
leaf_weight=744 302 37 22 104 25 127
leaf_count=744 302 37 22 104 25 127
internal_value=1.15567e-12 0.000208467 0.000109605 -7.52567e-05 -0.000152227 0.000180978
internal_weight=1361 361 324 1000 769 231
internal_count=1361 361 324 1000 769 231
is_linear=0
shrinkage=0.0474411


Tree=25
num_leaves=7
num_cat=0
split_feature=34 17 22 14 28 26
split_gain=0.0092229 0.015709 0.0110996 0.0108158 0.0112694 0.00875159
threshold=-0.0017197992790186801 74.500000000000014 0.34171734659403658 -1.1227653078581363 1722.0340405000143 -2.1784999999999999e-05
decision_type=2 2 2 2 2 2
left_child=1 2 -1 4 -2 -5
right_child=3 -3 -4 5 -6 -7
leaf_value=-0.00027516961159056554 0.00039294096707746226 0.0008954166004950479 -0.0014198431587995565 0.00047384601066384257 -4.034578288820337e-05 -0.0001514896193514427
leaf_weight=207 316 24 21 56 236 501
leaf_count=207 316 24 21 56 236 501
internal_value=4.51732e-13 -0.000259075 -0.0003806 5.887e-05 0.000207695 -8.86193e-05
internal_weight=1361 252 228 1109 552 557
internal_count=1361 252 228 1109 552 557
is_linear=0
shrinkage=0.0474411


Tree=26
num_leaves=5
num_cat=0
split_feature=9 23 17 4
split_gain=0.00896436 0.0115013 0.0258374 0.0171218
threshold=0.015832872067366853 55762.688000000009 41.000000000000007 15.48606990132132
decision_type=2 2 2 2
left_child=-1 3 -3 -2
right_child=1 2 -4 -5
leaf_value=0.00073865565637101251 0.00014271454897658758 0.0009807811575121689 1.755202328121088e-05 -0.00035449415135456577
leaf_weight=36 255 70 599 401
leaf_count=36 255 70 599 401
internal_value=1.39346e-12 -2.00691e-05 0.000118338 -0.000161219
internal_weight=1361 1325 669 656
internal_count=1361 1325 669 656
is_linear=0
shrinkage=0.0474411


Tree=27
num_leaves=8
num_cat=0
split_feature=27 19 13 26 12 22 22
split_gain=0.00845861 0.0125823 0.0176989 0.00916788 0.00828525 0.00807992 0.00704261
threshold=-0.00084437058764314768 18.643767238734885 74.500000000000014 -1.8034999999999996e-05 0.0063137274987068457 0.34171734659403658 0.70768454443575191
decision_type=2 2 2 2 2 2 2
left_child=1 2 -1 6 -5 -3 -2
right_child=3 5 -4 4 -6 -7 -8
leaf_value=-0.00010151451172123244 0.00082248089866908554 -0.00035645132475694457 0.0011522179030116261 -3.1568521156549712e-05 0.00039116948945950761 -0.0012697601547814661 -4.4111157177167574e-05
leaf_weight=267 62 135 28 688 123 26 32
leaf_count=267 62 135 28 688 123 26 32
internal_value=-2.11324e-12 -0.000166616 1.74838e-05 8.39524e-05 3.25459e-05 -0.000503942 0.000527471
internal_weight=1361 456 295 905 811 161 94
internal_count=1361 456 295 905 811 161 94
is_linear=0
shrinkage=0.0474411


Tree=28
num_leaves=8
num_cat=0
split_feature=1 30 25 4 32 10 23
split_gain=0.00830712 0.0117798 0.00914781 0.00798879 0.00781894 0.0114115 0.0090411
threshold=0.6078576107927941 25.500000000000004 -0.01216333960042054 16.147063675956016 7841.5940155000098 0.0123548621250933 50783.970500000003
decision_type=2 2 2 2 2 2 2
left_child=4 3 -3 -2 6 -6 -1
right_child=1 2 -4 -5 5 -7 -8
leaf_value=-0.00023835578550797238 0.00024767548690906406 0.0008274827702350353 0.00019171935313025065 -0.00065727166567825066 -0.00064890414834051333 0.00029151132403258093 9.1380488049775963e-05
leaf_weight=277 38 68 203 52 106 40 577
leaf_count=277 38 68 203 52 106 40 577
internal_value=8.8532e-13 0.000195073 0.000351247 -0.000275183 -7.04214e-05 -0.000391256 -1.55714e-05
internal_weight=1361 361 271 90 1000 146 854
internal_count=1361 361 271 90 1000 146 854
is_linear=0
shrinkage=0.0474411


Tree=29
num_leaves=5
num_cat=0
split_feature=15 12 19 14
split_gain=0.00835993 0.0103112 0.011639 0.00887591
threshold=0.024012631215128134 0.0063137274987068457 28.612721928811315 -1.7267047807104499
decision_type=2 2 2 2
left_child=1 3 -3 -1
right_child=-2 2 -4 -5
leaf_value=0.00041106969954677632 -0.00096277854593109522 0.00065408065139153731 -0.00040893449091338558 -6.6646537078388123e-05
leaf_weight=95 20 102 30 1114
leaf_count=95 20 102 30 1114
internal_value=-3.85505e-14 1.43591e-05 0.000412486 -2.91089e-05
internal_weight=1361 1341 132 1209
internal_count=1361 1341 132 1209
is_linear=0
shrinkage=0.0474411


Tree=30
num_leaves=5
num_cat=0
split_feature=9 23 17 4
split_gain=0.00805353 0.00931095 0.0226576 0.0149802
threshold=0.015832872067366853 55762.688000000009 41.000000000000007 15.48606990132132
decision_type=2 2 2 2
left_child=-1 3 -3 -2
right_child=1 2 -4 -5
leaf_value=0.00070012514964457419 0.00013826913339866963 0.00091314150151249225 1.112926832680002e-05 -0.0003268066608461827
leaf_weight=36 255 70 599 401
leaf_count=36 255 70 599 401
internal_value=1.74999e-13 -1.90223e-05 0.00010551 -0.000146023
internal_weight=1361 1325 669 656
internal_count=1361 1325 669 656
is_linear=0
shrinkage=0.0474411


Tree=31
num_leaves=5
num_cat=0
split_feature=13 28 27 9
split_gain=0.00773781 0.00786389 0.00823258 0.00492538
threshold=82.000000000000014 17450.787297000013 -0.00084437058764314768 0.05263734503319431
decision_type=2 2 2 2
left_child=1 2 -1 -3
right_child=-2 3 -4 -5
leaf_value=-0.00016508765412595971 0.0006674562945061755 -0.0011904682839416088 8.9027114506435638e-05 -0.00019162805287497721
leaf_weight=435 38 20 843 25
leaf_count=435 38 20 843 25
internal_value=1.28333e-13 -1.91711e-05 2.53265e-06 -0.000635557
internal_weight=1361 1323 1278 45
internal_count=1361 1323 1278 45
is_linear=0
shrinkage=0.0474411


Tree=32
num_leaves=5
num_cat=0
split_feature=9 23 17 4
split_gain=0.00728836 0.00836513 0.0205041 0.0135246
threshold=0.015832872067366853 55762.688000000009 41.000000000000007 15.48606990132132
decision_type=2 2 2 2
left_child=-1 3 -3 -2
right_child=1 2 -4 -5
leaf_value=0.00066603563848954687 0.00013165286581386104 0.00086823479794709334 1.0158221293707646e-05 -0.00031024931082022456
leaf_weight=36 255 70 599 401
leaf_count=36 255 70 599 401
internal_value=3.97117e-13 -1.80961e-05 9.9942e-05 -0.000138473
internal_weight=1361 1325 669 656
internal_count=1361 1325 669 656
is_linear=0
shrinkage=0.0474411


Tree=33
num_leaves=8
num_cat=0
split_feature=1 16 22 19 28 12 11
split_gain=0.00742796 0.0105581 0.00994623 0.00764915 0.0090423 0.00717304 0.00519639
threshold=0.6078576107927941 59871.096000000012 -0.2615185696559354 24.319970772038772 7967.5175815000139 -0.0011341586913071187 1.0970915837792721
decision_type=2 2 2 2 2 2 2
left_child=3 2 -2 4 -1 -3 -5
right_child=1 5 -4 6 -6 -7 -8
leaf_value=-7.671492981894322e-05 -0.00035420883368228543 0.00094183332682115444 0.00026165183479626549 0.00031440816331229475 -0.00057733178493066337 0.00020110707438766238 -0.0002298549353722282
leaf_weight=692 101 56 142 164 92 62 52
leaf_count=692 101 56 142 164 92 62 52
internal_value=-1.84637e-13 0.000184462 5.67682e-06 -6.65908e-05 -0.000135461 0.000552638 0.000183382
internal_weight=1361 361 243 1000 784 118 216
internal_count=1361 361 243 1000 784 118 216
is_linear=0
shrinkage=0.0474411


Tree=34
num_leaves=5
num_cat=0
split_feature=13 31 4 4
split_gain=0.00707562 0.00710093 0.0117353 0.00858331
threshold=82.000000000000014 7900.6942075000052 16.626479190701954 15.950715825232033
decision_type=2 2 2 2
left_child=1 2 -1 -3
right_child=-2 3 -4 -5
leaf_value=0.00016135600552108335 0.0006382579133270926 -0.00062284508936557605 -0.00014417149279680568 3.6070260330054977e-05
leaf_weight=634 38 90 511 88
leaf_count=634 38 90 511 88
internal_value=1.8646e-13 -1.83324e-05 2.50027e-05 -0.000297089
internal_weight=1361 1323 1145 178
internal_count=1361 1323 1145 178
is_linear=0
shrinkage=0.0474411


Tree=35
num_leaves=5
num_cat=0
split_feature=15 15 28 1
split_gain=0.00697203 0.00721992 0.0125655 0.0105623
threshold=0.024012631215128134 0.01711687223325082 -11727.480467999989 -0.60785761079279388
decision_type=2 2 2 2
left_child=1 2 -1 -3
right_child=-2 3 -4 -5
leaf_value=0.00063331241752856882 -0.00087923482530199396 -0.00056565283618452899 -6.6124141737951405e-05 0.00045467866251310419
leaf_weight=61 20 27 1105 148
leaf_count=61 20 27 1105 148
internal_value=-1.33928e-13 1.31131e-05 -2.95327e-05 0.000297256
internal_weight=1361 1341 1166 175
internal_count=1361 1341 1166 175
is_linear=0
shrinkage=0.0474411


Tree=36
num_leaves=5
num_cat=0
split_feature=9 12 24 9
split_gain=0.00663025 0.00712201 0.00916187 0.00863626
threshold=0.015832872067366853 0.0044845444317136449 0.010176338893361671 0.041901584167019841
decision_type=2 2 2 2
left_child=-1 2 -2 -3
right_child=1 3 -4 -5
leaf_value=0.00063525392105212022 -1.5627721682890956e-05 0.00068767143772388605 -0.00041578749342840185 5.146984130907234e-05
leaf_weight=36 910 63 150 202
leaf_count=36 910 63 150 202
internal_value=-7.83819e-13 -1.72597e-05 -7.22541e-05 0.000202718
internal_weight=1361 1325 1060 265
internal_count=1361 1325 1060 265
is_linear=0
shrinkage=0.0474411


Tree=37
num_leaves=5
num_cat=0
split_feature=15 12 32 19
split_gain=0.00633665 0.00811035 0.00806239 0.00774963
threshold=0.024012631215128134 0.0055843691561424666 7841.5940155000098 29.005875212011741
decision_type=2 2 2 2
left_child=1 2 -1 -3
right_child=-2 3 -4 -5
leaf_value=7.796337898403088e-06 -0.00083821396877284361 0.00045797567860162488 -0.00041073617009875873 -0.00032751030640215803
leaf_weight=1044 20 147 115 35
leaf_count=1044 20 147 115 35
internal_value=1.36626e-12 1.25013e-05 -3.37319e-05 0.000306921
internal_weight=1361 1341 1159 182
internal_count=1361 1341 1159 182
is_linear=0
shrinkage=0.0474411


Tree=38
num_leaves=6
num_cat=0
split_feature=14 8 23 20 4
split_gain=0.00653817 0.00815742 0.00627364 0.0104528 0.00243117
threshold=-1.7267047807104499 5.6800000000000005e-05 44793.018500000006 46330.268000000004 12.073688924155908
decision_type=2 2 2 2 2
left_child=1 -1 -2 -4 -3
right_child=2 4 3 -5 -6
leaf_value=0.00092968466897295956 0.00073106862797189668 -0.0002391736334632364 -0.00068269732774203795 -1.368704480648773e-05 0.00037422828951639794
leaf_weight=37 24 33 55 1186 26
leaf_count=37 24 33 55 1186 26
internal_value=-1.99841e-12 0.000377454 -2.86447e-05 -4.3337e-05 3.11391e-05
internal_weight=1361 96 1265 1241 59
internal_count=1361 96 1265 1241 59
is_linear=0
shrinkage=0.0474411


Tree=39
num_leaves=8
num_cat=0
split_feature=1 17 15 15 17 16 0
split_gain=0.00621914 0.0113934 0.0126112 0.00778115 0.00694451 0.0275655 0.00839142
threshold=0.6078576107927941 25.500000000000004 0.016610514957863001 0.012653901371290731 39.500000000000007 55784.905500000008 -0.56174490092936669
decision_type=2 2 2 2 2 2 2
left_child=4 2 -2 -3 5 -1 -6
right_child=1 3 -4 -5 6 -7 -8
leaf_value=-5.8905133314005613e-05 -0.00065304041969457989 6.3109427204747037e-05 0.00056955119183082559 0.00057259531073968254 -0.00045167734586332435 0.0010794770491601795 -4.7378370629626754e-05
leaf_weight=422 64 132 27 138 172 54 352
leaf_count=422 64 132 27 138 172 54 352
internal_value=-2.17627e-12 0.000168786 -0.000290293 0.000323513 -6.09319e-05 7.02391e-05 -0.000180087
internal_weight=1361 361 91 270 1000 476 524
internal_count=1361 361 91 270 1000 476 524
is_linear=0
shrinkage=0.0474411


Tree=40
num_leaves=8
num_cat=0
split_feature=27 11 4 19 25 11 27
split_gain=0.00595782 0.0127793 0.0123647 0.00884812 0.0084564 0.00777722 0.0062807
threshold=0.00017850778799071777 0.73143277661458395 11.917916183657667 19.443050495040524 -0.01216333960042054 0.52098001353748635 0.0027636185395929244
decision_type=2 2 2 2 2 2 2
left_child=1 2 -1 5 -3 -2 -5
right_child=3 4 -4 6 -6 -7 -8
leaf_value=0.0004562375385216792 0.00038459120068023018 0.0003663493758203337 -0.00044985681847242178 0.00028983840361581644 -7.7391989791904598e-05 -0.0004596554781433339 -0.00010589641039078371
leaf_weight=39 33 146 259 384 286 96 118
leaf_count=39 33 146 259 384 286 96 118
internal_value=1.53587e-12 -9.22832e-05 -0.000331274 0.000106762 7.25762e-05 -0.000243685 0.000196817
internal_weight=1361 730 298 631 432 129 502
internal_count=1361 730 298 631 432 129 502
is_linear=0
shrinkage=0.0474411


Tree=41
num_leaves=8
num_cat=0
split_feature=15 15 1 20 27 14 10
split_gain=0.00613021 0.0122963 0.0141478 0.0117941 0.0086351 0.0151382 0.00706319
threshold=0.010131629817553592 0.01207776604032283 -0.8783796973249266 54068.538500000002 0.00075590432862569768 -1.0382229462592629 0.0057389563624209794
decision_type=2 2 2 2 2 2 2
left_child=4 2 -2 -3 5 -1 -6
right_child=1 3 -4 -5 6 -7 -8
leaf_value=0.00034727087819135053 0.00038490245034953561 -0.00016407044595825716 -0.00048987991247541904 0.00021851752085847418 0.0010006071587642512 -0.00040753509334340754 0.00022240846181862051
leaf_weight=134 51 336 226 394 42 108 70
leaf_count=134 51 336 226 394 42 108 70
internal_value=-9.42982e-13 -5.96967e-05 -0.000328819 4.24222e-05 0.000169815 1.04153e-05 0.000514233
internal_weight=1361 1007 277 730 354 242 112
internal_count=1361 1007 277 730 354 242 112
is_linear=0
shrinkage=0.0474411


Tree=42
num_leaves=5
num_cat=0
split_feature=15 12 32 21
split_gain=0.00562092 0.00676318 0.00857005 0.00800955
threshold=0.024012631215128134 0.0063137274987068457 7841.5940155000098 -0.032964612367302519
decision_type=2 2 2 2
left_child=1 2 -1 -3
right_child=-2 3 -4 -5
leaf_value=2.0223559327295701e-05 -0.00078945806739879189 0.0011605455300232402 -0.00038889843410461276 0.00016894194910281208
leaf_weight=1080 20 22 129 110
leaf_count=1080 20 22 129 110
internal_value=5.7886e-13 1.17742e-05 -2.34297e-05 0.000334209
internal_weight=1361 1341 1209 132
internal_count=1361 1341 1209 132
is_linear=0
shrinkage=0.0474411


Tree=43
num_leaves=5
num_cat=0
split_feature=9 23 17 4
split_gain=0.00592259 0.00648924 0.0152545 0.0114211
threshold=0.015832872067366853 55762.688000000009 41.000000000000007 15.48606990132132
decision_type=2 2 2 2
left_child=-1 3 -3 -2
right_child=1 2 -4 -5
leaf_value=0.00060039694172973326 0.0001258954547899213 0.00075033212757074741 1.0209384142073604e-05 -0.00028019027974107117
leaf_weight=36 255 70 599 401
leaf_count=36 255 70 599 401
internal_value=-9.34177e-13 -1.63127e-05 8.76512e-05 -0.000122337
internal_weight=1361 1325 669 656
internal_count=1361 1325 669 656
is_linear=0
shrinkage=0.0474411


Tree=44
num_leaves=7
num_cat=0
split_feature=10 25 10 12 30 15
split_gain=0.00567344 0.00718461 0.0114013 0.0106175 0.00686557 0.0135915
threshold=0.0059808215586433259 -0.022938890392949603 0.0082100163308362981 0.0053972120612103556 25.500000000000004 0.0094756248409073717
decision_type=2 2 2 2 2 2
left_child=4 2 -2 -3 -1 -6
right_child=1 3 -4 -5 5 -7
leaf_value=-0.00051556060774128165 0.0010295003622336496 -0.00018292043050947225 3.973077246397349e-05 0.00021526210717282053 3.1876784828806773e-05 0.00077898765419331961
leaf_weight=28 33 729 127 190 174 80
leaf_count=28 33 729 127 190 174 80
internal_value=1.80528e-12 -4.9518e-05 0.000243871 -0.000100598 0.000189468 0.000267187
internal_weight=1361 1079 160 919 282 254
internal_count=1361 1079 160 919 282 254
is_linear=0
shrinkage=0.0474411


Tree=45
num_leaves=8
num_cat=0
split_feature=1 13 13 4 15 9 26
split_gain=0.00537591 0.00922078 0.019756 0.0106857 0.00614935 0.0145318 0.00736455
threshold=0.6078576107927941 56.500000000000007 70.500000000000014 16.03368877813185 0.010776541198855575 0.037349894454211989 3.0350000000000006e-06
decision_type=2 2 2 2 2 2 2
left_child=4 3 -3 -2 6 -6 -1
right_child=1 2 -4 -5 5 -7 -8
leaf_value=0.00056140687518121707 0.00032022134400566037 0.0012214805803241508 6.7836167195637305e-05 -0.00036380053775620595 -0.00051605114248262131 -8.9296083656522854e-06 -8.6236771776022069e-08
leaf_weight=65 95 49 105 112 172 488 275
leaf_count=65 95 49 105 112 172 488 275
internal_value=-1.26114e-13 0.000156927 0.000434905 -4.98775e-05 -5.66507e-05 -0.000141089 0.000107258
internal_weight=1361 361 154 207 1000 660 340
internal_count=1361 361 154 207 1000 660 340
is_linear=0
shrinkage=0.0474411


Tree=46
num_leaves=4
num_cat=0
split_feature=13 7 27
split_gain=0.00529939 0.00552717 0.00730177
threshold=82.000000000000014 -0.023336048001651229 -0.00084437058764314768
decision_type=2 2 2
left_child=1 -1 -3
right_child=-2 2 -4
leaf_value=0.00056391630525379904 0.00055236576312761869 -0.00019794399305614923 4.4903597931764438e-05
leaf_weight=36 38 408 879
leaf_count=36 38 408 879
internal_value=-4.38576e-13 -1.58654e-05 -3.20831e-05
internal_weight=1361 1323 1287
internal_count=1361 1323 1287
is_linear=0
shrinkage=0.0474411


Tree=47
num_leaves=5
num_cat=0
split_feature=23 16 3 1
split_gain=0.00519545 0.00966663 0.00913626 0.00584455
threshold=44793.018500000006 46152.844500000007 -0.085362580119283146 0.6078576107927941
decision_type=2 2 2 2
left_child=-1 2 -2 -3
right_child=1 3 -4 -5
leaf_value=0.00069182717636703979 -1.8952790459020502e-05 -4.718188031543749e-05 -0.0013279790119061321 0.00018405665588966074
leaf_weight=24 24 958 24 331
leaf_count=24 24 958 24 331
internal_value=5.3882e-13 -1.24187e-05 -0.000673466 1.21974e-05
internal_weight=1361 1337 48 1289
internal_count=1361 1337 48 1289
is_linear=0
shrinkage=0.0474411


Tree=48
num_leaves=4
num_cat=0
split_feature=9 13 3
split_gain=0.00499952 0.00505103 0.0059866
threshold=0.015832872067366853 82.000000000000014 0.073846492380976861
decision_type=2 2 2
left_child=-1 2 -2
right_child=1 -3 -4
leaf_value=0.00055162850917345023 -9.285039801973732e-06 0.00052406892942867816 -0.00051516503090859984
leaf_weight=36 1232 38 55
leaf_count=36 1232 38 55
internal_value=-6.42694e-14 -1.49876e-05 -3.09038e-05
internal_weight=1361 1325 1287
internal_count=1361 1325 1287
is_linear=0
shrinkage=0.0474411


Tree=49
num_leaves=6
num_cat=0
split_feature=14 8 23 16 4
split_gain=0.00518968 0.00706204 0.00509987 0.00803488 0.00219578
threshold=-1.7267047807104499 5.6800000000000005e-05 44793.018500000006 46152.844500000007 12.073688924155908
decision_type=2 2 2 2 2
left_child=1 -1 -2 -4 -3
right_child=2 4 3 -5 -6
leaf_value=0.00085010170735920303 0.00065944662682769582 -0.00024283477790880011 -0.00064057545584775299 -1.4553495813410027e-05 0.00034011569913699281
leaf_weight=37 24 33 48 1193 26
leaf_count=37 24 33 48 1193 26
internal_value=2.47345e-13 0.000336284 -2.55203e-05 -3.87671e-05 1.40587e-05
internal_weight=1361 96 1265 1241 59
internal_count=1361 96 1265 1241 59
is_linear=0
shrinkage=0.0474411


Tree=50
num_leaves=7
num_cat=0
split_feature=14 8 27 32 20 4
split_gain=0.00470895 0.00640787 0.00492685 0.00910018 0.0062222 0.00199238
threshold=-1.7267047807104499 5.6800000000000005e-05 0.00017850778799071777 15147.209830500016 68712.190000000017 12.073688924155908
decision_type=2 2 2 2 2 2
left_child=1 -1 3 -2 -4 -3
right_child=2 5 4 -5 -6 -7
leaf_value=0.00080977193026080636 -7.7235894077042872e-05 -0.00023131442415877574 3.865517843441758e-05 -0.00098247152023959788 0.00071879435885219007 0.00032398022976310413
leaf_weight=37 646 33 561 26 32 26
leaf_count=37 646 33 561 26 32 26
internal_value=-8.22021e-13 0.00032033 -2.43096e-05 -0.00011226 7.53575e-05 1.33917e-05
internal_weight=1361 96 1265 672 593 59
internal_count=1361 96 1265 672 593 59
is_linear=0
shrinkage=0.0474411


Tree=51
num_leaves=5
num_cat=0
split_feature=7 34 17 26
split_gain=0.00487482 0.00658769 0.0107895 0.00762725
threshold=-0.023336048001651229 -0.0017197992790186801 74.500000000000014 -2.0044999999999999e-05
decision_type=2 2 2 2
left_child=-1 2 -2 -3
right_child=1 3 -4 -5
leaf_value=0.00054470557545392955 -0.00035727120273817725 0.00040993488232401217 0.00072662763765488504 -8.2117419979883624e-06
leaf_weight=36 204 109 23 989
leaf_count=36 204 109 23 989
internal_value=2.65336e-13 -1.47995e-05 -0.000247449 3.32983e-05
internal_weight=1361 1325 227 1098
internal_count=1361 1325 227 1098
is_linear=0
shrinkage=0.0474411


Tree=52
num_leaves=7
num_cat=0
split_feature=10 14 22 11 34 9
split_gain=0.00465001 0.00903743 0.00885645 0.00725437 0.0062479 0.00349379
threshold=0.0059808215586433259 -1.5456575479049472 -1.3254773862931239 0.73642940272444035 -0.0017197992790186801 0.045091194548668063
decision_type=2 2 2 2 2 2
left_child=1 -1 5 -3 -4 -2
right_child=2 3 4 -5 -6 -7
leaf_value=0.0009499109470913771 0.00020450386801341831 -0.00020571829597969973 -0.00031584418017905047 0.00030653174978836266 -1.6109179264654493e-05 0.0010912577888869219
leaf_weight=30 20 112 192 140 847 20
leaf_count=30 20 112 192 140 847 20
internal_value=-4.41936e-14 0.00017153 -4.48298e-05 7.88651e-05 -7.14981e-05 0.000647881
internal_weight=1361 282 1079 252 1039 40
internal_count=1361 282 1079 252 1039 40
is_linear=0
shrinkage=0.0474411


Tree=53
num_leaves=5
num_cat=0
split_feature=8 22 26 9
split_gain=0.00433451 0.00669238 0.00696036 0.00559359
threshold=-6.9139999999999992e-05 -1.1984309101784618 -1.8034999999999996e-05 0.038929421791754459
decision_type=2 2 2 2
left_child=-1 3 -3 -2
right_child=1 2 -4 -5
leaf_value=-0.00069325845683414157 6.7136484673515449e-05 0.00030611078172469762 -5.1782345830862848e-05 0.00095590759395257959
leaf_weight=20 34 137 1140 30
leaf_count=20 34 137 1140 30
internal_value=1.47678e-12 1.03394e-05 -1.33866e-05 0.000483748
internal_weight=1361 1341 1277 64
internal_count=1361 1341 1277 64
is_linear=0
shrinkage=0.0474411


Tree=54
num_leaves=4
num_cat=0
split_feature=15 27 34
split_gain=0.00461044 0.00566289 0.00709792
threshold=0.024012631215128134 -0.0040714155201521359 -0.0017197992790186801
decision_type=2 2 2
left_child=1 -1 -3
right_child=-2 2 -4
leaf_value=0.00058942219940836377 -0.00071498370435093899 -0.00026055860891783389 4.2321500258818782e-05
leaf_weight=37 20 207 1097
leaf_count=37 20 207 1097
internal_value=7.56079e-13 1.06634e-05 -5.75839e-06
internal_weight=1361 1341 1304
internal_count=1361 1341 1304
is_linear=0
shrinkage=0.0474411


Tree=55
num_leaves=4
num_cat=0
split_feature=28 23 16
split_gain=0.0043272 0.00432577 0.00750765
threshold=-16898.507626499984 44793.018500000006 46152.844500000007
decision_type=2 2 2
left_child=-1 -2 -3
right_child=1 2 -4
leaf_value=0.00063137771506374186 0.00061983849755671756 -0.00060524093204204039 -7.7282590700197559e-07
leaf_weight=24 24 48 1265
leaf_count=24 24 48 1265
internal_value=-2.99401e-13 -1.13336e-05 -2.28707e-05
internal_weight=1361 1337 1313
internal_count=1361 1337 1313
is_linear=0
shrinkage=0.0474411


Tree=56
num_leaves=7
num_cat=0
split_feature=14 23 28 12 27 23
split_gain=0.0044713 0.00851677 0.00723396 0.0102278 0.00860196 0.00630795
threshold=-1.1227653078581363 69561.352499990011 1476.1551950000139 0.0044307105070600103 -0.00099864702968618111 51842.003000000004
decision_type=2 2 2 2 2 2
left_child=2 5 4 -4 -1 -2
right_child=1 -3 3 -5 -6 -7
leaf_value=-4.6000596722339022e-05 -0.00023371618257039538 -0.00094421892121869153 -0.00026111933777350663 0.00042431204275815334 0.00040288449937997509 6.5017229839550757e-05
leaf_weight=164 262 25 209 64 232 405
leaf_count=164 262 25 209 64 232 405
internal_value=2.62055e-13 -8.45479e-05 8.74546e-05 -0.000100432 0.000216983 -5.23263e-05
internal_weight=1361 692 669 273 396 667
internal_count=1361 692 669 273 396 667
is_linear=0
shrinkage=0.0474411


Tree=57
num_leaves=8
num_cat=0
split_feature=10 34 3 22 1 12 9
split_gain=0.00428753 0.00736034 0.00872996 0.00726602 0.00695234 0.00627362 0.00275836
threshold=0.0059808215586433259 0.00050058182179351892 0.015714242273654592 -1.3254773862931239 0.6078576107927941 0.0054472002446011034 0.045091194548668063
decision_type=2 2 2 2 2 2 2
left_child=1 4 -3 6 -1 -5 -2
right_child=3 2 -4 5 -6 -7 -8
leaf_value=-0.00020410249660181786 0.00019043150737089993 0.00015344014803387104 0.0011363538448284222 -0.00012181686964326316 0.00038748924308568724 0.00018162904069790326 0.00097834842170209922
leaf_weight=127 20 53 33 852 69 187 20
leaf_count=127 20 53 33 852 69 187 20
internal_value=1.23844e-12 0.000164708 0.000530605 -4.3047e-05 4.16194e-06 -6.72024e-05 0.00058439
internal_weight=1361 282 86 1079 196 1039 40
internal_count=1361 282 86 1079 196 1039 40
is_linear=0
shrinkage=0.0474411


Tree=58
num_leaves=8
num_cat=0
split_feature=32 12 25 13 27 19 3
split_gain=0.00429035 0.0063227 0.00857315 0.00602661 0.00663002 0.00569801 0.00516653
threshold=7841.5940155000098 0.0036217220211509642 -0.0077093161850411698 75.500000000000014 -0.00088824941507609559 16.279640958737282 0.03776672299503115
decision_type=2 2 2 2 2 2 2
left_child=3 2 -2 4 -1 -5 -3
right_child=1 6 -4 5 -6 -7 -8
leaf_value=-0.00015054393329976996 9.9003810492933768e-05 0.00034554651795172509 -0.00090137844326670111 0.0011508665102308681 9.3145390016213678e-05 0.00017014169934887537 -0.00031115860082801133
leaf_weight=384 31 56 51 20 727 40 52
leaf_count=384 31 56 51 20 727 40 52
internal_value=1.18602e-12 -0.00020911 -0.000523185 3.3929e-05 8.91794e-06 0.00049705 2.93552e-05
internal_weight=1361 190 82 1171 1111 60 108
internal_count=1361 190 82 1171 1111 60 108
is_linear=0
shrinkage=0.0474411


Tree=59
num_leaves=8
num_cat=0
split_feature=14 32 23 34 31 21 25
split_gain=0.00419397 0.00816626 0.0210268 0.00674296 0.00655808 0.00546818 0.00510696
threshold=-1.1227653078581363 -4891.2492984999881 52374.968000000001 -0.0023836189442274195 -582.40559049999126 -0.03340293523736642 -0.0077093161850411698
decision_type=2 2 2 2 2 2 2
left_child=3 2 -2 6 -5 -3 -1
right_child=1 5 -4 4 -6 -7 -8
leaf_value=3.0285325940126582e-05 -0.0014143567617569271 0.00025158650638231893 -5.789099848804862e-05 0.00029877524475273049 -1.1203056510393818e-05 -8.9165060999403626e-05 -0.00096945508011976361
leaf_weight=23 35 142 97 275 348 418 23
leaf_count=23 35 142 97 275 348 418 23
internal_value=-5.95917e-13 -8.18839e-05 -0.00041756 8.4699e-05 0.000125625 -2.7602e-06 -0.000469585
internal_weight=1361 692 132 669 623 560 46
internal_count=1361 692 132 669 623 560 46
is_linear=0
shrinkage=0.0474411


Tree=60
num_leaves=4
num_cat=0
split_feature=9 13 3
split_gain=0.004138 0.00430087 0.00508788
threshold=0.015832872067366853 82.000000000000014 0.073846492380976861
decision_type=2 2 2
left_child=-1 2 -2
right_child=1 -3 -4
leaf_value=0.00050185446537451229 -8.3919885311965577e-06 0.00048378409527822754 -0.00047475685350344127
leaf_weight=36 1232 38 55
leaf_count=36 1232 38 55
internal_value=-3.22607e-13 -1.36353e-05 -2.83221e-05
internal_weight=1361 1325 1287
internal_count=1361 1325 1287
is_linear=0
shrinkage=0.0474411


Tree=61
num_leaves=8
num_cat=0
split_feature=15 15 1 0 34 10 4
split_gain=0.00384991 0.0109317 0.0122803 0.00905266 0.00648012 0.0096039 0.00566906
threshold=0.010131629817553592 0.01207776604032283 -0.8783796973249266 1.0000000180025095e-35 0.00078896686396848941 0.0057389563624209794 14.398147503683491
decision_type=2 2 2 2 2 2 2
left_child=4 2 -2 -3 6 -6 -1
right_child=1 3 -4 -5 5 -7 -8
leaf_value=0.00028641526042830575 0.00036389194546774622 -6.469028776428509e-05 -0.00045111306030664249 0.0002945195405926243 0.0011052313640911578 0.00012627676747885091 -0.00017372739680236027
leaf_weight=99 51 499 226 231 34 67 154
leaf_count=99 51 499 226 231 34 67 154
internal_value=-4.79726e-13 -4.73083e-05 -0.000301058 4.89775e-05 0.000134575 0.000455826 6.32843e-06
internal_weight=1361 1007 277 730 354 101 253
internal_count=1361 1007 277 730 354 101 253
is_linear=0
shrinkage=0.0474411


Tree=62
num_leaves=4
num_cat=0
split_feature=9 28 19
split_gain=0.00376786 0.00385667 0.00386761
threshold=0.015832872067366853 -16898.507626499984 22.312214044246463
decision_type=2 2 2
left_child=-1 -2 -3
right_child=1 2 -4
leaf_value=0.00047888328062644742 0.00058290658784577217 -8.1277592303204789e-05 9.2817245809878192e-05
leaf_weight=36 24 873 428
leaf_count=36 24 873 428
internal_value=-4.87303e-13 -1.30112e-05 -2.40043e-05
internal_weight=1361 1325 1301
internal_count=1361 1325 1301
is_linear=0
shrinkage=0.0474411


Tree=63
num_leaves=8
num_cat=0
split_feature=32 15 23 4 30 12 12
split_gain=0.00378373 0.00957329 0.00810671 0.00768794 0.0110609 0.0102587 0.00308088
threshold=7841.5940155000098 0.016350448855738133 54166.336000000003 16.626479190701954 52.500000000000007 0.0050162795809526326 0.0074068154614375112
decision_type=2 2 2 2 2 2 2
left_child=3 2 -2 5 -5 -1 -3
right_child=1 6 -4 4 -6 -7 -8
leaf_value=8.4535664418808725e-05 -0.0013475048362137361 1.148580408413324e-05 -0.00029156947054639556 -0.00026272677005579373 0.00019695390014629906 0.00077323971652200211 0.00066196908560968123
leaf_weight=597 20 57 90 341 180 53 23
leaf_count=597 20 57 90 341 180 53 23
internal_value=5.87341e-13 -0.000196376 -0.000483558 3.18628e-05 -0.000103912 0.000140692 0.0001985
internal_weight=1361 190 110 1171 521 650 80
internal_count=1361 190 110 1171 521 650 80
is_linear=0
shrinkage=0.0474411


Tree=64
num_leaves=5
num_cat=0
split_feature=23 16 3 4
split_gain=0.00364995 0.00663774 0.008284 0.00591958
threshold=44793.018500000006 46152.844500000007 -0.085362580119283146 9.7800499176796691
decision_type=2 2 2 2
left_child=-1 2 -2 -3
right_child=1 3 -4 -5
leaf_value=0.00057986795419065712 6.5050697268030229e-05 0.00081981171747519312 -0.001181426120453771 -2.7738808691892146e-06
leaf_weight=24 24 20 24 1269
leaf_count=24 24 20 24 1269
internal_value=1.9884e-13 -1.0409e-05 -0.000558188 9.98928e-06
internal_weight=1361 1337 48 1289
internal_count=1361 1337 48 1289
is_linear=0
shrinkage=0.0474411


Tree=65
num_leaves=5
num_cat=0
split_feature=8 26 16 8
split_gain=0.00367779 0.00615381 0.00708465 0.00454103
threshold=-6.9139999999999992e-05 -1.1974999999999998e-05 52863.845500000003 1.1515000000000002e-05
decision_type=2 2 2 2
left_child=-1 3 -3 -2
right_child=1 2 -4 -5
leaf_value=-0.00063858489897218661 0.00045986267566105912 -0.0001805877228179245 6.1127957340883311e-05 -1.9756871847917485e-05
leaf_weight=20 109 441 716 75
leaf_count=20 109 441 716 75
internal_value=-2.02898e-14 9.52401e-06 -3.10039e-05 0.000264366
internal_weight=1361 1341 1157 184
internal_count=1361 1341 1157 184
is_linear=0
shrinkage=0.0474411


Tree=66
num_leaves=7
num_cat=0
split_feature=10 14 22 11 13 27
split_gain=0.00359894 0.00705137 0.00644323 0.00577625 0.00440589 0.00178228
threshold=0.0059808215586433259 -1.5456575479049472 -1.3254773862931239 0.73642940272444035 82.000000000000014 -0.0033587979532475804
decision_type=2 2 2 2 2 2
left_child=1 -1 5 -3 -4 -2
right_child=2 3 4 -5 -6 -7
leaf_value=0.00083845730615354417 0.00086808040680442719 -0.0001848890628922476 -8.1220148644335351e-05 0.0002722044720649214 0.00043921998605571708 0.00023473161538154928
leaf_weight=30 20 112 1001 140 38 20
leaf_count=30 20 112 1001 140 38 20
internal_value=9.92374e-13 0.000150903 -3.94391e-05 6.90518e-05 -6.21858e-05 0.000551406
internal_weight=1361 282 1079 252 1039 40
internal_count=1361 282 1079 252 1039 40
is_linear=0
shrinkage=0.0474411


Tree=67
num_leaves=7
num_cat=0
split_feature=14 23 28 27 33 16
split_gain=0.00349132 0.00747312 0.0062824 0.00719413 0.00549202 0.00505977
threshold=-1.1227653078581363 69561.352499990011 -6882.8690814999873 -0.0011284400733392647 38.077358337472184 63118.910500000005
decision_type=2 2 2 2 2 2
left_child=2 4 5 -4 -2 -1
right_child=1 -3 3 -5 -6 -7
leaf_value=0.00024666022839500251 0.00050932140110490382 -0.00087998793177600687 -0.00025495720906988022 0.00012235138888543133 -7.7987432339029049e-05 0.001104151537990631
leaf_weight=59 38 25 154 435 629 21
leaf_count=59 38 25 154 435 629 21
internal_value=-1.85271e-13 -7.47104e-05 7.72789e-05 2.37002e-05 -4.45276e-05 0.000471752
internal_weight=1361 692 669 589 667 80
internal_count=1361 692 669 589 667 80
is_linear=0
shrinkage=0.0474411


end of trees

feature_importances:
Column_12=25
Column_15=25
Column_4=22
Column_9=21
Column_14=20
Column_23=20
Column_27=20
Column_13=17
Column_10=16
Column_1=15
Column_19=14
Column_28=14
Column_17=13
Column_8=11
Column_16=11
Column_32=11
Column_34=11
Column_25=10
Column_20=9
Column_22=8
Column_11=7
Column_26=7
Column_3=6
Column_0=5
Column_30=5
Column_31=5
Column_21=4
Column_24=3
Column_7=2
Column_18=2
Column_33=2

parameters:
[boosting: gbdt]
[objective: regression]
[metric: l2]
[tree_learner: serial]
[device_type: cpu]
[data_sample_strategy: bagging]
[data: ]
[valid: ]
[num_iterations: 68]
[learning_rate: 0.0474411]
[num_leaves: 31]
[num_threads: 8]
[seed: 0]
[deterministic: 0]
[force_col_wise: 0]
[force_row_wise: 0]
[histogram_pool_size: -1]
[max_depth: 3]
[min_data_in_leaf: 20]
[min_sum_hessian_in_leaf: 0.001]
[bagging_fraction: 0.707891]
[pos_bagging_fraction: 1]
[neg_bagging_fraction: 1]
[bagging_freq: 0]
[bagging_seed: 3]
[bagging_by_query: 0]
[feature_fraction: 0.700804]
[feature_fraction_bynode: 1]
[feature_fraction_seed: 2]
[extra_trees: 0]
[extra_seed: 6]
[early_stopping_round: 0]
[early_stopping_min_delta: 0]
[first_metric_only: 0]
[max_delta_step: 0]
[lambda_l1: 0]
[lambda_l2: 0]
[linear_lambda: 0]
[min_gain_to_split: 0]
[drop_rate: 0.1]
[max_drop: 50]
[skip_drop: 0.5]
[xgboost_dart_mode: 0]
[uniform_drop: 0]
[drop_seed: 4]
[top_rate: 0.2]
[other_rate: 0.1]
[min_data_per_group: 100]
[max_cat_threshold: 32]
[cat_l2: 10]
[cat_smooth: 10]
[max_cat_to_onehot: 4]
[top_k: 20]
[monotone_constraints: ]
[monotone_constraints_method: basic]
[monotone_penalty: 0]
[feature_contri: ]
[forcedsplits_filename: ]
[refit_decay_rate: 0.9]
[cegb_tradeoff: 1]
[cegb_penalty_split: 0]
[cegb_penalty_feature_lazy: ]
[cegb_penalty_feature_coupled: ]
[path_smooth: 0]
[interaction_constraints: ]
[verbosity: 1]
[saved_feature_importance_type: 0]
[use_quantized_grad: 0]
[num_grad_quant_bins: 4]
[quant_train_renew_leaf: 0]
[stochastic_rounding: 1]
[linear_tree: 0]
[max_bin: 255]
[max_bin_by_feature: ]
[min_data_in_bin: 3]
[bin_construct_sample_cnt: 200000]
[data_random_seed: 1]
[is_enable_sparse: 1]
[enable_bundle: 1]
[use_missing: 1]
[zero_as_missing: 0]
[feature_pre_filter: 1]
[pre_partition: 0]
[two_round: 0]
[header: 0]
[label_column: ]
[weight_column: ]
[group_column: ]
[ignore_column: ]
[categorical_feature: ]
[forcedbins_filename: ]
[precise_float_parser: 0]
[parser_config_file: ]
[objective_seed: 5]
[num_class: 1]
[is_unbalance: 0]
[scale_pos_weight: 1]
[sigmoid: 1]
[boost_from_average: 1]
[reg_sqrt: 0]
[alpha: 0.9]
[fair_c: 1]
[poisson_max_delta_step: 0.7]
[tweedie_variance_power: 1.5]
[lambdarank_truncation_level: 30]
[lambdarank_norm: 1]
[label_gain: ]
[lambdarank_position_bias_regularization: 0]
[eval_at: ]
[multi_error_top_k: 1]
[auc_mu_weights: ]
[num_machines: 1]
[local_listen_port: 12400]
[time_out: 120]
[machine_list_filename: ]
[machines: ]
[gpu_platform_id: -1]
[gpu_device_id: -1]
[gpu_use_dp: 0]
[num_gpu: 1]

end of parameters

pandas_categorical:null
