tree
version=v4
num_class=1
num_tree_per_iteration=1
label_index=0
max_feature_idx=69
objective=regression
feature_names=Column_0 Column_1 Column_2 Column_3 Column_4 Column_5 Column_6 Column_7 Column_8 Column_9 Column_10 Column_11 Column_12 Column_13 Column_14 Column_15 Column_16 Column_17 Column_18 Column_19 Column_20 Column_21 Column_22 Column_23 Column_24 Column_25 Column_26 Column_27 Column_28 Column_29 Column_30 Column_31 Column_32 Column_33 Column_34 Column_35 Column_36 Column_37 Column_38 Column_39 Column_40 Column_41 Column_42 Column_43 Column_44 Column_45 Column_46 Column_47 Column_48 Column_49 Column_50 Column_51 Column_52 Column_53 Column_54 Column_55 Column_56 Column_57 Column_58 Column_59 Column_60 Column_61 Column_62 Column_63 Column_64 Column_65 Column_66 Column_67 Column_68 Column_69
feature_infos=[18.812446818475365:84.466117490112779] [-0.0014994396031906114:0.0019549537131761229] [0.91271530427790992:95.660118529718773] [0.00029148488973152538:0.0072997341811213883] [-0.0075409697693560318:0.024045897362266588] [-0.011854973454611506:0.027698010514602522] [-0.016617283088277701:0.028711188281915545] [-0.033065159661208599:0.028595078408250263] [-0.0043772091543325953:0.0035663569003527851] [-0.50937628913566046:1.5742830290160839] [0.00060979107363312904:0.030563346200428547] [-0.0076963254023736383:0.028720204666407012] [0.00010976950316504432:0.0091145859385588363] [0.09464402124781876:12.606176712840103] [5.491544298868178e-05:0.030399004609337442] [-0.0076963254023736868:0.028720204666406984] [-30.027336471049708:28.755395317813544] [-0.00060475487303449939:0.0018419057506326296] [-0.012563235001698869:0.031205044129654524] [-0.01700884973214023:0.03008863305720122] [5.8754412132702187:19.999213084209156] [9.5034166932876758:62.657671632720593] [8.423468848071181:56.890267875345742] [-0.0294080863787064:0.023656788383726868] [-0.0076963254023736383:0.028720204666407012] [-0.0076963254023736383:0.0081904813487514438] [-0.0061275453331235408:0.0080471065603651137] [-0.0061275453331235408:0.01408945521994176] [27.907345794452723:76.527652516949175] [-0.022288441346465238:0.033557570059769448] [0.00018819811439820533:0.0059862450655649132] [-1:1] [-1:1] [-0.97492791218182362:0.97492791218182362] [-0.90096886790241903:1] [-0.0076963254023736383:0.0081904813487514438] [-0.0061275453331235408:0.0080471065603651137] [-0.0061275453331235408:0.01408945521994176] [-0.0061275453331235408:0.01408945521994176] [-0.0061275453331235408:0.01408945521994176] [0.09464402124781876:12.606176712840103] [0.09464402124781876:12.606176712840103] [0.09464402124781876:12.606176712840103] [25.401538521219592:80.416795426961855] [-0.0012737096400640263:0.0019122902924786681] [-0.42217993568689183:1.519292722058238] [25.401538521219592:76.802015203349271] [-0.0012737096400640263:0.0019122902924786681] [-0.42217993568689183:1.375641597134899] [47910.578000000001:61641.512999999999] [-9.1890000000000003e-05:0.0001] [8:50] [47910.578000000001:61641.512999999999] [-9.1890000000000003e-05:0.0001] [8:50] [47910.578000000001:61655.201000000001] [-9.1890000000000003e-05:0.0001] [8:50] [-0.017348975423494006:0.042348904175540714] [-8.6849999999999997e-05:0.00010374000000000001] [-815.04332499999998:1239.7482200000002] [-907.8336980000006:1910.7170669999996] [-0.017348975423494006:0.042348904175540714] [-8.6849999999999997e-05:0.00010374000000000001] [-815.04332499999998:1239.7482200000002] [-907.8336980000006:1910.7170669999996] [-0.017348975423494006:0.042348904175540714] [-8.6849999999999997e-05:9.5970000000000004e-05] [-815.04332499999998:1239.7482200000002] [-907.8336980000006:2046.7607609999998]
tree_sizes=832 831 813 826 910 818 828 824 912 821 833 911 821 910 823 831 817 822 831 818 913 822 821 913 825 825 906 731 824 915 626 825 825 828 536 818 635 832 532 825 635 535 919 636 919 534 628 910 824 912 819 534 908

Tree=0
num_leaves=7
num_cat=0
split_feature=55 53 53 8 47 12
split_gain=0.000891791 0.000697491 0.000878731 0.000586279 0.000365971 0.000192087
threshold=54877.714000000007 -3.6809999999999995e-05 -1.2829999999999999e-05 -0.0011981558298572168 0.00028142952630133376 0.0020274762261293356
decision_type=2 2 2 2 2 2
left_child=3 4 -3 -1 -2 -5
right_child=1 2 -4 5 -6 -7
leaf_value=8.8084914786008573e-05 -6.3152678178857467e-05 -0.00024184550213795066 -0.00015713308759082622 -0.00012875733361219412 -0.00017675727959859063 -4.9934761636148193e-05
leaf_weight=21 172 237 1450 4712 65 52
leaf_count=21 172 237 1450 4712 65 52
internal_value=-0.000136378 -0.000159829 -0.000169034 -0.000126949 -9.43101e-05 -0.000127897
internal_weight=6709 1924 1687 4785 237 4764
internal_count=6709 1924 1687 4785 237 4764
is_linear=0
shrinkage=1


Tree=1
num_leaves=7
num_cat=0
split_feature=55 6 50 50 47 12
split_gain=0.000820528 0.000780851 0.000648998 0.000827273 0.000323883 0.000176314
threshold=54877.714000000007 -0.0045453760857181438 -3.6809999999999995e-05 -1.2829999999999999e-05 0.00028142952630133376 0.0020274762261293356
decision_type=2 2 2 2 2 2
left_child=1 -1 4 -4 -2 -3
right_child=2 5 3 -5 -6 -7
leaf_value=0.00023639538499123011 6.9719435916313328e-05 7.0419453056621339e-06 -0.00010203864290558011 -1.9840033636527642e-05 -3.706860879483823e-05 8.4038364267943348e-05
leaf_weight=25 173 4710 237 1449 65 50
leaf_count=25 173 4710 237 1449 65 50
internal_value=1.43353e-13 9.0448e-06 -2.24945e-05 -3.13946e-05 4.05546e-05 7.85073e-06
internal_weight=6709 4785 1924 1686 238 4760
internal_count=6709 4785 1924 1686 238 4760
is_linear=0
shrinkage=0.0407868


Tree=2
num_leaves=7
num_cat=0
split_feature=49 1 6 31 3 34
split_gain=0.000801763 0.000704983 0.000436134 0.00059717 0.000487307 0.000340248
threshold=57908.723500000007 -0.00051784021781342072 -0.0042761592786013094 -0.60355339059327362 0.0025351114312286791 -0.22252093395631442
decision_type=2 2 2 2 2 2
left_child=2 -2 3 -1 -4 -3
right_child=1 5 4 -5 -6 -7
leaf_value=0.00020815132061859125 -0.0002340997818799135 -1.4335432691562283e-06 5.7368297272286733e-06 4.7844575711244376e-06 -4.1221245039259863e-05 -6.95757974295231e-05
leaf_weight=41 32 237 5697 58 393 251
leaf_count=41 32 237 5697 58 393 251
internal_value=6.57374e-13 -4.86432e-05 4.087e-06 8.90071e-05 2.70653e-06 -3.64821e-05
internal_weight=6709 520 6189 99 6090 488
internal_count=6709 520 6189 99 6090 488
is_linear=0
shrinkage=0.0407868


Tree=3
num_leaves=7
num_cat=0
split_feature=49 1 23 51 55 34
split_gain=0.000737694 0.000648648 0.000413864 0.000486222 0.00039102 0.000313059
threshold=57908.723500000007 -0.00051784021781342072 -0.0037485639789630039 14.500000000000002 54877.714000000007 -0.22252093395631442
decision_type=2 2 2 2 2 2
left_child=2 -2 3 -1 -4 -3
right_child=1 5 4 -5 -6 -7
leaf_value=8.5884386146126975e-05 -0.00022455159807097509 -1.375074338259669e-06 4.8400275035194376e-06 1.4263819551481279e-05 -2.2739984504645932e-05 -6.6738022669844338e-05
leaf_weight=188 32 237 3930 978 1093 251
leaf_count=188 32 237 3930 978 1093 251
internal_value=-3.43493e-13 -4.66592e-05 3.92031e-06 2.58116e-05 -1.16136e-06 -3.49941e-05
internal_weight=6709 520 6189 1166 5023 488
internal_count=6709 520 6189 1166 5023 488
is_linear=0
shrinkage=0.0407868


Tree=4
num_leaves=8
num_cat=0
split_feature=3 20 32 2 23 51 69
split_gain=0.000704657 0.000446247 0.000468444 0.000349037 0.000255507 0.00104775 0.000211517
threshold=0.0024861689642893905 13.939241321098935 0.60355339059327384 36.475406345632258 -0.0037485639789630039 12.500000000000002 169.99997099999968
decision_type=2 2 2 2 2 2 2
left_child=4 3 -3 -2 5 -1 -6
right_child=1 2 -4 -5 6 -7 -8
leaf_value=0.00015376895549925666 5.2450832378050175e-05 -8.8290790780749592e-07 -8.8918893865101489e-05 -0.00012705335366348906 2.3792715804257574e-06 1.0340769631817154e-05 -3.621781220953547e-05
leaf_weight=92 21 422 132 127 4594 1072 249
leaf_count=92 21 422 132 127 4594 1072 249
internal_value=-3.29568e-13 -3.86669e-05 -2.1859e-05 -0.000101583 4.51876e-06 2.1677e-05 3.94825e-07
internal_weight=6709 702 554 148 6007 1164 4843
internal_count=6709 702 554 148 6007 1164 4843
is_linear=0
shrinkage=0.0407868


Tree=5
num_leaves=7
num_cat=0
split_feature=49 44 6 3 65 50
split_gain=0.000664347 0.000601935 0.000388192 0.000415592 0.000381619 0.000254323
threshold=57908.723500000007 -0.00050249293581839446 -0.0042761592786013094 0.0025351114312286791 11.824661499999694 -5.151499999999999e-05
decision_type=2 2 2 2 2 2
left_child=2 -2 4 -4 -1 -3
right_child=1 5 3 -5 -6 -7
leaf_value=0.00012664097281524009 -0.00021564603103056194 4.4860851567052843e-05 5.2163721904386452e-06 -3.8148928314187126e-05 -6.597634826966611e-05 -4.4170634355009316e-05
leaf_weight=77 32 61 5697 393 22 427
leaf_count=77 32 61 5697 393 22 427
internal_value=-4.66639e-13 -4.42789e-05 3.72031e-06 2.41792e-06 8.38371e-05 -3.30417e-05
internal_weight=6709 520 6189 6090 99 488
internal_count=6709 520 6189 6090 99 488
is_linear=0
shrinkage=0.0407868


Tree=6
num_leaves=7
num_cat=0
split_feature=55 6 50 50 20 10
split_gain=0.000619292 0.00065053 0.000571324 0.000746782 0.000212991 0.000161456
threshold=54877.714000000007 -0.0045453760857181438 -3.6809999999999995e-05 -1.2829999999999999e-05 16.977032233244124 0.0088670884270589667
decision_type=2 2 2 2 2 2
left_child=1 -1 4 -4 -2 -3
right_child=2 5 3 -5 -6 -7
leaf_value=0.00021537104104291614 7.024233829075932e-05 5.3222584837579421e-06 -9.5012301786005614e-05 -1.6914842013558173e-05 -8.9928684723193499e-06 4.5800242478608998e-05
leaf_weight=25 146 4590 237 1449 92 170
leaf_count=25 146 4590 237 1449 92 170
internal_value=-6.29075e-14 7.85778e-06 -1.95424e-05 -2.7893e-05 3.96136e-05 6.7679e-06
internal_weight=6709 4785 1924 1686 238 4760
internal_count=6709 4785 1924 1686 238 4760
is_linear=0
shrinkage=0.0407868


Tree=7
num_leaves=7
num_cat=0
split_feature=49 29 23 54 65 34
split_gain=0.000596142 0.000560264 0.000354777 0.000448734 0.000353776 0.000262805
threshold=57908.723500000007 -0.0081233530583502672 -0.0038236052533709981 14.500000000000002 198.89611849999974 -0.22252093395631442
decision_type=2 2 2 2 2 2
left_child=2 -2 3 -1 -4 -3
right_child=1 5 4 -5 -6 -7
leaf_value=8.2587566819401122e-05 -0.00023874592304674988 -2.877893001749273e-06 1.131051406153987e-06 1.2885058847172333e-05 -5.2944497869958571e-05 -6.2199108509547585e-05
leaf_weight=183 23 246 4838 958 210 251
leaf_count=183 23 246 4838 958 210 251
internal_value=-1.32744e-13 -4.19444e-05 3.52417e-06 2.40643e-05 -1.11853e-06 -3.28369e-05
internal_weight=6709 520 6189 1141 5048 497
internal_count=6709 520 6189 1141 5048 497
is_linear=0
shrinkage=0.0407868


Tree=8
num_leaves=8
num_cat=0
split_feature=3 20 32 2 23 54 32
split_gain=0.000583227 0.000405898 0.000422949 0.000314532 0.000222338 0.00093032 0.000181463
threshold=0.0024861689642893905 13.939241321098935 0.60355339059327384 36.475406345632258 -0.0037485639789630039 12.500000000000002 -0.9159756150367534
decision_type=2 2 2 2 2 2 2
left_child=4 3 -3 -2 5 -1 -6
right_child=1 2 -4 -5 6 -7 -8
leaf_value=0.00014458632499736476 5.103979504678816e-05 7.8367654299278089e-07 -8.2868136976760196e-05 -0.00011936079823078656 -2.2092567834285216e-05 9.4347654161499153e-06 3.0521520564207551e-06
leaf_weight=92 21 422 132 127 537 1072 4306
leaf_count=92 21 422 132 127 537 1072 4306
internal_value=-7.91453e-16 -3.51779e-05 -1.91478e-05 -9.51823e-05 4.11102e-06 2.01168e-05 2.64063e-07
internal_weight=6709 702 554 148 6007 1164 4843
internal_count=6709 702 554 148 6007 1164 4843
is_linear=0
shrinkage=0.0407868


Tree=9
num_leaves=7
num_cat=0
split_feature=52 1 18 52 53 12
split_gain=0.000536434 0.000542395 0.000378022 0.000265136 0.000234477 0.000195582
threshold=57903.583000000006 -0.00051784021781342072 -0.004450519494675397 54612.955000000009 -5.151499999999999e-05 0.0022488696127506095
decision_type=2 2 2 2 2 2
left_child=2 -2 5 -4 -3 -1
right_child=1 4 3 -5 -6 -7
leaf_value=5.1702297885788357e-05 -0.00020523179691424672 4.6220867888752457e-05 7.0524720920060544e-06 -1.2318779617827396e-05 -3.9862672061954691e-05 0.00018979247732036053
leaf_weight=91 31 60 4484 1593 429 21
leaf_count=91 31 60 4484 1593 429 21
internal_value=1.71554e-14 -3.97885e-05 3.34303e-06 1.97457e-06 -2.93003e-05 7.75942e-05
internal_weight=6709 520 6189 6077 489 112
internal_count=6709 520 6189 6077 489 112
is_linear=0
shrinkage=0.0407868


Tree=10
num_leaves=7
num_cat=0
split_feature=55 6 50 50 47 12
split_gain=0.000504164 0.000569246 0.000507477 0.000680857 0.000300466 0.000166708
threshold=54877.714000000007 -0.0045453760857181438 -3.6809999999999995e-05 -1.2829999999999999e-05 0.00028142952630133376 0.0020274762261293356
decision_type=2 2 2 2 2 2
left_child=1 -1 4 -4 -2 -3
right_child=2 5 3 -5 -6 -7
leaf_value=0.00020120620847655909 6.6210763313736049e-05 5.2839019078296829e-06 -8.9591033570174869e-05 -1.5020368946412655e-05 -3.6644301937968257e-05 8.0153505207008948e-05
leaf_weight=25 173 4710 237 1449 65 50
leaf_count=25 173 4710 237 1449 65 50
internal_value=1.9764e-13 7.08987e-06 -1.76325e-05 -2.55027e-05 3.81201e-05 6.07035e-06
internal_weight=6709 4785 1924 1686 238 4760
internal_count=6709 4785 1924 1686 238 4760
is_linear=0
shrinkage=0.0407868


Tree=11
num_leaves=8
num_cat=0
split_feature=3 20 32 2 30 29 30
split_gain=0.000509469 0.000371059 0.00038249 0.000283324 0.000243657 0.000453219 0.000220163
threshold=0.0024861689642893905 13.939241321098935 0.60355339059327384 36.475406345632258 0.0013956231409892868 0.0046347933437932429 0.0013520754751128324
decision_type=2 2 2 2 2 2 2
left_child=4 3 -3 -2 6 -6 -1
right_child=1 2 -4 -5 5 -7 -8
leaf_value=2.3336789217133003e-06 4.8528686367600769e-05 1.4025394034961347e-06 -7.8147628820488961e-05 -0.00011319750881064045 1.4987620842196913e-05 0.00012517193641741758 -6.945861936290562e-05
leaf_weight=5446 21 422 132 127 416 73 72
leaf_count=5446 21 422 132 127 416 73 72
internal_value=-2.07056e-14 -3.28783e-05 -1.75517e-05 -9.02499e-05 3.84228e-06 3.14364e-05 1.39692e-06
internal_weight=6709 702 554 148 6007 489 5518
internal_count=6709 702 554 148 6007 489 5518
is_linear=0
shrinkage=0.0407868


Tree=12
num_leaves=7
num_cat=0
split_feature=49 44 18 3 8 12
split_gain=0.000470558 0.000487104 0.000309712 0.000360338 0.000208544 0.000189821
threshold=57908.723500000007 -0.00052162310940043839 -0.004450519494675397 0.0024861689642893905 0.0008735195014170084 0.0020274762261293356
decision_type=2 2 2 2 2 2
left_child=2 -2 5 -4 -3 -1
right_child=1 4 3 -5 -6 -7
leaf_value=3.9683080029999371e-05 -0.00020933561804812928 -1.9615989103403573e-05 4.6330419427524688e-06 -3.409952265703797e-05 -0.00010993504442170962 0.00016230887615021686
leaf_weight=84 26 447 5647 430 47 28
leaf_count=84 26 447 5647 430 47 28
internal_value=1.14219e-14 -3.72654e-05 3.13104e-06 1.89238e-06 -2.82091e-05 7.03395e-05
internal_weight=6709 520 6189 6077 494 112
internal_count=6709 520 6189 6077 494 112
is_linear=0
shrinkage=0.0407868


Tree=13
num_leaves=8
num_cat=0
split_feature=3 22 12 30 29 30 54
split_gain=0.000436637 0.000363871 0.000428214 0.000227324 0.000418847 0.000361398 0.000214577
threshold=0.0024861689642893905 16.577693023416206 0.0029212951704789621 0.0013812633016930542 0.0046347933437932429 0.0013520754751128324 10.500000000000002
decision_type=2 2 2 2 2 2 2
left_child=3 6 -3 5 -5 -1 -2
right_child=1 2 -4 4 -6 -7 -8
leaf_value=2.1018319015312365e-06 -1.6408638793255708e-05 -2.8375388333221332e-05 0.00010807981352656203 1.4395830661768519e-05 0.00011927440235163717 -0.00011148535076780779 -0.00015153221690039737
leaf_weight=5446 29 572 41 440 74 47 60
leaf_count=5446 29 572 41 440 74 47 60
internal_value=4.47728e-13 -3.04377e-05 -1.92487e-05 3.55706e-06 2.94951e-05 1.12994e-06 -0.000107503
internal_weight=6709 702 613 6007 514 5493 89
internal_count=6709 702 613 6007 514 5493 89
is_linear=0
shrinkage=0.0407868


Tree=14
num_leaves=7
num_cat=0
split_feature=49 44 68 53 18 34
split_gain=0.000425907 0.000446807 0.000305923 0.000366883 0.000277046 0.000225244
threshold=57908.723500000007 -0.00050249293581839446 140.5654215000001 -1.5799999999999999e-06 -0.0049924543870066831 -0.22252093395631442
decision_type=2 2 2 2 2 2
left_child=2 -2 4 -4 -1 -3
right_child=1 5 3 -5 -6 -7
leaf_value=8.4397156374784742e-05 -0.00018309638486777984 2.3962003759207242e-06 -0.00013527678244134317 2.9954498058529023e-06 3.3522960382535109e-06 -5.3031160150747293e-05
leaf_weight=71 32 240 58 71 5989 248
leaf_count=71 32 240 58 71 5989 248
internal_value=-1.95648e-13 -3.54533e-05 2.97879e-06 -5.91735e-05 4.30183e-06 -2.57718e-05
internal_weight=6709 520 6189 129 6060 488
internal_count=6709 520 6189 129 6060 488
is_linear=0
shrinkage=0.0407868


Tree=15
num_leaves=7
num_cat=0
split_feature=49 56 56 8 20 10
split_gain=0.000395047 0.00044792 0.000575974 0.00040886 0.000207811 0.000148356
threshold=54903.399500000007 -3.6169999999999994e-05 -1.2829999999999999e-05 -0.0011981558298572168 16.895450616626849 0.0087570023770141177
decision_type=2 2 2 2 2 2
left_child=3 4 -3 -1 -2 -5
right_child=1 2 -4 5 -6 -7
leaf_value=0.00018579211631103827 6.7689217484121676e-05 -8.2686399501941213e-05 -1.3528383303963759e-05 4.0314327274654326e-06 -1.0635711457059426e-05 4.2290608111759058e-05
leaf_weight=21 143 233 1429 4615 93 175
leaf_count=21 143 233 1429 4615 93 175
internal_value=-1.47749e-13 -1.57574e-05 -2.32238e-05 6.21649e-06 3.68239e-05 5.42921e-06
internal_weight=6709 1898 1662 4811 236 4790
internal_count=6709 1898 1662 4811 236 4790
is_linear=0
shrinkage=0.0407868


Tree=16
num_leaves=7
num_cat=0
split_feature=52 29 6 31 68 6
split_gain=0.000382984 0.000441818 0.000317247 0.000478927 0.000279989 0.000226383
threshold=57903.583000000006 -0.0081233530583502672 -0.0042761592786013094 -0.60355339059327362 140.5654215000001 0.0033333371649501013
decision_type=2 2 2 2 2 2
left_child=2 -2 3 -1 -4 -3
right_child=1 5 4 -5 -6 -7
leaf_value=0.00017977480178028415 -0.00020838421859716079 -1.9064113256559539e-05 2.8971119401621334e-06 -1.0739406900788878e-06 -5.9271146902972258e-05 -0.00014269370876109734
leaf_weight=42 23 471 5966 58 123 26
leaf_count=42 23 471 5966 58 123 26
internal_value=1.61175e-13 -3.36194e-05 2.8247e-06 7.48825e-05 1.64129e-06 -2.55317e-05
internal_weight=6709 520 6189 100 6089 497
internal_count=6709 520 6189 100 6089 497
is_linear=0
shrinkage=0.0407868


Tree=17
num_leaves=7
num_cat=0
split_feature=3 30 31 26 3 61
split_gain=0.000370701 0.000326624 0.000396029 0.000308474 0.000236113 0.000233311
threshold=0.0024150357927360203 0.0013956231409892868 -0.78656609248549292 -0.0029261954753551085 0.0020843329205343895 -433.97583200000031
decision_type=2 2 2 2 2 2
left_child=1 4 -3 -2 -1 -5
right_child=3 2 -4 5 -6 -7
leaf_value=1.9223582095157371e-06 8.5371214888434351e-05 -1.0600082349141187e-05 7.0326096063688502e-05 -0.0001457188750603512 -6.4686956644367994e-05 -2.7698528049569567e-05
leaf_weight=5419 39 167 253 29 90 712
leaf_count=5419 39 167 253 29 90 712
internal_value=-5.60762e-14 3.47744e-06 3.81483e-05 -2.6433e-05 8.34168e-07 -3.23174e-05
internal_weight=6709 5929 420 780 5509 741
internal_count=6709 5929 420 780 5509 741
is_linear=0
shrinkage=0.0407868


Tree=18
num_leaves=7
num_cat=0
split_feature=55 6 53 53 44 12
split_gain=0.000346405 0.000458515 0.000413851 0.00053748 0.00021625 0.000153846
threshold=54877.714000000007 -0.0045453760857181438 -3.6809999999999995e-05 -1.2829999999999999e-05 0.00028019037588823741 0.0020274762261293356
decision_type=2 2 2 2 2 2
left_child=1 -1 4 -4 -2 -3
right_child=2 5 3 -5 -6 -7
leaf_value=0.00018009324584822832 5.9803575639267715e-05 4.2063414756960261e-06 -7.8650560579219411e-05 -1.2398395606921951e-05 -2.7523904612314731e-05 7.6129920793977906e-05
leaf_weight=25 172 4710 237 1450 65 50
leaf_count=25 172 4710 237 1450 65 50
internal_value=3.86458e-14 5.87684e-06 -1.46157e-05 -2.17059e-05 3.5853e-05 4.96184e-06
internal_weight=6709 4785 1924 1687 237 4760
internal_count=6709 4785 1924 1687 237 4760
is_linear=0
shrinkage=0.0407868


Tree=19
num_leaves=7
num_cat=0
split_feature=52 47 6 31 68 6
split_gain=0.000335618 0.000420563 0.000289587 0.000426638 0.000254084 0.000207546
threshold=57903.583000000006 -0.0005142787618783606 -0.0042761592786013094 -0.60355339059327362 140.5654215000001 0.0034922181913080723
decision_type=2 2 2 2 2 2
left_child=2 -2 3 -1 -4 -3
right_child=1 5 4 -5 -6 -7
leaf_value=0.00017048998566027783 -0.00020598845080743052 -1.7968259445363141e-05 2.7099381458000509e-06 -2.0109723415237878e-07 -5.6512589609339776e-05 -0.00014342111173867901
leaf_weight=42 22 475 5966 58 123 23
leaf_count=42 22 475 5966 58 123 23
internal_value=5.20159e-13 -3.14718e-05 2.64427e-06 7.14892e-05 1.51362e-06 -2.37623e-05
internal_weight=6709 520 6189 100 6089 498
internal_count=6709 520 6189 100 6089 498
is_linear=0
shrinkage=0.0407868


Tree=20
num_leaves=8
num_cat=0
split_feature=3 20 32 2 23 51 32
split_gain=0.000321612 0.000331303 0.00033501 0.000249996 0.00020611 0.000819788 0.000159725
threshold=0.0024861689642893905 13.939241321098935 0.60355339059327384 36.475406345632258 -0.0037485639789630039 12.500000000000002 -0.9159756150367534
decision_type=2 2 2 2 2 2 2
left_child=4 3 -3 -2 5 -1 -6
right_child=1 2 -4 -5 6 -7 -8
leaf_value=0.00013530502995125844 5.0027317920766916e-05 6.098554496057763e-06 -6.8350651581417166e-05 -0.00010188946763524151 -2.1625932209321455e-05 8.4359772602183933e-06 1.9646491717076164e-06
leaf_weight=92 21 422 132 127 537 1072 4306
leaf_count=92 21 422 132 127 537 1072 4306
internal_value=-9.08202e-14 -2.61226e-05 -1.16402e-05 -8.03337e-05 3.05279e-06 1.84634e-05 -6.51114e-07
internal_weight=6709 702 554 148 6007 1164 4843
internal_count=6709 702 554 148 6007 1164 4843
is_linear=0
shrinkage=0.0407868


Tree=21
num_leaves=7
num_cat=0
split_feature=55 6 14 42 50 55
split_gain=0.000302539 0.000394183 0.000340465 0.000292575 0.000282867 0.00016531
threshold=54647.388500000008 -0.0045453760857181438 0.0050185156450720516 0.99528590477203183 -3.6169999999999994e-05 53626.976500000012
decision_type=2 2 2 2 2 2
left_child=1 -1 4 -4 -2 -3
right_child=2 5 3 -5 -6 -7
leaf_value=0.00016747538019763265 2.5376745887225962e-05 1.6733535439244861e-06 -0.00017424962948121638 1.7624584397116178e-05 -1.6223767135505612e-05 2.2949541643213398e-05
leaf_weight=25 321 3803 39 20 1778 723
leaf_count=25 321 3803 39 20 1778 723
internal_value=3.60075e-14 5.96422e-06 -1.25779e-05 -0.000109208 -9.8618e-06 5.07209e-06
internal_weight=6709 4551 2158 59 2099 4526
internal_count=6709 4551 2158 59 2099 4526
is_linear=0
shrinkage=0.0407868


Tree=22
num_leaves=7
num_cat=0
split_feature=49 1 6 26 34 64
split_gain=0.000294066 0.000372086 0.000268695 0.000262959 0.000204866 0.000201002
threshold=57908.723500000007 -0.00051784021781342072 -0.0031249890516892305 -0.0024220477916023771 -0.22252093395631442 145.54278700000006
decision_type=2 2 2 2 2 2
left_child=2 -2 3 -1 -3 -4
right_child=1 4 5 -5 -6 -7
leaf_value=0.00017411827737280595 -0.00016419236474792443 6.5718626533918329e-06 1.7516827561629181e-06 2.9953601698713433e-05 -4.630353302508002e-05 -5.0938233768156545e-05
leaf_weight=23 32 237 5795 248 251 123
leaf_count=23 32 237 5795 248 251 123
internal_value=2.09713e-13 -2.94593e-05 2.47517e-06 4.2189e-05 -2.06243e-05 6.56573e-07
internal_weight=6709 520 6189 271 488 5918
internal_count=6709 520 6189 271 488 5918
is_linear=0
shrinkage=0.0407868


Tree=23
num_leaves=8
num_cat=0
split_feature=3 20 32 30 23 30 31
split_gain=0.000279447 0.000446063 0.000324792 0.000303137 0.000537516 0.000321734 0.00027235
threshold=0.0024150357927360203 14.170618974361682 0.60355339059327384 0.0013812633016930542 -0.0045240142086002679 0.0013692731316328908 -0.98296291314453399
decision_type=2 2 2 2 2 2 2
left_child=3 6 -3 5 -5 -1 -2
right_child=1 2 -4 4 -6 -7 -8
leaf_value=1.0252543029139818e-06 -0.00021716093534904462 1.0204953759196945e-05 -6.1675284886452612e-05 0.00015122610389288276 1.8035684079228606e-05 -0.00015526401811349929 -6.093494031102518e-05
leaf_weight=5464 21 464 135 58 385 22 160
leaf_count=5464 21 464 135 58 385 22 160
internal_value=-2.23369e-13 -2.295e-05 -5.9951e-06 3.01923e-06 3.54737e-05 3.98502e-07 -7.90606e-05
internal_weight=6709 780 599 5929 443 5486 181
internal_count=6709 780 599 5929 443 5486 181
is_linear=0
shrinkage=0.0407868


Tree=24
num_leaves=7
num_cat=0
split_feature=55 6 14 31 53 49
split_gain=0.000264447 0.000351445 0.000310484 0.000316923 0.000254003 0.000165793
threshold=54647.388500000008 -0.0045453760857181438 0.0050185156450720516 1.0000000180025095e-35 -3.6169999999999994e-05 53663.905000000006
decision_type=2 2 2 2 2 2
left_child=1 -1 4 -4 -2 -3
right_child=2 5 3 -5 -6 -7
leaf_value=0.00015808045780335808 2.4288125644045378e-05 1.476920803287866e-06 -0.00017959502424282943 1.42289922800216e-05 -1.5183244510395711e-05 2.3444713536111731e-05
leaf_weight=25 320 3855 36 23 1779 671
leaf_count=25 320 3855 36 23 1779 671
internal_value=-2.83755e-13 5.57612e-06 -1.17595e-05 -0.000104037 -9.16569e-06 4.73375e-06
internal_weight=6709 4551 2158 59 2099 4526
internal_count=6709 4551 2158 59 2099 4526
is_linear=0
shrinkage=0.0407868


Tree=25
num_leaves=7
num_cat=0
split_feature=49 44 23 54 65 34
split_gain=0.00025242 0.000335657 0.000271897 0.000431908 0.000258253 0.000174263
threshold=57908.723500000007 -0.00052162310940043839 -0.0038236052533709981 13.500000000000002 198.89611849999974 -0.22252093395631442
decision_type=2 2 2 2 2 2
left_child=2 -2 3 -1 -4 -3
right_child=1 5 4 -5 -6 -7
leaf_value=8.0666117620277169e-05 -0.00017013113746017084 5.0446528034385227e-06 1.5085438659572114e-07 9.8475418974343915e-06 -4.6051012086778196e-05 -4.3419121893855028e-05
leaf_weight=168 26 241 4838 973 210 253
leaf_count=168 26 241 4838 973 210 253
internal_value=1.37585e-13 -2.72936e-05 2.29321e-06 2.02748e-05 -1.77117e-06 -1.97759e-05
internal_weight=6709 520 6189 1141 5048 494
internal_count=6709 520 6189 1141 5048 494
is_linear=0
shrinkage=0.0407868


Tree=26
num_leaves=8
num_cat=0
split_feature=3 30 23 32 32 69 3
split_gain=0.00024356 0.00031696 0.0006188 0.000273509 0.000376112 0.00026806 0.0002064
threshold=0.0023775749746372458 0.0013956231409892868 -0.0045240142086002679 0.60355339059327384 0.1294095225512602 -161.01088000000001 0.0020843329205343895
decision_type=2 2 2 2 2 2 2
left_child=1 6 -3 4 -2 -5 -1
right_child=3 2 -4 5 -6 -7 -8
leaf_value=1.4101004945111138e-06 -2.2398086047824432e-05 0.00018285686893375621 2.0108327289196871e-05 -0.00019771887414644427 5.9549223719048388e-05 -4.6206055014405247e-05 -6.4182338937507119e-05
leaf_weight=5419 531 44 333 22 113 166 81
leaf_count=5419 531 44 333 22 113 166 81
internal_value=-2.1293e-13 2.924e-06 3.91029e-05 -2.06543e-05 -8.01913e-06 -6.39363e-05 4.44103e-07
internal_weight=6709 5877 377 832 644 188 5500
internal_count=6709 5877 377 832 644 188 5500
is_linear=0
shrinkage=0.0407868


Tree=27
num_leaves=6
num_cat=0
split_feature=55 6 8 29 49
split_gain=0.000233233 0.000320898 0.000265769 0.000320987 0.000153705
threshold=54647.388500000008 -0.0045453760857181438 0.0020435060465096026 0.0039602911992975285 53663.905000000006
decision_type=2 2 2 2 2
left_child=1 -1 3 -2 -3
right_child=2 4 -4 -5 -6
leaf_value=0.00015096275439872075 -1.5065743903244825e-05 1.2959188402148242e-06 -0.00015903459672569176 3.6536905015776198e-05 2.2447724853618721e-05
leaf_weight=25 1914 3855 20 224 671
leaf_count=25 1914 3855 20 224 671
internal_value=4.82909e-14 5.23671e-06 -1.10437e-05 -9.65929e-06 4.43177e-06
internal_weight=6709 4551 2158 2138 4526
internal_count=6709 4551 2158 2138 4526
is_linear=0
shrinkage=0.0407868


Tree=28
num_leaves=7
num_cat=0
split_feature=49 29 6 31 68 34
split_gain=0.000221804 0.000326608 0.000238094 0.000412432 0.000266981 0.000169203
threshold=57908.723500000007 -0.0081233530583502672 -0.0031249890516892305 -0.60355339059327362 140.5654215000001 -0.22252093395631442
decision_type=2 2 2 2 2 2
left_child=2 -2 3 -1 -4 -3
right_child=1 5 4 -5 -6 -7
leaf_value=9.4318398404180591e-05 -0.00017584557317849427 5.4077070225186732e-06 1.6733936433706018e-06 -6.6792079133578356e-06 -6.0298112662798637e-05 -4.2191206152658715e-05
leaf_weight=124 23 246 5800 147 118 251
leaf_count=124 23 246 5800 147 118 251
internal_value=-1.97301e-13 -2.55849e-05 2.14964e-06 3.95337e-05 4.37733e-07 -1.86312e-05
internal_weight=6709 520 6189 271 5918 497
internal_count=6709 520 6189 271 5918 497
is_linear=0
shrinkage=0.0407868


Tree=29
num_leaves=8
num_cat=0
split_feature=3 30 23 30 32 32 65
split_gain=0.000213171 0.000293436 0.000534195 0.000323683 0.00024737 0.000342072 0.000248967
threshold=0.0023775749746372458 0.0013812633016930542 -0.0045240142086002679 0.0013692731316328908 0.60355339059327384 0.1294095225512602 -118.82497150000034
decision_type=2 2 2 2 2 2 2
left_child=1 3 -3 -1 5 -2 -6
right_child=4 2 -4 -5 6 -7 -8
leaf_value=8.9089559553236584e-07 -2.1019481106798941e-05 0.00016887149817694584 1.9678649855960535e-05 -0.00015954582261851715 -0.0001661132562254906 5.7131600603203997e-05 -3.9628226416082539e-05
leaf_weight=5457 531 45 354 21 31 113 157
leaf_count=5457 531 45 354 21 31 113 157
internal_value=-2.43413e-13 2.73551e-06 3.65049e-05 2.75859e-07 -1.93229e-05 -7.30664e-06 -6.04848e-05
internal_weight=6709 5877 399 5478 832 644 188
internal_count=6709 5877 399 5478 832 644 188
is_linear=0
shrinkage=0.0407868


Tree=30
num_leaves=5
num_cat=0
split_feature=8 12 3 3
split_gain=0.000206196 0.00028572 0.000375776 0.00022039
threshold=0.0020435060465096026 0.0029212951704789621 0.0031889764643186144 0.0037741945978957392
decision_type=2 2 2 2
left_child=1 2 -1 -3
right_child=-2 3 -4 -5
leaf_value=1.3717680417336643e-06 -0.0001146384650390563 0.00019516497556673154 -5.8375455097440645e-05 1.4594572948334904e-05
leaf_weight=6458 26 22 180 23
leaf_count=6458 26 22 180 23
internal_value=9.61754e-14 4.45997e-07 -2.48374e-07 0.000102873
internal_weight=6709 6683 6638 45
internal_count=6709 6683 6638 45
is_linear=0
shrinkage=0.0407868


Tree=31
num_leaves=7
num_cat=0
split_feature=52 44 23 51 65 53
split_gain=0.000199455 0.000328557 0.000228391 0.000403248 0.000217806 0.000150059
threshold=57903.583000000006 -0.00052162310940043839 -0.0038236052533709981 13.500000000000002 198.89611849999974 -5.151499999999999e-05
decision_type=2 2 2 2 2 2
left_child=2 -2 3 -1 -4 -3
right_child=1 5 4 -5 -6 -7
leaf_value=7.6871981235063691e-05 -0.00017497017735083412 4.3196175819417366e-05 8.2911098352369377e-08 8.443443770596598e-06 -4.2250696295560479e-05 -2.559168250654914e-05
leaf_weight=168 23 60 4837 973 211 437
leaf_count=168 23 60 4837 973 211 437
internal_value=-1.61666e-13 -2.42617e-05 2.03847e-06 1.85188e-05 -1.68658e-06 -1.72873e-05
internal_weight=6709 520 6189 1141 5048 497
internal_count=6709 520 6189 1141 5048 497
is_linear=0
shrinkage=0.0407868


Tree=32
num_leaves=7
num_cat=0
split_feature=52 6 14 31 50 49
split_gain=0.000196639 0.000281057 0.000269019 0.000268548 0.00023011 0.000153138
threshold=54612.955000000009 -0.0045453760857181438 0.0050185156450720516 1.0000000180025095e-35 -3.6169999999999994e-05 53663.905000000006
decision_type=2 2 2 2 2 2
left_child=1 -1 4 -4 -2 -3
right_child=2 5 3 -5 -6 -7
leaf_value=0.00014122899417224859 2.3581001216623539e-05 1.0157974518316176e-06 -0.00016551321616413534 1.2906073099297418e-05 -1.3430900207133869e-05 2.2487962769732908e-05
leaf_weight=25 331 3855 36 23 1794 645
leaf_count=25 331 3855 36 23 1794 645
internal_value=5.18817e-14 4.85113e-06 -1.0051e-05 -9.59599e-05 -7.66575e-06 4.09347e-06
internal_weight=6709 4525 2184 59 2125 4500
internal_count=6709 4525 2184 59 2125 4500
is_linear=0
shrinkage=0.0407868


Tree=33
num_leaves=7
num_cat=0
split_feature=23 55 23 49 12 33
split_gain=0.000181715 0.000227126 0.000228449 0.000222144 0.000338798 0.00032337
threshold=0.0033611579772900861 58475.846500000007 0.0086843071917913645 58052.233500000009 0.0029212951704789621 -1.0000000180025095e-35
decision_type=2 2 2 2 2 2
left_child=3 2 -2 4 -1 -5
right_child=1 -3 -4 5 -6 -7
leaf_value=5.1201506886662367e-06 -1.6975592796214266e-05 -0.00013450212293833179 2.9857319808784983e-05 -0.00012014276867392608 0.00015565615201706503 -1.129914409842943e-05
leaf_weight=4832 1256 25 201 53 25 317
leaf_count=4832 1256 25 201 53 25 317
internal_value=2.46242e-14 -1.26063e-05 -1.05148e-05 3.57424e-06 5.89499e-06 -2.68903e-05
internal_weight=6709 1482 1457 5227 4857 370
internal_count=6709 1482 1457 5227 4857 370
is_linear=0
shrinkage=0.0407868


Tree=34
num_leaves=4
num_cat=0
split_feature=8 69 30
split_gain=0.000183186 0.000281387 0.000235158
threshold=0.0020435060465096026 555.16253699999959 0.0028219837175052476
decision_type=2 2 2
left_child=1 2 -1
right_child=-2 -3 -4
leaf_value=4.7715956643247314e-07 -0.00010805276268726777 0.00015317907221867693 -0.00011397367294234641
leaf_weight=6633 26 20 30
leaf_count=6633 26 20 30
internal_value=-1.74336e-13 4.20376e-07 -3.81526e-08
internal_weight=6709 6683 6663
internal_count=6709 6683 6663
is_linear=0
shrinkage=0.0407868


Tree=35
num_leaves=7
num_cat=0
split_feature=3 30 31 30 49 12
split_gain=0.000173519 0.000277347 0.000378127 0.000297625 0.000227633 0.000226618
threshold=0.0023775749746372458 0.0013812633016930542 -0.9159756150367534 0.0013692731316328908 50766.571500000005 0.0029212951704789621
decision_type=2 2 2 2 2 2
left_child=1 3 -3 -1 -2 -6
right_child=4 2 -4 -5 5 -7
leaf_value=6.6650134550739847e-07 0.00011201799146449118 -3.201138712755474e-05 5.8720624085482667e-05 -0.00015317681854671816 -2.648280609028411e-05 6.3160418307835661e-05
leaf_weight=5457 22 103 296 21 760 50
leaf_count=5457 22 103 296 21 760 50
internal_value=9.04922e-14 2.46801e-06 3.52986e-05 7.67405e-08 -1.74333e-05 -2.09493e-05
internal_weight=6709 5877 399 5478 832 810
internal_count=6709 5877 399 5478 832 810
is_linear=0
shrinkage=0.0407868


Tree=36
num_leaves=5
num_cat=0
split_feature=14 23 55 55
split_gain=0.000174036 0.000169508 0.000215728 0.000188722
threshold=0.0066872939352965021 0.0033611579772900861 58475.846500000007 58044.957500000011
decision_type=2 2 2 2
left_child=1 3 -3 -1
right_child=-2 2 -4 -5
leaf_value=6.0024994434852697e-06 -0.00010531968112875234 -9.7518589370260278e-06 -0.00013059368655003088 -2.4333804403010048e-05
leaf_weight=4842 26 1449 25 367
leaf_count=4842 26 1449 25 367
internal_value=-2.062e-13 4.09743e-07 -1.18014e-05 3.86516e-06
internal_weight=6709 6683 1474 5209
internal_count=6709 6683 1474 5209
is_linear=0
shrinkage=0.0407868


Tree=37
num_leaves=7
num_cat=0
split_feature=52 6 50 50 47 49
split_gain=0.000161196 0.000256184 0.000239324 0.000459039 0.000197325 0.000143922
threshold=54612.955000000009 -0.0045453760857181438 -3.6169999999999994e-05 -1.2829999999999999e-05 0.00028142952630133376 53663.905000000006
decision_type=2 2 2 2 2 2
left_child=1 -1 4 -4 -2 -3
right_child=2 5 3 -5 -6 -7
leaf_value=0.00013459562265754715 3.8271862906733853e-05 6.8524685208844394e-07 -6.8399629960954001e-05 -7.1529857069761008e-06 -3.8603202392379911e-05 2.1501245240918247e-05
leaf_weight=25 269 3855 233 1612 70 645
leaf_count=25 269 3855 233 1612 70 645
internal_value=8.57846e-14 4.39223e-06 -9.10019e-06 -1.48877e-05 2.2398e-05 3.66887e-06
internal_weight=6709 4525 2184 1845 339 4500
internal_count=6709 4525 2184 1845 339 4500
is_linear=0
shrinkage=0.0407868


Tree=38
num_leaves=4
num_cat=0
split_feature=8 69 3
split_gain=0.000162007 0.000265465 0.000454402
threshold=0.0020435060465096026 555.16253699999959 0.0041600110438242046
decision_type=2 2 2
left_child=1 2 -1
right_child=-2 -3 -4
leaf_value=6.898926765750429e-07 -0.00010161474823570272 0.00014876906214636958 -0.00015337734982888445
leaf_weight=6631 26 20 32
leaf_count=6631 26 20 32
internal_value=1.39014e-13 3.95329e-07 -5.0037e-08
internal_weight=6709 6683 6663
internal_count=6709 6683 6663
is_linear=0
shrinkage=0.0407868


Tree=39
num_leaves=7
num_cat=0
split_feature=23 55 23 49 12 65
split_gain=0.000154349 0.000194934 0.00021503 0.000176203 0.000320247 0.000241377
threshold=0.0033611579772900861 58475.846500000007 0.0086843071917913645 58052.233500000009 0.0029212951704789621 -315.31955300000021
decision_type=2 2 2 2 2 2
left_child=3 2 -2 4 -1 -5
right_child=1 -3 -4 5 -6 -7
leaf_value=4.607682117892822e-06 -1.5948879091487634e-05 -0.00012454571277754122 2.9487785510966491e-05 -0.00014366612955102272 0.00015096439637655602 -1.4781167178532451e-05
leaf_weight=4832 1256 25 201 26 25 344
leaf_count=4832 1256 25 201 26 25 344
internal_value=-1.55807e-13 -1.16183e-05 -9.68068e-06 3.29412e-06 5.36101e-06 -2.38379e-05
internal_weight=6709 1482 1457 5227 4857 370
internal_count=6709 1482 1457 5227 4857 370
is_linear=0
shrinkage=0.0407868


Tree=40
num_leaves=5
num_cat=0
split_feature=14 20 3 36
split_gain=0.000155515 0.000160025 0.000614083 0.000134059
threshold=0.0066872939352965021 12.773272616132205 0.0022350157991506085 -0.0029261954753551085
decision_type=2 2 2 2
left_child=1 2 -1 -3
right_child=-2 3 -4 -5
leaf_value=-2.7546335871339733e-06 -9.9557787901928158e-05 7.174978212356255e-05 -9.8243008900569288e-05 2.5751677619102315e-06
leaf_weight=951 26 47 127 5558
leaf_count=951 26 47 127 5558
internal_value=1.52529e-13 3.87327e-07 -1.40042e-05 3.15522e-06
internal_weight=6709 6683 1078 5605
internal_count=6709 6683 1078 5605
is_linear=0
shrinkage=0.0407868


Tree=41
num_leaves=4
num_cat=0
split_feature=8 69 3
split_gain=0.000148933 0.000243405 0.000401851
threshold=0.0020435060465096026 555.16253699999959 0.0041600110438242046
decision_type=2 2 2
left_child=1 2 -1
right_child=-2 -3 -4
leaf_value=6.4841051101478265e-07 -9.7428402683801346e-05 0.00014245443473577177 -0.00014423627359214837
leaf_weight=6631 26 20 32
leaf_count=6631 26 20 32
internal_value=-6.43126e-14 3.79042e-07 -4.74187e-08
internal_weight=6709 6683 6663
internal_count=6709 6683 6663
is_linear=0
shrinkage=0.0407868


Tree=42
num_leaves=8
num_cat=0
split_feature=20 3 50 12 32 69 56
split_gain=0.0001397 0.000563589 0.000346712 0.000165124 0.000162296 0.00141707 0.00014622
threshold=12.773272616132205 0.0022350157991506085 -3.9374999999999995e-05 0.0012413425103650027 -0.9159756150367534 181.92905199999964 2.5705000000000002e-05
decision_type=2 2 2 2 2 2 2
left_child=1 3 -3 -1 5 -2 -6
right_child=4 2 -4 -5 6 -7 -8
leaf_value=-6.0004513131899466e-06 -5.0196778030942456e-06 6.2199839192797113e-05 -0.00012267679197879797 8.3051524099918549e-05 1.0321202973855654e-05 -0.0003311970529062036 -4.1641444706538089e-06
leaf_weight=916 605 20 108 36 3175 23 1826
leaf_count=916 605 20 108 36 3175 23 1826
internal_value=-1.39257e-13 -1.34367e-05 -9.37898e-05 -2.63294e-06 2.57802e-06 -1.69657e-05 5.03221e-06
internal_weight=6709 1080 128 952 5629 628 5001
internal_count=6709 1080 128 952 5629 628 5001
is_linear=0
shrinkage=0.0407868


Tree=43
num_leaves=5
num_cat=0
split_feature=14 20 12 17
split_gain=0.000134372 0.000134943 0.000464318 0.000127001
threshold=0.0066872939352965021 12.773272616132205 0.001409516849923499 -0.00010106716887712759
decision_type=2 2 2 2
left_child=1 2 -1 -3
right_child=-2 3 -4 -5
leaf_value=-4.8255743907864977e-06 -9.254309392741558e-05 2.2349167013836719e-05 -0.00010208768020443264 9.635157802188888e-07
leaf_weight=989 26 508 89 5097
leaf_count=989 26 508 89 5097
internal_value=-4.14354e-14 3.60036e-07 -1.28556e-05 2.90177e-06
internal_weight=6709 6683 1078 5605
internal_count=6709 6683 1078 5605
is_linear=0
shrinkage=0.0407868


Tree=44
num_leaves=8
num_cat=0
split_feature=23 3 49 51 49 33 8
split_gain=0.000143031 0.00017775 0.000177588 0.000156052 0.000147566 0.000268328 0.000191929
threshold=0.0033611579772900861 0.0025351114312286791 55901.189000000006 32.500000000000007 58052.233500000009 -1.0000000180025095e-35 -0.0014747233909284117
decision_type=2 2 2 2 2 2 2
left_child=4 3 -3 -2 6 -6 -1
right_child=1 2 -4 -5 5 -7 -8
leaf_value=7.9465332159746593e-05 2.5253498681100137e-06 -1.0040865094550007e-05 -9.4707817683731393e-05 -2.8815912654036042e-05 -0.00010660456655353774 -7.4561964167031072e-06 4.1790098426486672e-06
leaf_weight=57 951 85 80 366 53 317 4800
leaf_count=57 951 85 80 366 53 317 4800
internal_value=-5.48745e-14 -1.11843e-05 -5.10915e-05 -6.18452e-06 3.17106e-06 -2.16585e-05 5.06254e-06
internal_weight=6709 1482 165 1317 5227 370 4857
internal_count=6709 1482 165 1317 5227 370 4857
is_linear=0
shrinkage=0.0407868


Tree=45
num_leaves=4
num_cat=0
split_feature=8 69 3
split_gain=0.000131345 0.000227444 0.00034056
threshold=0.0020435060465096026 555.16253699999959 0.0041600110438242046
decision_type=2 2 2
left_child=1 2 -1
right_child=-2 -3 -4
leaf_value=5.8428792942252608e-07 -9.1494834952113215e-05 0.00013769393060957409 -0.00013279457602378698
leaf_weight=6631 26 20 32
leaf_count=6631 26 20 32
internal_value=-4.01437e-14 3.55958e-07 -5.62829e-08
internal_weight=6709 6683 6663
internal_count=6709 6683 6663
is_linear=0
shrinkage=0.0407868


Tree=46
num_leaves=5
num_cat=0
split_feature=7 12 3 3
split_gain=0.000124824 0.000132248 0.000283245 0.000254602
threshold=0.013718697859505859 0.0029212951704789621 0.0037741945978957392 0.0031889764643186144
decision_type=2 2 2 2
left_child=1 3 -3 -1
right_child=-2 2 -4 -5
leaf_value=1.2051159125277458e-06 -8.9194712098514785e-05 0.00017613309679913642 -1.7944621578883592e-05 -4.7071884381204625e-05
leaf_weight=6445 26 22 29 187
leaf_count=6445 26 22 29 187
internal_value=1.8873e-13 3.47009e-07 6.57752e-05 -1.56132e-07
internal_weight=6709 6683 51 6632
internal_count=6709 6683 51 6632
is_linear=0
shrinkage=0.0407868


Tree=47
num_leaves=8
num_cat=0
split_feature=23 52 10 12 14 49 9
split_gain=0.000130061 0.000170614 0.000167279 0.000158616 0.000242109 0.000159059 5.32593e-05
threshold=0.0033611579772900861 49345.90800000001 0.0069960310836998689 0.0029212951704789621 0.0050185156450720516 58000.820000000007 0.86538326795557585
decision_type=2 2 2 2 2 2 2
left_child=3 6 -3 4 -1 -5 -2
right_child=1 2 -4 5 -6 -7 -8
leaf_value=3.2215041538786359e-06 2.7850397070181964e-05 -5.6956680675542719e-06 -3.9218446134390217e-05 0.00015092902291122089 -8.8807605472656189e-05 -4.8125314031884519e-06 0.00011714771675934157
leaf_weight=5135 25 1119 318 24 48 20 20
leaf_count=5135 25 1119 318 24 48 20 20
internal_value=7.64491e-14 -1.06651e-05 -1.31141e-05 3.02386e-06 2.36922e-06 8.01374e-05 6.75381e-05
internal_weight=6709 1482 1437 5227 5183 44 45
internal_count=6709 1482 1437 5227 5183 44 45
is_linear=0
shrinkage=0.0407868


Tree=48
num_leaves=7
num_cat=0
split_feature=32 65 55 20 3 53
split_gain=0.000123211 0.00112348 0.000173556 0.000167087 0.000451243 0.000132139
threshold=-0.9159756150367534 168.55503799999971 58475.846500000007 12.933138157103132 0.0022350157991506085 2.7705000000000003e-05
decision_type=2 2 2 2 2 2
left_child=1 2 -1 4 -2 -5
right_child=3 -3 -4 5 -6 -7
leaf_value=-2.0198404169305981e-07 -2.6485500375729266e-06 -0.00027418679919416613 -8.2294884284825779e-05 9.7965690428721903e-06 -8.2093378737114101e-05 -4.3684674766195342e-06
leaf_weight=624 948 27 46 3284 136 1644
leaf_count=624 948 27 46 3284 136 1644
internal_value=1.43688e-13 -1.62334e-05 -5.83821e-06 1.88201e-06 -1.26158e-05 5.07106e-06
internal_weight=6709 697 670 6012 1084 4928
internal_count=6709 697 670 6012 1084 4928
is_linear=0
shrinkage=0.0407868


Tree=49
num_leaves=8
num_cat=0
split_feature=23 52 10 12 14 26 9
split_gain=0.000120573 0.000155813 0.000153328 0.000144893 0.000218642 0.000146344 4.91714e-05
threshold=0.0033611579772900861 49345.90800000001 0.0069960310836998689 0.0029212951704789621 0.0050185156450720516 -0.000377819058691442 0.86538326795557585
decision_type=2 2 2 2 2 2 2
left_child=3 6 -3 4 -1 -5 -2
right_child=1 2 -4 5 -6 -7 -8
leaf_value=3.0957213284149086e-06 2.6331210792182777e-05 -5.5067471118101977e-06 -3.7601184478828916e-05 0.00015809788464400031 -8.4359584198035525e-05 8.710653519244767e-06 0.00011213318710666647
leaf_weight=5135 25 1119 318 20 48 24 20
leaf_count=5135 25 1119 318 20 48 24 20
internal_value=-4.66833e-14 -1.02687e-05 -1.26091e-05 2.91148e-06 2.28579e-06 7.66139e-05 6.44654e-05
internal_weight=6709 1482 1437 5227 5183 44 45
internal_count=6709 1482 1437 5227 5183 44 45
is_linear=0
shrinkage=0.0407868


Tree=50
num_leaves=7
num_cat=0
split_feature=32 69 55 20 3 56
split_gain=0.000114091 0.00122564 0.000195203 0.000155111 0.000390155 0.000133642
threshold=-0.9159756150367534 181.92905199999964 58475.846500000007 12.992145300757192 0.0022350157991506085 2.5705000000000002e-05
decision_type=2 2 2 2 2 2
left_child=1 2 -1 4 -2 -5
right_child=3 -3 -4 5 -6 -7
leaf_value=3.1082742484200074e-07 -2.766094136656755e-06 -0.00030840730580081416 -8.6732237772670025e-05 1.0020137472736208e-05 -7.561696484165506e-05 -3.969641498789586e-06
leaf_weight=628 967 23 46 3118 140 1787
leaf_count=628 967 23 46 3118 140 1787
internal_value=-2.60076e-14 -1.5621e-05 -5.6298e-06 1.81102e-06 -1.19794e-05 4.92335e-06
internal_weight=6709 697 674 6012 1107 4905
internal_count=6709 697 674 6012 1107 4905
is_linear=0
shrinkage=0.0407868


Tree=51
num_leaves=4
num_cat=0
split_feature=8 69 69
split_gain=0.000115447 0.000206258 0.000158503
threshold=0.0020435060465096026 555.16253699999959 181.92905199999964
decision_type=2 2 2
left_child=1 2 -1
right_child=-2 -3 -4
leaf_value=1.5011354489871142e-06 -8.5779143156705314e-05 0.00013111900316777295 -2.5426811463459405e-05
leaf_weight=6277 26 20 386
leaf_count=6277 26 20 386
internal_value=4.91396e-14 3.33721e-07 -5.88507e-08
internal_weight=6709 6683 6663
internal_count=6709 6683 6663
is_linear=0
shrinkage=0.0407868


Tree=52
num_leaves=8
num_cat=0
split_feature=23 52 23 12 3 69 10
split_gain=0.000110878 0.000142473 0.000140424 0.00013045 0.00020169 0.000152427 3.99851e-05
threshold=0.0033611579772900861 49345.90800000001 0.0086843071917913645 0.0029212951704789621 0.0031889764643186144 138.80414849999968 0.0054702766211027739
decision_type=2 2 2 2 2 2 2
left_child=3 6 -3 4 -1 -5 -2
right_child=1 2 -4 5 -6 -7 -8
leaf_value=3.5632777928305321e-06 9.6004250588812055e-05 -1.73304543872084e-05 1.8907334753958057e-05 0.00014202474097672432 -4.5227629483827815e-05 -1.043543074671774e-05 1.8631178869229177e-05
leaf_weight=5038 25 1229 208 24 145 20 20
leaf_count=5038 25 1229 208 24 145 20 20
internal_value=-8.30703e-14 -9.84728e-06 -1.20852e-05 2.79198e-06 2.1983e-06 7.27247e-05 6.16162e-05
internal_weight=6709 1482 1437 5227 5183 44 45
internal_count=6709 1482 1437 5227 5183 44 45
is_linear=0
shrinkage=0.0407868


end of trees

feature_importances:
Column_3=28
Column_23=20
Column_49=20
Column_6=17
Column_12=17
Column_55=16
Column_32=14
Column_30=13
Column_20=12
Column_50=12
Column_8=11
Column_69=11
Column_52=10
Column_31=9
Column_53=9
Column_14=8
Column_34=7
Column_65=7
Column_29=6
Column_44=6
Column_10=5
Column_47=5
Column_51=5
Column_1=4
Column_2=4
Column_54=4
Column_56=4
Column_68=4
Column_18=3
Column_26=3
Column_9=2
Column_33=2
Column_7=1
Column_17=1
Column_22=1
Column_36=1
Column_42=1
Column_61=1
Column_64=1

parameters:
[boosting: gbdt]
[objective: regression]
[metric: l2]
[tree_learner: serial]
[device_type: cpu]
[data_sample_strategy: bagging]
[data: ]
[valid: ]
[num_iterations: 53]
[learning_rate: 0.0407868]
[num_leaves: 31]
[num_threads: 8]
[seed: 0]
[deterministic: 0]
[force_col_wise: 0]
[force_row_wise: 0]
[histogram_pool_size: -1]
[max_depth: 3]
[min_data_in_leaf: 20]
[min_sum_hessian_in_leaf: 0.001]
[bagging_fraction: 0.702769]
[pos_bagging_fraction: 1]
[neg_bagging_fraction: 1]
[bagging_freq: 0]
[bagging_seed: 3]
[bagging_by_query: 0]
[feature_fraction: 0.70877]
[feature_fraction_bynode: 1]
[feature_fraction_seed: 2]
[extra_trees: 0]
[extra_seed: 6]
[early_stopping_round: 0]
[early_stopping_min_delta: 0]
[first_metric_only: 0]
[max_delta_step: 0]
[lambda_l1: 0]
[lambda_l2: 0]
[linear_lambda: 0]
[min_gain_to_split: 0]
[drop_rate: 0.1]
[max_drop: 50]
[skip_drop: 0.5]
[xgboost_dart_mode: 0]
[uniform_drop: 0]
[drop_seed: 4]
[top_rate: 0.2]
[other_rate: 0.1]
[min_data_per_group: 100]
[max_cat_threshold: 32]
[cat_l2: 10]
[cat_smooth: 10]
[max_cat_to_onehot: 4]
[top_k: 20]
[monotone_constraints: ]
[monotone_constraints_method: basic]
[monotone_penalty: 0]
[feature_contri: ]
[forcedsplits_filename: ]
[refit_decay_rate: 0.9]
[cegb_tradeoff: 1]
[cegb_penalty_split: 0]
[cegb_penalty_feature_lazy: ]
[cegb_penalty_feature_coupled: ]
[path_smooth: 0]
[interaction_constraints: ]
[verbosity: 1]
[saved_feature_importance_type: 0]
[use_quantized_grad: 0]
[num_grad_quant_bins: 4]
[quant_train_renew_leaf: 0]
[stochastic_rounding: 1]
[linear_tree: 0]
[max_bin: 255]
[max_bin_by_feature: ]
[min_data_in_bin: 3]
[bin_construct_sample_cnt: 200000]
[data_random_seed: 1]
[is_enable_sparse: 1]
[enable_bundle: 1]
[use_missing: 1]
[zero_as_missing: 0]
[feature_pre_filter: 1]
[pre_partition: 0]
[two_round: 0]
[header: 0]
[label_column: ]
[weight_column: ]
[group_column: ]
[ignore_column: ]
[categorical_feature: ]
[forcedbins_filename: ]
[precise_float_parser: 0]
[parser_config_file: ]
[objective_seed: 5]
[num_class: 1]
[is_unbalance: 0]
[scale_pos_weight: 1]
[sigmoid: 1]
[boost_from_average: 1]
[reg_sqrt: 0]
[alpha: 0.9]
[fair_c: 1]
[poisson_max_delta_step: 0.7]
[tweedie_variance_power: 1.5]
[lambdarank_truncation_level: 30]
[lambdarank_norm: 1]
[label_gain: ]
[lambdarank_position_bias_regularization: 0]
[eval_at: ]
[multi_error_top_k: 1]
[auc_mu_weights: ]
[num_machines: 1]
[local_listen_port: 12400]
[time_out: 120]
[machine_list_filename: ]
[machines: ]
[gpu_platform_id: -1]
[gpu_device_id: -1]
[gpu_use_dp: 0]
[num_gpu: 1]

end of parameters

pandas_categorical:null
