tree
version=v4
num_class=3
num_tree_per_iteration=3
label_index=0
max_feature_idx=24
objective=multiclass num_class:3
feature_names=Column_0 Column_1 Column_2 Column_3 Column_4 Column_5 Column_6 Column_7 Column_8 Column_9 Column_10 Column_11 Column_12 Column_13 Column_14 Column_15 Column_16 Column_17 Column_18 Column_19 Column_20 Column_21 Column_22 Column_23 Column_24
feature_infos=[49019.385999999999:416784428] [-0.00032803999999999998:0.0001] [8:50] [-0.10005036112695453:0.13791052365097745] [-0.10818100652436247:0.13642473779498387] [10.71576495923712:91.199589539859545] [-0.012078856566701478:0.010944374390331366] [0.14143657043567617:81358.116598115041] [0.14241042573603688:81130.591165231453] [0.14386990550253462:81209.126348813283] [0.14571593937164196:80895.793378449249] [0.14470937000052067:82555.766407077303] [0.138502641867567:80649.125005154303] [0.14216999999999999:81306.790000000008] [0:100] [0.0014008226443205437:0.025151091294107749] [-0.059165107073389178:0.061054336599848824] [-0.098518753217573529:0.086206299582828994] [-0.14320530100492368:0.11018947394827028] [-0.23350813511969215:0.20402692652078813] [-0.041828429663964495:0.032671270416757325] [-0.5252437585324935:1.5138929980579863] [0.002755465698819415:0.20139900591314056] [-0.062162162162162082:0.053661616161616132] [0.00040304707984830464:0.023634565602862249]
tree_sizes=969 966 957 1008 1011 1004 1009 1020 1011 1017 1007 1005 1010 1005 1005 1023 1016 1011 1005 1013 1005 1010 1011 1018 1010 1010 1012 1012 1010 1005 1020 1014 1001 1015 1018 1008 1003 997 1012 1013 1013 1000 1018 996 1016 1013 1012 1007 1013 1004 1006 1014 1013 1005 1013 1008 1006 1011 1013 1005 1023 1008 1012 1014 1010 993 1021 897 1015 1019 1011 1008 1015 1017 1004 1013 1010 1006 1013 1013 993 1023 899 1007 1017 1017 1009 1025 1010 1020 1016 898 1003

Tree=0
num_leaves=8
num_cat=0
split_feature=2 8 1 6 22 18 14
split_gain=212.849 162.167 141.899 84.0994 31.1083 89.9729 44.6294
threshold=23.500000000000004 6.7798234152356072 7.1395000000000017e-05 0.00057055170148335315 0.04249334684626159 1.0000000180025095e-35 13.393952560021775
decision_type=2 2 2 2 2 2 2
left_child=1 3 -3 -1 5 -2 -6
right_child=4 2 -4 -5 6 -7 -8
leaf_value=-1.1143539641548363 -1.1143352746168915 -1.0771082918195993 -1.1227255068082593 -1.0910143680533539 -1.088751243042019 -1.0886641866557256 -1.1255655007940062
leaf_weight=374.60418152809143 548.60231182872667 847.28218026552349 84.229987982893363 350.69735004939139 42.690501122619025 225.20436313713435 250.68911997659598
leaf_count=1099 1858 2061 504 843 95 1072 640
internal_value=-1.09861 -1.09087 -1.08138 -1.1031 -1.1106 -1.10684 -1.1201
internal_weight=2724 1656.81 931.512 725.302 1067.19 773.807 293.38
internal_count=8172 4507 2565 1942 3665 2930 735
is_linear=0
shrinkage=1


Tree=1
num_leaves=8
num_cat=0
split_feature=20 10 0 10 12 4 21
split_gain=154.782 79.27 90.6093 58.9369 54.7056 35.1968 11.9202
threshold=-0.0068911323354590151 56.449406363664352 1186275.7999999952 51.438104668244698 56.414571977824046 -0.0059717611481638335 0.29080582318682896
decision_type=2 2 2 2 2 2 2
left_child=3 2 -2 5 -3 -1 -5
right_child=1 4 -4 6 -6 -7 -8
leaf_value=-1.1014425065723914 -1.1154471869520965 -1.0526745873012677 -1.0996936199787077 -1.046579429356737 -1.0954577400144361 -1.0820341574480403 -1.0951327511165414
leaf_weight=150.41188381239772 645.43042325973511 51.133947968482971 1317.7529158145189 50.125914571632165 95.409832514909795 405.80984269455075 7.9252352547482579
leaf_count=266 258 39 3012 555 3202 688 152
internal_value=-1.09861 -1.10306 -1.10491 -1.08345 -1.07912 -1.08725 -1.05212
internal_weight=2724 2109.73 1963.18 614.273 146.544 556.222 58.0511
internal_count=8172 6511 3270 1661 3241 954 707
is_linear=0
shrinkage=1


Tree=2
num_leaves=8
num_cat=0
split_feature=10 15 0 2 2 7 0
split_gain=226.795 247.431 132.768 83.7907 69.3933 56.3703 39.4546
threshold=6.4234077104267531 0.0057021088018305204 167902750.40000004 14.500000000000002 10.500000000000002 6.4081219135977499 186794091.30000004
decision_type=2 2 2 2 2 2 2
left_child=2 3 5 -2 -3 -1 -4
right_child=1 4 6 -5 -6 -7 -8
leaf_value=-1.059170454730548 -1.0437317785610494 -1.0753109153773082 -1.1144530574415026 -1.0911540058718847 -1.115074934192676 -1.0884286160136547 -1.0902122299574077
leaf_weight=254.81473332643509 41.318059086741414 48.735986335726921 105.45016579329967 621.09184263492352 1258.6307485915022 121.17626231908798 272.7821978032589
leaf_count=252 55 111 480 2408 2759 95 2012
internal_value=-1.09861 -1.10478 -1.08258 -1.08765 -1.11348 -1.06824 -1.09714
internal_weight=2724 1969.78 754.223 662.41 1307.37 375.991 378.232
internal_count=8172 5333 2839 2463 2870 347 2492
is_linear=0
shrinkage=1


Tree=3
num_leaves=8
num_cat=0
split_feature=2 13 1 0 6 22 22
split_gain=202.904 152.954 127.909 109.867 77.4422 34.1512 25.7049
threshold=23.500000000000004 6.8131750000000002 7.1395000000000017e-05 913722.40000000014 0.00057055170148335315 0.031069927863450707 0.019509707519995128
decision_type=2 2 2 2 2 2 2
left_child=1 4 -3 5 -1 -2 -5
right_child=3 2 -4 6 -6 -7 -8
leaf_value=-0.01519293665250839 -0.0052915703441475852 0.020676394310113987 -0.023465039696771169 -0.006158434920384679 0.0071686429701699368 0.051820750586832005 -0.018098519242848207
leaf_weight=373.18731479533017 16.234033449320123 853.51480347302277 80.465503634710331 327.03512727282941 354.17041205056012 34.145210951741319 685.2459109374322
leaf_count=1101 1054 2059 501 631 846 299 1681
internal_value=-8.6509e-06 0.00752419 0.0167272 -0.0117575 -0.00433993 0.0350167 -0.0143099
internal_weight=2724 1661.34 933.98 1062.66 727.358 50.3792 1012.28
internal_count=8172 4507 2560 3665 1947 1353 2312
is_linear=0
shrinkage=0.034558


Tree=4
num_leaves=8
num_cat=0
split_feature=20 15 15 23 8 23 5
split_gain=146.319 143.74 135.431 60.069 50.0507 40.765 31.7771
threshold=-0.0068911323354590151 0.0099152014862638228 0.0061081122962557619 -0.0024340631709976464 46.244442432129787 0.0014075090493844702 23.851348183030805
decision_type=2 2 2 2 2 2 2
left_child=3 2 -2 6 -3 -5 -1
right_child=1 4 -4 5 -6 -7 -8
leaf_value=0.026261203565861879 -0.0059882624896271403 -0.019857421713432952 0.016137254146849491 0.035214178075571881 0.016053373922268393 0.012799063313397608 -0.0075086661108661286
leaf_weight=34.318707282887772 921.04811219408293 633.84361494891346 506.16040142829297 164.16108847694704 44.8478225756553 255.05433031427674 164.13816338399192
leaf_count=115 3258 1102 1695 452 456 665 429
internal_value=4.34593e-06 -0.0043398 0.00189903 0.014698 -0.0173448 0.0220108 -0.000973107
internal_weight=2723.57 2105.9 1427.21 617.672 678.691 419.215 198.457
internal_count=8172 6511 4953 1661 1558 1117 544
is_linear=0
shrinkage=0.034558


Tree=5
num_leaves=8
num_cat=0
split_feature=9 1 13 24 0 11 2
split_gain=199.446 166.594 176.357 171.628 76.4478 79.0738 25.8886
threshold=6.5249583615844218 -4.1764999999999997e-05 51.005750000000006 0.0029220264959842093 5921173.9000000013 6.5867829312945867 29.500000000000004
decision_type=2 2 2 2 2 2 2
left_child=4 3 -3 -2 5 -1 -6
right_child=1 2 -4 -5 6 -7 -8
leaf_value=0.031894104180509808 0.043410705498864645 -0.020854169729708379 0.0077322352006228548 -0.0029025335277066853 0.0053475825591886364 0.0024137824234738217 -0.020733774249881144
leaf_weight=320.61063802242279 130.25520347349811 953.49960473179817 348.03865745940129 311.97771655430552 451.15297449938953 164.405178129673 43.554082145914435
leaf_count=215 354 832 3076 890 2263 128 414
internal_value=4.30545e-06 -0.00699844 -0.0132095 0.0112024 0.0124294 0.0220777 0.00279411
internal_weight=2723.49 1743.77 1301.54 442.233 979.723 485.016 494.707
internal_count=8172 5152 3908 1244 3020 343 2677
is_linear=0
shrinkage=0.034558


Tree=6
num_leaves=8
num_cat=0
split_feature=19 20 19 7 10 0 12
split_gain=178.733 232.408 89.368 87.5746 110.121 56.1552 33.6404
threshold=-0.049574538806907591 -0.0083747876688304839 -0.074243824897885877 6.4774021796083865 55.827804296973504 5559659.6499999957 6.0071426559414887
decision_type=2 2 2 2 2 2 2
left_child=1 5 -3 6 -5 -1 -2
right_child=3 2 -4 4 -6 -7 -8
leaf_value=-0.025573576589111188 -0.0078687167279873019 0.0011465066802854864 0.036759360578996272 0.0049677976067090974 -0.021410799999197011 0.0061111823214380573 -0.02286864628667928
leaf_weight=143.52533973258687 401.14902839809656 109.29436056653503 365.6370595547487 1030.9836215376854 224.0763097058516 116.09661005600356 332.46638804674149
leaf_count=255 2111 342 616 837 3277 494 240
internal_value=-1.16333e-05 0.0144751 0.0286996 -0.00539456 0.000165567 -0.0116165 -0.0148184
internal_weight=2723.23 734.553 474.931 1988.68 1255.06 259.622 733.615
internal_count=8172 1707 958 6465 4114 749 2351
is_linear=0
shrinkage=0.034558


Tree=7
num_leaves=8
num_cat=0
split_feature=20 15 15 23 11 4 5
split_gain=138.577 137.127 126.584 56.4204 53.2041 49.2347 30.2045
threshold=-0.0068911323354590151 0.0099152014862638228 0.0061081122962557619 -0.0024340631709976464 47.017877954716056 -0.0057885911069601162 23.851348183030805
decision_type=2 2 2 2 2 2 2
left_child=3 2 -2 6 -3 -5 -1
right_child=1 4 -4 5 -6 -7 -8
leaf_value=0.025469745341734681 -0.0058191333100592281 -0.019410174875191134 0.015534720304701065 0.0014540631084375673 0.020026206490084224 0.028234903900405953 -0.0073561410754691085
leaf_weight=34.650333839235827 918.42186302543269 635.79869833216071 509.72756340145133 111.53705811820691 38.098863799648825 310.87712002568878 163.71464849845506
leaf_count=115 3258 1105 1695 322 453 795 429
internal_value=7.70104e-06 -0.0042349 0.00184097 0.0142608 -0.0169977 0.0213025 -0.000949378
internal_weight=2722.83 2102.05 1428.15 620.779 673.898 422.414 198.365
internal_count=8172 6511 4953 1661 1558 1117 544
is_linear=0
shrinkage=0.034558


Tree=8
num_leaves=8
num_cat=0
split_feature=9 15 1 19 12 12 24
split_gain=186.66 191.263 130.233 97.6892 76.9312 136.219 26.0429
threshold=6.5249583615844218 0.0057654318767792851 -5.093999999999999e-05 -0.074243824897885877 5.9860299536113262 6.1282782364984936 0.0073490708696243778
decision_type=2 2 2 2 2 2 2
left_child=4 2 -2 -3 6 -6 -1
right_child=1 3 -4 -5 5 -7 -8
leaf_value=0.0064345400371897512 0.033653864155080343 0.0059698378857274016 -0.0012791682058887401 -0.020294710221217729 0.042981956847957241 0.0063509383345462939 -0.012231018277190189
leaf_weight=375.55112337693572 168.58020107739139 204.44915319205029 463.21412361285184 901.43396036035847 199.88078016042709 299.989830493927 109.59070953354239
leaf_count=1901 385 490 2085 2192 123 229 767
internal_value=3.93307e-06 -0.00680161 0.00830858 -0.0154321 0.011973 0.0213897 0.00210409
internal_weight=2722.69 1737.68 631.794 1105.88 985.012 499.871 485.142
internal_count=8172 5152 2470 2682 3020 352 2668
is_linear=0
shrinkage=0.034558


Tree=9
num_leaves=8
num_cat=0
split_feature=19 18 22 7 1 6 11
split_gain=167.443 191.171 102.83 82.8153 90.2803 46.1091 35.5257
threshold=-0.049574538806907591 -0.018313148478101945 0.040013875697679738 6.4774021796083865 4.7360000000000007e-05 0.00041305310682658635 6.8690108167098431
decision_type=2 2 2 2 2 2 2
left_child=1 2 -1 5 -5 -2 -3
right_child=3 6 -4 4 -6 -7 -8
leaf_value=0.029856225671025607 -0.022699227221307603 0.015520179963339095 -0.0065630902854636386 0.005930176099014129 -0.014536920101655861 -0.0052331547693345755 0.047736534197449013
leaf_weight=113.51149863522733 379.30616985820234 65.246395276859403 392.92179543542443 903.39719182293629 351.82743315462722 348.96969421394169 167.04189960291842
leaf_count=247 1338 194 1006 2764 1350 1013 260
internal_value=-1.69931e-05 0.0139499 0.00189567 -0.0052495 0.000144637 -0.0144595 0.0394062
internal_weight=2722.22 738.722 506.433 1983.5 1255.22 728.276 232.288
internal_count=8172 1707 1253 6465 4114 2351 454
is_linear=0
shrinkage=0.034558


Tree=10
num_leaves=8
num_cat=0
split_feature=1 2 20 20 15 15 1
split_gain=282.558 182.956 175.13 73.8396 60.1419 103.138 53.42
threshold=4.5725000000000007e-05 30.500000000000004 -0.0076977760964653244 0.0059392968237981245 0.0057654318767792851 0.0095518704204425823 5.4970000000000004e-05
decision_type=2 2 2 2 2 2 2
left_child=1 2 -1 -3 6 -6 -2
right_child=4 3 -4 -5 5 -7 -8
leaf_value=0.010398247390806465 0.045139125099589276 0.038422922993077008 -0.01476676396622258 -0.006978150296602809 0.040971635153221768 0.0056898252649475387 -0.0036210881690200455
leaf_weight=417.6949713085196 24.893423127825372 138.27207805664511 1497.6498232604063 57.92772923343 259.72257612005342 161.37059868383221 164.10319209785666
leaf_count=1060 125 828 3710 153 741 738 817
internal_value=1.17775e-05 -0.00598241 -0.00926094 0.0252397 0.0205904 0.0277651 0.00418411
internal_weight=2721.63 2111.54 1915.34 196.2 610.09 421.093 188.997
internal_count=8172 5751 4770 981 2421 1479 942
is_linear=0
shrinkage=0.034558


Tree=11
num_leaves=8
num_cat=0
split_feature=13 1 22 13 12 12 24
split_gain=162.108 182.798 163.37 153.039 77.5433 107.294 25.0076
threshold=6.4863000000000008 -4.1764999999999997e-05 0.020953043088952298 51.005750000000006 5.9860299536113262 6.1282782364984936 0.0073490708696243778
decision_type=2 2 2 2 2 2 2
left_child=4 2 -2 -3 6 -6 -1
right_child=1 3 -4 -5 5 -7 -8
leaf_value=0.0062536977424596787 0.051201110663833975 -0.018910591019714915 0.001494211952761202 0.0074489577111935433 0.039713429393040491 0.0058173843174961068 -0.012053969643878891
leaf_weight=376.42665792442858 97.761522134300321 1020.2275708019733 322.49863266060129 349.27474545731093 207.11807483434677 238.69984710216522 109.22433806210756
leaf_count=1901 239 893 975 3076 128 193 767
internal_value=5.21901e-06 -0.006075 0.0137065 -0.0121842 0.0116462 0.0219353 0.00202347
internal_weight=2721.23 1789.76 420.26 1369.5 931.469 445.818 485.651
internal_count=8172 5183 1214 3969 2989 321 2668
is_linear=0
shrinkage=0.034558


Tree=12
num_leaves=8
num_cat=0
split_feature=10 10 0 18 6 14 7
split_gain=131.037 178.457 111.767 103.907 47.7935 69.7481 23.5409
threshold=6.6838997410728744 51.438104668244698 913722.40000000014 -0.027223072165316161 0.00041305310682658635 77.946811851559275 6.4774021796083865
decision_type=2 2 2 2 2 2 2
left_child=4 3 -3 -2 6 -6 -1
right_child=1 2 -4 -5 5 -7 -8
leaf_value=-0.019785580613657337 -0.0051228223519578257 0.028619980456529349 -0.019669249850405413 0.019093464634631522 0.0055443715754766778 -0.023321058673439369 -0.0041046937923534957
leaf_weight=435.50536813028157 273.85718280076981 61.113120399444597 370.49683783447836 887.2686353623867 407.51198586821556 124.77390382066369 160.00273197889328
leaf_count=1682 244 2657 1396 684 1086 281 142
internal_value=-2.03136e-05 0.00635119 -0.0124842 0.0133855 -0.00900219 -0.0014369 -0.015669
internal_weight=2720.53 1592.74 431.61 1161.13 1127.79 532.286 595.508
internal_count=8172 4981 4053 928 3191 1367 1824
is_linear=0
shrinkage=0.034558


Tree=13
num_leaves=8
num_cat=0
split_feature=1 2 20 20 11 2 7
split_gain=262.994 174.095 165.719 69.3651 52.7255 54.289 20.2639
threshold=4.5725000000000007e-05 30.500000000000004 -0.0076977760964653244 0.0059392968237981245 6.4933400017772636 48.500000000000007 6.0933044295423242
decision_type=2 2 2 2 2 2 2
left_child=1 2 -1 -3 6 -6 -2
right_child=4 3 -4 -5 5 -7 -8
leaf_value=0.010033107467428299 0.0072564643206159017 0.037168637217368558 -0.014424142765367003 -0.006807048266344283 0.028023317895252784 -0.017562504054630494 -0.023793046896628003
leaf_weight=419.52756603778107 110.67362642474473 139.90763688302832 1487.3546325819916 57.74979330287897 450.93015268113231 28.894741390133277 24.91354501247406
leaf_count=1060 800 828 3710 153 1581 27 13
internal_value=1.50763e-05 -0.00580419 -0.00902636 0.0245268 0.0197568 0.0250651 0.000663215
internal_weight=2719.95 2104.54 1906.88 197.657 615.412 479.825 135.587
internal_count=8172 5751 4770 981 2421 1608 813
is_linear=0
shrinkage=0.034558


Tree=14
num_leaves=8
num_cat=0
split_feature=9 15 1 0 9 1 2
split_gain=164.625 173.772 118.31 64.4603 79.6163 56.6061 55.3915
threshold=6.5249583615844218 0.0057654318767792851 -5.093999999999999e-05 5217455.9499999965 6.3579005424375863 -1.9824999999999997e-05 27.500000000000004
decision_type=2 2 2 2 2 2 2
left_child=3 2 -2 6 -5 -3 -1
right_child=1 5 -4 4 -6 -7 -8
leaf_value=0.038513933012111916 0.03178069720884974 -0.0039353286834925127 -0.0013113203127201563 0.010241936794089678 -0.022913984311552456 -0.020502055618124692 0.0052215300807870882
leaf_weight=154.05747473239899 171.54649709153455 381.3728389282478 463.32529188628541 647.91252387687564 92.945027410984039 709.39451419154648 98.762368857860565
leaf_count=88 385 1107 2085 2777 83 1575 72
internal_value=5.24192e-06 -0.00644009 0.00787944 0.0111651 0.00590677 -0.0147717 0.0259996
internal_weight=2719.32 1725.64 634.872 993.677 740.858 1090.77 252.82
internal_count=8172 5152 2470 3020 2860 2682 160
is_linear=0
shrinkage=0.034558


Tree=15
num_leaves=8
num_cat=0
split_feature=2 20 1 6 20 22 22
split_gain=169.953 119.224 147.515 50.6292 27.8011 88.1065 36.2393
threshold=23.500000000000004 -0.0083747876688304839 7.3905000000000018e-05 -0.00029198496352725501 -0.00048707651144286318 0.043992922227786599 0.066799971128709779
decision_type=2 2 2 2 2 2 2
left_child=1 3 -3 -1 6 -6 -2
right_child=4 2 -4 -5 5 -7 -8
leaf_value=-0.019951544596104064 -0.016687285552450283 0.015415464494401929 -0.018662303887262883 0.012528121698792055 0.0094442717457000232 -0.024421149898668171 0.023292685738768124
leaf_weight=237.27649015473435 645.25877454015426 1199.0709273807006 167.50731706363149 69.618561915878672 237.45945938999648 140.03752379989601 22.329403080046177
leaf_count=723 2101 2808 768 208 1156 370 38
internal_value=-2.26473e-05 0.00679667 0.0111646 -0.0124685 -0.0109148 -0.00333445 -0.0151222
internal_weight=2718.56 1673.47 1366.58 306.895 1045.09 377.497 667.588
internal_count=8172 4507 3576 931 3665 1526 2139
is_linear=0
shrinkage=0.034558


Tree=16
num_leaves=8
num_cat=0
split_feature=1 20 7 15 15 1 22
split_gain=246.388 135.588 67.5341 54.3418 92.8293 50.4385 32.5098
threshold=4.5725000000000007e-05 -0.0076977760964653244 53.682020326120657 0.0057654318767792851 0.0095518704204425823 5.4970000000000004e-05 0.062073534003273555
decision_type=2 2 2 2 2 2 2
left_child=1 6 -3 5 -5 -2 -1
right_child=3 2 -4 4 -6 -7 -8
leaf_value=0.019159283316915184 0.042909024980797857 -0.01232889516580774 0.011963721203954362 0.038090456749511184 0.0049046151151142534 -0.0040683522299841237 0.00024228998188320302
leaf_weight=253.76261362904916 25.487636816164013 1513.4549452438951 144.64300343050854 266.17429516813718 163.07501265534665 165.24292184918886 186.10923672409263
leaf_count=623 125 2341 2298 741 738 817 489
internal_value=1.62542e-05 -0.00564782 -0.0101684 0.0190322 0.0257639 0.00350617 0.0112847
internal_weight=2717.95 2097.97 1658.1 619.98 429.249 190.731 439.872
internal_count=8172 5751 4639 2421 1479 942 1112
is_linear=0
shrinkage=0.034558


Tree=17
num_leaves=8
num_cat=0
split_feature=10 15 12 19 19 20 19
split_gain=166.895 197.625 137.654 101.012 100.746 96.2713 25.8626
threshold=6.4234077104267531 0.0057021088018305204 6.0071426559414887 -0.074243824897885877 0.023356377539577981 0.0040019678594396266 0.012841727293771645
decision_type=2 2 2 2 2 2 2
left_child=2 5 6 -3 -4 -2 -1
right_child=1 3 4 -5 -6 -7 -8
leaf_value=-0.0030273144436996817 0.014915370653828704 0.0069571079367367721 0.047980118308637389 -0.018012974348194113 0.0048777417038080627 -0.02200017321797797 0.013544141501586844
leaf_weight=335.74208092316985 580.02349717007019 233.58320068730973 176.05725753307343 1035.7803788650199 102.89130562543869 92.177913942985469 160.74367999844253
leaf_count=1791 2022 525 100 2345 78 441 870
internal_value=6.39941e-06 -0.00540709 0.013488 -0.0134051 0.0325903 0.00967862 0.00245162
internal_weight=2717 1941.56 775.434 1269.36 278.949 672.201 496.486
internal_count=8172 5333 2839 2870 178 2463 2661
is_linear=0
shrinkage=0.034558


Tree=18
num_leaves=8
num_cat=0
split_feature=2 7 1 6 22 21 5
split_gain=161.375 113.325 117.073 68.9816 26.6653 82.1597 21.225
threshold=23.500000000000004 6.763176463606829 7.1395000000000017e-05 0.00057055170148335315 0.04249334684626159 0.67661323694652908 34.262824668181239
decision_type=2 2 2 2 2 2 2
left_child=1 3 -3 -1 5 -2 -6
right_child=4 2 -4 -5 6 -7 -8
leaf_value=-0.014118126566185447 -0.013268833663995623 0.018102196806281806 -0.023365148018729767 0.0071047233776712418 -0.0047160450413081118 0.013626921876211036 -0.025773233550108243
leaf_weight=366.79532453231514 589.97204284038162 874.12614887987729 83.585184805444442 351.988027703017 84.644858581363223 169.35401366726728 196.03596542420564
leaf_count=1102 2110 2058 505 842 228 820 507
internal_value=-2.793e-05 0.00659758 0.0143398 -0.00375701 -0.010681 -0.00720053 -0.0196923
internal_weight=2716.5 1676.49 957.711 718.783 1040.01 759.326 280.681
internal_count=8172 4507 2563 1944 3665 2930 735
is_linear=0
shrinkage=0.034558


Tree=19
num_leaves=8
num_cat=0
split_feature=15 15 10 13 15 6 0
split_gain=110.782 147.512 110.429 73.7294 105.668 68.5644 37.4722
threshold=0.0099152014862638228 0.0057654318767792851 56.449406363664352 43.456750000000007 0.0107666781765782 -0.00099040140361383237 5506201.0499999961
decision_type=2 2 2 2 2 2 2
left_child=1 2 -1 6 -5 -3 -2
right_child=3 5 -4 4 -6 -7 -8
leaf_value=-0.011058417591886329 -0.02161257507610146 0.027543546931223153 0.022056469005242264 -0.021703404780241829 0.029159655819763802 0.0077226239996596498 -0.005949914091551111
leaf_weight=699.78478631004691 398.65595099329948 310.22742399154231 138.19693030032795 74.164007238054182 116.69103506015381 632.93562793853926 344.58188050054014
leaf_count=884 257 881 2200 183 642 1871 1254
internal_value=1.92002e-05 0.00507016 -0.00545974 -0.00957812 0.00932627 0.0143971 -0.0144743
internal_weight=2715.24 1781.14 837.982 934.093 190.855 943.163 743.238
internal_count=8172 5836 3084 2336 825 2752 1511
is_linear=0
shrinkage=0.034558


Tree=20
num_leaves=8
num_cat=0
split_feature=8 1 22 8 11 1 2
split_gain=137.458 165.314 146.34 139.358 64.5698 93.8055 25.974
threshold=6.4855686110168191 -4.1764999999999997e-05 0.020953043088952298 51.020971685591114 6.322378402674004 -4.4254999999999996e-05 29.500000000000004
decision_type=2 2 2 2 2 2 2
left_child=4 2 -2 -3 6 -6 -1
right_child=1 3 -4 -5 5 -7 -8
leaf_value=0.0051870413146513257 0.048158489097202647 -0.017968259034305798 0.0013954743043943954 0.007199874391771369 -0.0067764022360904614 0.031043476485985381 -0.020794933628858543
leaf_weight=502.15311992354691 100.14952413653373 1008.1857545077801 316.22432900808053 350.12400258376147 103.29970759153366 290.68981331586838 43.610795391723514
leaf_count=2286 239 899 970 3076 101 187 414
internal_value=8.74426e-06 -0.00564558 0.0132536 -0.0114772 0.0106495 0.0211823 0.00287382
internal_weight=2714.44 1774.68 416.374 1358.31 939.753 393.99 545.764
internal_count=8172 5184 1209 3975 2988 288 2700
is_linear=0
shrinkage=0.034558


Tree=21
num_leaves=8
num_cat=0
split_feature=2 8 0 18 6 15 9
split_gain=152.427 110.033 96.2177 95.7228 67.6252 30.7044 22.6394
threshold=23.500000000000004 6.7798234152356072 913722.40000000014 -0.024106618200365023 0.00057055170148335315 0.0031874591602321025 55.918001616140394
decision_type=2 2 2 2 2 2 2
left_child=1 4 5 -3 -1 -2 -4
right_child=2 3 6 -5 -6 -7 -8
leaf_value=-0.014214517716030233 -0.015968335939682856 -0.0025865990498668374 -0.010670992773171366 0.021066313801986994 0.0068332041996178039 0.043972793675428522 -0.025982885141618131
leaf_weight=362.44474469311535 8.9856505578500201 290.07815616053995 850.0988769903779 673.09648318070685 353.80058481171727 42.505582558398601 132.88931238395162
leaf_count=1099 364 720 1741 1845 843 989 571
internal_value=-3.18064e-05 0.00638788 -0.0104267 0.0139755 -0.00385216 0.0328533 -0.0129101
internal_weight=2713.9 1679.42 1034.48 963.175 716.245 51.4912 982.988
internal_count=8172 4507 3665 2565 1942 1353 2312
is_linear=0
shrinkage=0.034558


Tree=22
num_leaves=8
num_cat=0
split_feature=1 2 18 14 15 15 1
split_gain=223.442 155.926 128.032 65.9883 47.4969 81.4697 47.5469
threshold=4.5725000000000007e-05 30.500000000000004 -0.024106618200365023 73.951512588695053 0.0057654318767792851 0.0095518704204425823 5.4970000000000004e-05
decision_type=2 2 2 2 2 2 2
left_child=1 2 -1 -3 6 -6 -2
right_child=4 3 -4 -5 5 -7 -8
leaf_value=0.0077193999275484764 0.041471024041969812 0.034912363268747769 -0.013467188090876192 -0.0081553835141089607 0.03562787332154941 0.004668906175638002 -0.003936988624610796
leaf_weight=439.80556155310478 25.849420531652868 144.71359092590865 1446.7516334850807 55.824635982629843 271.34323318267707 163.5154932102887 164.87844376004068
leaf_count=1111 125 829 3659 152 741 738 817
internal_value=1.98525e-05 -0.0054174 -0.00851776 0.0230527 0.0180189 0.0242451 0.00346751
internal_weight=2712.68 2087.1 1886.56 200.538 625.587 434.859 190.728
internal_count=8172 5751 4770 981 2421 1479 942
is_linear=0
shrinkage=0.034558


Tree=23
num_leaves=8
num_cat=0
split_feature=10 15 1 0 19 20 0
split_gain=150.564 179.571 113.823 98.2741 97.3836 73.7225 35.5496
threshold=6.4234077104267531 0.0057021088018305204 -4.1764999999999997e-05 167902750.40000004 -0.074243824897885877 0.0079649479744498004 186794091.30000004
decision_type=2 2 2 2 2 2 2
left_child=3 2 -2 5 -3 -1 -5
right_child=1 4 -4 6 -6 -7 -8
leaf_value=0.033854127968958994 0.030499430546729357 0.0071130500062442396 -0.00018102032901405477 -0.016159128298494276 -0.017455771345009877 0.00084248402875335626 0.0067372178233666659
leaf_weight=283.87461798638105 200.31721819387167 232.98056187742623 475.66307588148629 106.04738932847977 1021.5990925806109 112.36421670019627 278.53625355660915
leaf_count=247 447 525 2016 480 2345 100 2012
internal_value=1.19729e-05 -0.00516748 0.00913012 0.0127501 -0.0128791 0.0246699 0.000247628
internal_weight=2711.38 1930.56 675.98 780.822 1254.58 396.239 384.584
internal_count=8172 5333 2463 2839 2870 347 2492
is_linear=0
shrinkage=0.034558


Tree=24
num_leaves=8
num_cat=0
split_feature=2 13 1 0 2 1 18
split_gain=144.821 105.22 102.529 91.6879 64.1575 25.4296 21.3132
threshold=23.500000000000004 6.8131750000000002 7.1395000000000017e-05 913722.40000000014 16.000000000000004 3.1425000000000005e-05 0.011149273817100959
decision_type=2 2 2 2 2 2 2
left_child=1 4 -3 6 -1 -5 -2
right_child=3 2 -4 5 -6 -7 -8
leaf_value=0.0045800675275387281 0.0026665843385171003 0.017033234397423363 -0.022720138021422195 -0.017097490976533777 -0.016322768429296208 -0.0055600223614708927 0.047146939082800467
leaf_weight=433.88898250460625 20.705557378445519 883.90509168035351 78.842930673272349 594.63504915963858 284.8003644309938 382.69821650208905 31.284692644519964
leaf_count=1089 1121 2059 501 1515 858 797 232
internal_value=-3.43467e-05 0.00620748 0.0136372 -0.0102036 -0.0037808 -0.0126514 0.0318509
internal_weight=2710.76 1681.44 962.748 1029.32 718.689 977.333 51.9903
internal_count=8172 4507 2560 3665 1947 2312 1353
is_linear=0
shrinkage=0.034558


Tree=25
num_leaves=8
num_cat=0
split_feature=20 15 15 23 0 9 0
split_gain=104.766 109.16 99.8524 51.0964 56.9916 44.6872 17.1342
threshold=-0.0068911323354590151 0.0099152014862638228 0.0061081122962557619 -0.0028782938534461229 4981941.7000000011 44.216955889581889 1186275.7999999952
decision_type=2 2 2 2 2 2 2
left_child=3 2 -2 6 -5 -3 -1
right_child=1 5 -4 4 -6 -7 -8
leaf_value=-0.01653994463571266 -0.0052897905346218415 -0.019617009361029621 0.013611849147775995 0.029872066533655171 0.0052021961732506916 0.0036914542066729273 0.0046947786654603337
leaf_weight=64.028396471345332 906.7937057891686 531.83506848290563 518.97973385383375 236.60564823599998 213.301556146238 117.68523876107065 119.73819187702611
leaf_count=142 3258 1069 1695 435 714 489 370
internal_value=2.17169e-05 -0.00373832 0.00162327 0.0122422 0.018435 -0.0153995 -0.00303931
internal_weight=2708.97 2075.29 1425.77 633.674 449.907 649.52 183.767
internal_count=8172 6511 4953 1661 1149 1558 512
is_linear=0
shrinkage=0.034558


Tree=26
num_leaves=8
num_cat=0
split_feature=10 15 12 1 19 19 19
split_gain=140.95 170.671 121.065 108.618 93.5206 90.5589 24.7886
threshold=6.4234077104267531 0.0057021088018305204 6.0071426559414887 -4.1764999999999997e-05 -0.074243824897885877 0.023356377539577981 0.012841727293771645
decision_type=2 2 2 2 2 2 2
left_child=2 3 6 -2 -3 -4 -1
right_child=1 4 5 -5 -6 -7 -8
leaf_value=-0.0034102853138458151 0.029663889491280637 0.0069663127490013988 0.044354384739766148 -0.00023342423062944206 -0.017109534322636462 0.0038776290889837315 0.012754829551053877
leaf_weight=337.27814521826804 201.72953844250878 233.46622148697497 180.4721582531929 475.86664433201076 1012.8023842946859 104.11476069688797 162.07404872775078
leaf_count=1791 447 525 100 2016 2345 78 870
internal_value=1.26569e-05 -0.00502063 0.0123 0.00887972 -0.0125856 0.0299948 0.0019402
internal_weight=2707.8 1923.86 783.939 677.596 1246.27 284.587 499.352
internal_count=8172 5333 2839 2463 2870 178 2661
is_linear=0
shrinkage=0.034558


Tree=27
num_leaves=8
num_cat=0
split_feature=19 18 7 10 19 11 19
split_gain=124.692 153.55 67.8326 86.8499 41.182 34.796 29.6085
threshold=-0.049574538806907591 -0.018313148478101945 6.4774021796083865 55.827804296973504 -0.074243824897885877 6.3714740196852047 -0.06844582138570475
decision_type=2 2 2 2 2 2 2
left_child=1 4 5 -4 -1 -2 -3
right_child=2 6 3 -5 -6 -7 -8
leaf_value=-0.0090274229674623483 -0.0070324439115524969 0.0087920714127435427 0.0043832282641775352 -0.019516606253249268 0.010347395318913356 -0.022936458470572751 0.040125230765142648
leaf_weight=246.58360383898253 442.94312441535294 49.630346600548364 1035.4632780849934 212.88511276550707 264.14695714064874 263.70902508497238 192.12513808888616
leaf_count=653 2144 147 837 3277 600 207 307
internal_value=-3.35459e-05 0.0118558 -0.00463577 0.000221401 0.000997538 -0.0131343 0.0341212
internal_weight=2707.49 752.486 1955 1248.35 510.731 706.652 241.755
internal_count=8172 1707 6465 4114 1253 2351 454
is_linear=0
shrinkage=0.034558


Tree=28
num_leaves=8
num_cat=0
split_feature=2 2 20 2 4 14 17
split_gain=101.291 105.357 101.526 87.1202 53.4881 40.3528 12.9613
threshold=30.500000000000004 44.500000000000007 -0.0076977760964653244 14.500000000000002 -0.0059717611481638335 73.210152715770334 0.004459054416712239
decision_type=2 2 2 2 2 2 2
left_child=2 5 4 -4 -1 -2 -3
right_child=1 6 3 -5 -6 -7 -8
leaf_value=-0.0070375066727345181 0.044568319365243622 -0.00024777952350635795 -0.015882726177958301 -0.00050242045630307904 0.018529448426428036 0.0061931465191736113 -0.02613839120403106
leaf_weight=129.22773510811385 130.4747806363157 74.850899380980991 664.37958881689701 1276.6880492551718 357.66514086112147 46.244943064026302 26.482123411493376
leaf_count=365 714 285 1601 4119 894 104 90
internal_value=1.89358e-05 0.0195098 -0.00226285 -0.00580488 0.0117401 0.0351447 -0.00826579
internal_weight=2706.01 278.053 2427.96 1941.07 486.893 176.72 101.333
internal_count=8172 1193 6979 5720 1259 818 375
is_linear=0
shrinkage=0.034558


Tree=29
num_leaves=8
num_cat=0
split_feature=10 1 8 24 12 12 2
split_gain=131.414 122.773 120.351 117.649 114.913 80.4866 23.2482
threshold=6.4234077104267531 -4.3644999999999993e-05 51.020971685591114 0.0029220264959842093 6.0071426559414887 6.1877597983466046 29.500000000000004
decision_type=2 2 2 2 2 2 2
left_child=4 3 -3 -2 6 -6 -1
right_child=1 2 -4 -5 5 -7 -8
leaf_value=0.0041485046100677289 0.032339119079313867 -0.016279273451848531 0.0070461972241382008 -0.0019562155606439252 0.042403130658597125 0.0042278969482970946 -0.020579495429766021
leaf_weight=457.08609959110618 168.46148595600971 1025.8880849480629 350.4264884335571 371.99261999106966 182.75905048847198 103.6801210641861 43.371895534917712
leaf_count=2247 376 927 3076 954 97 81 414
internal_value=1.46401e-05 -0.00486716 -0.0103347 0.00901059 0.0118441 0.0290157 0.00175113
internal_weight=2703.67 1916.77 1376.31 540.454 786.897 286.439 500.458
internal_count=8172 5333 4003 1330 2839 178 2661
is_linear=0
shrinkage=0.034558


Tree=30
num_leaves=8
num_cat=0
split_feature=19 18 22 7 10 6 19
split_gain=115.933 143.647 85.9956 64.3091 81.7564 41.0673 27.7382
threshold=-0.049574538806907591 -0.018313148478101945 0.040013875697679738 6.4774021796083865 55.827804296973504 0.00083949034573662566 -0.06844582138570475
decision_type=2 2 2 2 2 2 2
left_child=1 2 -1 5 -5 -2 -3
right_child=3 6 -4 4 -6 -7 -8
leaf_value=0.025950904181492356 -0.019446739267799648 0.0083674951472288497 -0.006932530337584987 0.0042363736399065313 -0.019069852525885108 -0.0023084177982698687 0.038584842190517922
leaf_weight=117.48533668468008 426.12580155953765 49.841730328160338 393.75876860879362 1037.2217282652855 210.12987342086853 275.14612022973597 193.99661416158779
leaf_count=247 1578 147 1006 837 3277 773 307
internal_value=-3.97774e-05 0.0113942 0.000872635 -0.00449531 0.000225671 -0.0128117 0.0328142
internal_weight=2703.71 755.082 511.244 1948.62 1247.35 701.272 243.838
internal_count=8172 1707 1253 6465 4114 2351 454
is_linear=0
shrinkage=0.034558


Tree=31
num_leaves=8
num_cat=0
split_feature=1 2 17 14 13 23 19
split_gain=204.109 146.718 68.2298 59.739 53.5577 46.5012 23.5632
threshold=3.5110000000000001e-05 30.500000000000004 -0.012270856686983743 73.951512588695053 6.4098250000000005 -0.0027407806869387814 -0.0051343736479109716
decision_type=2 2 2 2 2 2 2
left_child=1 2 -1 -3 6 -6 -2
right_child=4 3 -4 -5 5 -7 -8
leaf_value=0.0035468718152947753 -0.016216197982746133 0.032568645577640339 -0.012758358858418075 -0.0082661890957948531 0.0033843658762287795 0.026081975623443061 0.0085553402829281946
leaf_weight=391.83739951573079 68.730930475518107 147.48786010275944 1358.2604929550143 55.811274866049644 146.70602740853792 424.9468351015239 109.37233169935644
leaf_count=1016 315 829 3455 152 342 1479 584
internal_value=2.29389e-05 -0.00586187 -0.00910812 0.0214563 0.0152675 0.0203684 -0.00125585
internal_weight=2703.15 1953.4 1750.1 203.299 749.756 571.653 178.103
internal_count=8172 5452 4471 981 2720 1821 899
is_linear=0
shrinkage=0.034558


Tree=32
num_leaves=8
num_cat=0
split_feature=1 22 11 2 8 2 0
split_gain=124.981 105.124 135.429 96.4317 96.1426 74.5573 32.6338
threshold=2.9105000000000003e-05 0.031239415508183276 6.8270243900192611 30.500000000000004 6.4634626488739695 48.500000000000007 156673260.20000002
decision_type=2 2 2 2 2 2 2
left_child=1 3 -3 -1 6 -6 -2
right_child=4 2 -4 -5 5 -7 -8
leaf_value=0.021344219870119478 0.025657438841659452 0.011699327869403484 -0.011265117473784397 -0.019164751308482428 -0.020395678144555923 0.031318270507512645 -0.0015953439789549676
leaf_weight=556.77696226609987 78.141945719718933 552.47397233732045 671.82141601649346 74.641742169595091 601.52983507514 29.129140320234001 134.79063231870532
leaf_count=1578 53 1350 1703 569 1976 27 916
internal_value=1.68696e-05 0.00502879 -0.000894611 0.0163979 -0.0109589 -0.0176895 0.00890419
internal_weight=2699.31 1855.71 1224.3 631.419 843.592 630.659 212.933
internal_count=8172 5200 3053 2147 2972 2003 969
is_linear=0
shrinkage=0.034558


Tree=33
num_leaves=8
num_cat=0
split_feature=19 20 19 7 10 6 6
split_gain=109.061 159.073 68.4761 61.0566 77.962 51.8221 39.728
threshold=-0.049574538806907591 -0.0083747876688304839 -0.065623013833748065 6.4774021796083865 55.827804296973504 -0.00029198496352725501 0.00083949034573662566
decision_type=2 2 2 2 2 2 2
left_child=1 5 -3 6 -5 -1 -2
right_child=3 2 -4 4 -6 -7 -8
leaf_value=-0.019563537417396332 -0.019086628519412934 0.0090692230880464863 0.034798712936749798 0.004117119028969881 -0.018730478755943289 0.015406579102463711 -0.002188927340507239
leaf_weight=194.12698827596614 421.81150496006012 249.99632239737548 250.79359071142972 1038.5368745625019 208.04637754106079 61.818017896439414 274.56902409717441
leaf_count=562 1578 522 436 837 3277 187 773
internal_value=-3.58669e-05 0.0110341 0.0222565 -0.00437148 0.000220704 -0.0109319 -0.0125123
internal_weight=2699.7 756.735 500.79 1942.96 1246.58 255.945 696.381
internal_count=8172 1707 958 6465 4114 749 2351
is_linear=0
shrinkage=0.034558


Tree=34
num_leaves=8
num_cat=0
split_feature=1 20 9 13 23 1 19
split_gain=191.267 101.822 71.5149 50.0658 43.9168 35.0988 22.3934
threshold=3.5110000000000001e-05 -0.0084987934448864082 55.918001616140394 6.4098250000000005 -0.0026745079736401052 -6.6909999999999981e-05 -0.0051343736479109716
decision_type=2 2 2 2 2 2 2
left_child=1 5 -3 6 -5 -1 -2
right_child=3 2 -4 4 -6 -7 -8
leaf_value=-0.00097663667276232666 -0.01591304541295499 -0.011265256507000132 0.01526142675874205 0.0032942338231207137 0.025204865950658989 0.022108701034931632 0.0082616214121872256
leaf_weight=137.26309506210964 68.29645686596632 1507.3588545005769 125.93361274403287 149.20614549989114 426.1061420829501 175.43000659393147 109.7794654071331
leaf_count=414 315 2363 2206 346 1475 469 584
internal_value=2.18315e-05 -0.00570331 -0.00916354 0.0147261 0.0196303 0.0121754 -0.00126114
internal_weight=2699.37 1945.99 1633.29 753.388 575.312 312.693 178.076
internal_count=8172 5452 4569 2720 1821 883 899
is_linear=0
shrinkage=0.034558


Tree=35
num_leaves=8
num_cat=0
split_feature=1 19 19 13 20 9 8
split_gain=117.013 114.949 105.707 93.6362 63.4357 55.7455 29.8789
threshold=2.9105000000000003e-05 -0.040998514325197681 -0.074243824897885877 6.4640000000000013 -0.0061965236693066741 57.624853000596524 6.1021360586315847
decision_type=2 2 2 2 2 2 2
left_child=1 2 -1 6 -3 -5 -2
right_child=3 4 -4 5 -6 -7 -8
leaf_value=0.012845866465605012 -0.0016778670947035321 -0.0064518819002695408 -0.015914791282485283 -0.020634719554873577 0.014884720817573999 0.0151994010436138 0.023860800570768864
leaf_weight=221.60088782612002 134.94047460146248 195.78542648098664 455.33206183748553 566.3944126367569 985.17015907986206 51.997787916101515 84.059926569461823
leaf_count=643 916 513 1040 500 3004 1499 57
internal_value=1.40601e-05 0.00484666 -0.00646458 -0.0106591 0.0113302 -0.0174852 0.00856019
internal_weight=2695.28 1857.89 676.933 837.393 1180.96 618.392 219
internal_count=8172 5200 1683 2972 3517 1999 973
is_linear=0
shrinkage=0.034558


Tree=36
num_leaves=8
num_cat=0
split_feature=2 13 22 0 2 24 22
split_gain=121.572 87.0654 89.2436 86.9198 57.2709 32.4543 25.8718
threshold=23.500000000000004 6.8131750000000002 0.020953043088952298 913722.40000000014 16.000000000000004 0.0036441986420908952 0.013478839521067895
decision_type=2 2 2 2 2 2 2
left_child=1 4 -3 5 -1 -2 -5
right_child=3 2 -4 6 -6 -7 -8
leaf_value=0.0043416702160432499 -0.011209980823700038 -0.015349095890583087 0.016215151076281843 0.001949418019077744 -0.015527368788639835 0.045374713404557447 -0.014192290061774379
leaf_weight=434.01294310577214 13.211546183330936 116.53000778763089 854.47013259149389 136.51960595860146 278.93766493909061 38.898395860393066 822.8934882839676
leaf_count=1089 1089 378 2182 275 858 264 2037
internal_value=-3.49976e-05 0.00564633 0.0123444 -0.00946689 -0.00350736 0.0314 -0.0118979
internal_weight=2695.47 1683.95 971 1011.52 712.951 52.1099 959.413
internal_count=8172 4507 2560 3665 1947 1353 2312
is_linear=0
shrinkage=0.034558


Tree=37
num_leaves=8
num_cat=0
split_feature=5 10 12 8 18 14 22
split_gain=65.9318 41.8544 52.5122 38.6147 35.6628 38.6763 10.0764
threshold=28.933795192156307 56.449406363664352 41.074038826644994 57.589332418492027 -0.02127376468362013 12.477230920232588 0.031069927863450707
decision_type=2 2 2 2 2 2 2
left_child=4 2 -2 -3 5 -1 -6
right_child=1 3 -4 -5 6 -7 -8
leaf_value=-0.003110377436247317 0.00072092580273012432 0.035533813128939329 -0.010379045560266711 0.0014816448883628718 -0.021824320164012544 0.02822564168971918 0.0068882377236901835
leaf_weight=60.685850179288536 1469.3595390785486 58.330205202102661 771.09593307971954 103.30033442340209 28.511088349012425 184.02218251337763 20.290826024283888
leaf_count=207 3519 41 330 3456 143 389 87
internal_value=2.49759e-05 -0.001879 -0.00311977 0.0147356 0.0152879 0.0205841 -0.0105197
internal_weight=2695.6 2402.09 2240.46 161.631 293.51 244.708 48.8019
internal_count=8172 7346 3849 3497 826 596 230
is_linear=0
shrinkage=0.034558


Tree=38
num_leaves=8
num_cat=0
split_feature=1 13 1 20 1 1 0
split_gain=109.594 88.4779 69.1878 89.577 60.1763 55.411 28.5439
threshold=2.9105000000000003e-05 6.4640000000000013 1.2470000000000003e-05 -0.0057464238271748838 1.4480000000000002e-05 8.2360000000000004e-05 156673260.20000002
decision_type=2 2 2 2 2 2 2
left_child=2 6 3 -1 -4 -3 -2
right_child=1 5 4 -5 -6 -7 -8
leaf_value=-0.01028983141465222 0.023159617630879533 -0.026592362437595184 0.045056833376527883 0.0073869012070064029 0.010271472703005423 -0.0056555495419565787 -0.0017544791849885704
leaf_weight=502.86386886402033 84.520650506019592 328.54480604472337 74.01383308012737 1035.6764556248963 247.49580531474203 283.03834313928382 135.07564347051084
leaf_count=1513 57 1100 89 3073 525 899 916
internal_value=1.00354e-05 -0.0103712 0.00467048 0.00158891 0.0190688 -0.0170765 0.00825396
internal_weight=2691.23 831.179 1860.05 1538.54 321.51 611.583 219.596
internal_count=8172 2972 5200 4586 614 1999 973
is_linear=0
shrinkage=0.034558


Tree=39
num_leaves=8
num_cat=0
split_feature=2 20 10 6 13 7 22
split_gain=114.953 96.1835 104.311 45.3156 24.8608 75.6032 26.8357
threshold=23.500000000000004 -0.0083747876688304839 44.478646597831492 -0.00029198496352725501 6.4863000000000008 6.629057771126222 0.015921602412753009
decision_type=2 2 2 2 2 2 2
left_child=1 3 -3 -1 6 -6 -2
right_child=4 2 -4 -5 5 -7 -8
leaf_value=-0.019224079281721929 -0.0026301824577684495 0.0019929168702506679 0.021570174840159714 0.011464622943353684 0.019747971570545059 -0.01056231652235207 -0.022982030548012563
leaf_weight=232.20145424926886 115.71636515669525 869.58388268575072 513.57762740377802 70.449725584476255 113.19436889886856 538.02063680908759 239.27246949821711
leaf_count=723 227 1736 1840 208 96 2320 1022
internal_value=-3.71533e-05 0.00547339 0.00933411 -0.0119828 -0.00924365 -0.00513978 -0.0165271
internal_weight=2692.02 1685.81 1383.16 302.651 1006.2 651.215 354.989
internal_count=8172 4507 3576 931 3665 2416 1249
is_linear=0
shrinkage=0.034558


Tree=40
num_leaves=8
num_cat=0
split_feature=20 15 15 23 0 11 0
split_gain=85.3004 90.6525 92.0219 46.7247 51.0472 46.4076 16.3623
threshold=-0.0068911323354590151 0.0099152014862638228 0.0061081122962557619 -0.0028782938534461229 4981941.7000000011 47.017877954716056 1186275.7999999952
decision_type=2 2 2 2 2 2 2
left_child=3 2 -2 6 -5 -3 -1
right_child=1 5 -4 4 -6 -7 -8
leaf_value=-0.016772701751556474 -0.005242950837582595 -0.016656348335743931 0.012897572965150155 0.02756039897983642 0.0043697094177011691 0.02023395037108212 0.0039539223892287667
leaf_weight=64.172857697820291 901.32924739812734 592.58418334461749 521.23431032849476 240.43389758124249 214.92899272288196 37.882449209690094 120.60619551409036
leaf_count=142 3258 1105 1695 435 714 453 370
internal_value=2.65981e-05 -0.00341165 0.00143443 0.0109712 0.0168464 -0.0142419 -0.0035938
internal_weight=2693.17 2053.03 1422.56 640.142 455.363 630.467 184.779
internal_count=8172 6511 4953 1661 1149 1558 512
is_linear=0
shrinkage=0.034558


Tree=41
num_leaves=8
num_cat=0
split_feature=1 13 2 24 2 10 0
split_gain=105.323 84.6067 70.8566 69.2953 95.7162 94.1999 27.2059
threshold=2.9105000000000003e-05 6.4640000000000013 48.500000000000007 0.0055904820766610524 30.500000000000004 6.4411761630706774 156673260.20000002
decision_type=2 2 2 2 2 2 2
left_child=3 6 -3 4 -1 -5 -2
right_child=1 2 -4 5 -6 -7 -8
leaf_value=0.015504533878560024 0.022474677762880837 -0.019554890912161581 0.030786453626362394 0.012258068468644452 -0.013447204432244715 -0.011069911690706747 -0.0018054685708097894
leaf_weight=828.4537655422464 84.974058210849762 577.7797831108328 29.281188404886052 320.2929771579802 157.36635243301862 554.76258694543503 135.16550923511386
leaf_count=2282 57 1972 27 834 850 1234 916
internal_value=1.05583e-05 -0.0101989 -0.0168034 0.00457009 0.0108207 -0.00250175 0.00797049
internal_weight=2688.08 827.201 607.061 1860.88 985.82 875.056 220.14
internal_count=8172 2972 1999 5200 3132 2068 973
is_linear=0
shrinkage=0.034558


Tree=42
num_leaves=8
num_cat=0
split_feature=19 18 22 0 12 22 19
split_gain=92.8846 125.348 76.7279 54.6749 48.0335 25.5626 24.1699
threshold=-0.049574538806907591 -0.018313148478101945 0.040013875697679738 913722.40000000014 53.240785328202755 0.030760240689921392 -0.06844582138570475
decision_type=2 2 2 2 2 2 2
left_child=1 2 -1 5 -5 -2 -3
right_child=3 6 -4 4 -6 -7 -8
leaf_value=0.023770759297250095 -0.0048412210286751549 0.007327483125860167 -0.0071130271699042166 -0.0033155495795487251 -0.021989000476157733 0.040604977645707925 0.035298198869101696
leaf_weight=119.38754482450895 19.562496605532942 50.262429137132131 393.50975396897411 1692.3563132099807 175.79241961648222 40.027194454625715 197.12808852677699
leaf_count=247 1482 147 1006 3177 1082 724 307
internal_value=-3.42559e-05 0.0101402 0.000299085 -0.00406917 -0.00514825 0.026745 0.0299734
internal_weight=2688.03 760.288 512.897 1927.74 1868.15 59.5897 247.391
internal_count=8172 1707 1253 6465 4259 2206 454
is_linear=0
shrinkage=0.034558


Tree=43
num_leaves=8
num_cat=0
split_feature=1 2 5 14 8 2 8
split_gain=171.59 128.781 70.9553 55.3242 42.9195 42.974 13.653
threshold=3.5110000000000001e-05 30.500000000000004 28.933795192156307 73.951512588695053 6.4442945760178008 48.500000000000007 1.2983370834116339
decision_type=2 2 2 2 2 2 2
left_child=1 2 -1 -3 6 -6 -2
right_child=4 3 -4 -5 5 -7 -8
leaf_value=0.010789899049307088 0.0068295972489352038 0.030553793920237087 -0.011045999203499909 -0.0085670770983787142 0.020756397142732953 -0.01879568742129659 -0.011645950308192108
leaf_weight=195.31507696781773 112.39212795719504 149.69267214741558 1530.4271399270219 56.006595744693186 543.26349134859629 29.604518972337246 72.64198412001133
leaf_count=500 807 829 3971 152 1786 27 100
internal_value=2.58464e-05 -0.00544338 -0.00854106 0.0199708 0.0138859 0.0185102 -0.000583777
internal_weight=2689.34 1931.44 1725.74 205.699 757.902 572.868 185.034
internal_count=8172 5452 4471 981 2720 1813 907
is_linear=0
shrinkage=0.034558


Tree=44
num_leaves=8
num_cat=0
split_feature=10 15 20 0 20 16 0
split_gain=98.4486 140.494 80.5117 80.4633 62.874 50.948 31.8788
threshold=6.4234077104267531 0.0057021088018305204 0.0040019678594396266 167902750.40000004 0.0079649479744498004 -0.0075501354925066036 186794091.30000004
decision_type=2 2 2 2 2 2 2
left_child=3 2 -2 4 -1 -3 -5
right_child=1 5 -4 6 -6 -7 -8
leaf_value=0.029083159055215538 0.012902837363312112 0.0015008371377109853 -0.021142006829724173 -0.016593114829402993 -0.00098742025289589664 -0.015236298970482658 0.0049905175407089679
leaf_weight=292.39995563775301 589.20588683633832 281.61275728297187 89.911453707027249 106.67722041904926 114.28834256529808 925.50401189108379 283.96397820487618
leaf_count=247 2022 611 441 480 100 2259 2012
internal_value=8.40979e-06 -0.00429472 0.00822576 0.0101371 0.0207589 -0.0113455 -0.00109194
internal_weight=2683.56 1886.23 679.117 797.329 406.688 1207.12 390.641
internal_count=8172 5333 2463 2839 347 2870 2492
is_linear=0
shrinkage=0.034558


Tree=45
num_leaves=8
num_cat=0
split_feature=2 1 1 0 24 22 24
split_gain=105.76 89.6252 85.1445 79.1296 29.3151 24.2712 21.5229
threshold=23.500000000000004 7.3905000000000018e-05 -4.3644999999999993e-05 913722.40000000014 0.0036441986420908952 0.013478839521067895 0.01018463056815427
decision_type=2 2 2 2 2 2 2
left_child=1 2 -1 4 -2 -5 -3
right_child=3 6 -4 5 -6 -7 -8
leaf_value=-0.0037127127860156141 -0.010868996250210141 -0.021137998512194001 0.013725944152918156 0.0021398067544357463 0.042907387502975479 -0.013528765913698977 0.015887292224321881
leaf_weight=493.98983359499834 13.081086279911686 163.8501154241967 1011.8012331576319 135.98249418032356 39.635857301735086 809.03947611898184 15.955422987695782
leaf_count=1402 1089 772 2245 275 264 2037 88
internal_value=-2.75179e-05 0.00524475 0.00801431 -0.00890906 0.0298535 -0.011275 -0.0173802
internal_weight=2683.34 1685.6 1505.79 997.739 52.7169 945.022 179.806
internal_count=8172 4507 3647 3665 1353 2312 860
is_linear=0
shrinkage=0.034558


Tree=46
num_leaves=8
num_cat=0
split_feature=2 18 15 2 15 2 21
split_gain=79.1508 73.3752 67.6552 66.4126 50.5472 47.1486 26.7465
threshold=24.500000000000004 -0.024106618200365023 0.0061081122962557619 30.500000000000004 0.0079341883429697949 22.500000000000004 0.92159881512557174
decision_type=2 2 2 2 2 2 2
left_child=1 4 3 -2 -1 -3 -4
right_child=2 5 6 -5 -6 -7 -8
leaf_value=0.030543177347814893 -0.0061086979684554146 -0.0058638193034913771 0.022182716266835795 0.016842448068777018 0.0012830971950215108 -0.023211191477368689 -0.0042849342984305483
leaf_weight=80.608571663848124 495.71257025448722 920.77739123860374 334.05432241922244 207.96707974228775 364.74484993726946 230.63375378580531 50.264207034371793
leaf_count=180 1694 2836 970 885 1032 476 99
internal_value=2.47217e-05 -0.00486558 0.00718704 0.000773419 0.00696986 -0.00945786 0.0187063
internal_weight=2684.76 1596.76 1088 703.68 445.353 1151.41 384.319
internal_count=8172 4524 3648 2579 1212 3312 1069
is_linear=0
shrinkage=0.034558


Tree=47
num_leaves=8
num_cat=0
split_feature=1 22 11 0 13 12 0
split_gain=97.9623 84.583 111.001 93.6926 78.3808 66.7668 25.2829
threshold=2.9105000000000003e-05 0.031239415508183276 6.8270243900192611 1100906.2000000004 6.4640000000000013 56.414571977824046 156673260.20000002
decision_type=2 2 2 2 2 2 2
left_child=1 3 -3 -1 6 -6 -2
right_child=4 2 -4 -5 5 -7 -8
leaf_value=0.031619645224513424 0.021444883842961053 0.010299950439787943 -0.010523574715535595 0.0043317707353471169 -0.01965923088665875 0.021973392149090033 -0.0019083646278795193
leaf_weight=232.89715242190869 85.515863656997681 557.69298538006842 659.66899685151293 409.43126048077829 553.75096109509468 44.383861468813848 135.31512620672584
leaf_count=916 57 1350 1703 1231 507 1492 916
internal_value=2.78701e-06 0.00438741 -0.000979635 0.0144601 -0.00990651 -0.0163515 0.00751611
internal_weight=2678.66 1859.69 1217.36 642.328 818.966 598.135 220.831
internal_count=8172 5200 3053 2147 2972 1999 973
is_linear=0
shrinkage=0.034558


Tree=48
num_leaves=8
num_cat=0
split_feature=2 20 8 0 0 24 22
split_gain=98.7884 88.6519 94.2006 75.8942 63.9935 27.7209 23.4035
threshold=23.500000000000004 -0.0083747876688304839 6.8824659692650272 913722.40000000014 5559659.6499999957 0.0036441986420908952 0.019509707519995128
decision_type=2 2 2 2 2 2 2
left_child=1 4 -3 5 -1 -2 -5
right_child=3 2 -4 6 -6 -7 -8
leaf_value=-0.025314030641087785 -0.010577958804880525 -0.0011586500853587045 0.016883439339990626 -0.0030987123218694742 0.0062862913521236014 0.041823031676017759 -0.014777587803313487
leaf_weight=170.29340806917753 12.968956121563677 628.68232615478337 758.24940635729581 308.68418896081857 130.62945303576998 39.926496427680831 629.90325927338563
leaf_count=347 1089 1576 2000 631 584 264 1681
internal_value=-2.90558e-05 0.00505098 0.00874039 -0.00865185 -0.0117654 0.0292405 -0.010988
internal_weight=2679.34 1687.85 1386.93 991.483 300.923 52.8955 938.587
internal_count=8172 4507 3576 3665 931 1353 2312
is_linear=0
shrinkage=0.034558


Tree=49
num_leaves=8
num_cat=0
split_feature=2 15 2 5 2 21 16
split_gain=73.9741 63.1686 63.5578 60.8435 53.3096 25.2047 23.7668
threshold=24.500000000000004 0.0061081122962557619 30.500000000000004 28.933795192156307 22.500000000000004 0.92159881512557174 -0.021660445571399897
decision_type=2 2 2 2 2 2 2
left_child=3 2 -2 6 -5 -3 -1
right_child=1 5 -4 4 -6 -7 -8
leaf_value=-0.0067612066346077922 -0.0060273962481438969 0.02138193280998147 0.016405690741687726 -0.0037822696421876108 -0.02095413380201221 -0.0042923663518256334 0.022932529038248967
leaf_weight=39.98887119081337 494.76248027099064 335.98834259668365 208.67073890453321 1176.4586976782884 258.80378154979553 50.241156602394767 115.78729930368718
leaf_count=78 1694 970 885 3548 577 99 321
internal_value=2.01777e-05 0.00693191 0.000723371 -0.00472312 -0.00696535 0.0180252 0.015347
internal_weight=2680.7 1089.66 703.433 1591.04 1435.26 386.229 155.776
internal_count=8172 3648 2579 4524 4125 1069 399
is_linear=0
shrinkage=0.034558


Tree=50
num_leaves=8
num_cat=0
split_feature=1 19 19 2 13 2 10
split_gain=94.3675 89.3781 100.16 81.3294 75.2713 64.5678 24.1521
threshold=2.9105000000000003e-05 -0.040998514325197681 -0.074243824897885877 30.500000000000004 6.4640000000000013 48.500000000000007 6.2908591253151362
decision_type=2 2 2 2 2 2 2
left_child=1 2 -1 -3 6 -6 -2
right_child=4 3 -4 -5 5 -7 -8
leaf_value=0.012955166737921081 -0.0019240681304139643 0.013758493318873704 -0.015162695427180265 -0.011061792437277024 -0.018816077814969679 0.028947026930512678 0.020873997776655537
leaf_weight=221.0564442006289 135.334104642272 1011.7765246163181 445.11222367564915 181.09700724028517 563.86800989159383 29.818272984819487 85.841879189014435
leaf_count=643 916 2595 1040 922 1972 27 57
internal_value=8.88475e-06 0.00430612 -0.00579458 0.00994783 -0.00974808 -0.0161078 0.00729315
internal_weight=2673.9 1859.04 666.169 1192.87 814.862 593.686 221.176
internal_count=8172 5200 1683 3517 2972 1999 973
is_linear=0
shrinkage=0.034558


Tree=51
num_leaves=8
num_cat=0
split_feature=2 20 19 8 13 7 22
split_gain=92.599 84.1733 92.7469 38.573 23.7013 72.7942 25.2484
threshold=23.500000000000004 -0.0083747876688304839 -0.004820286669233508 8.8595119465205041 6.4863000000000008 6.629057771126222 0.015921602412753009
decision_type=2 2 2 2 2 2 2
left_child=1 3 -3 -1 6 -6 -2
right_child=4 2 -4 -5 5 -7 -8
leaf_value=-0.00013135488591360778 -0.0021582817229304535 0.014051642179130745 -0.0056582220406665128 -0.024715478473377225 0.020037093423494457 -0.0098036058514028839 -0.022042823765136464
leaf_weight=164.19008310884237 114.63202039338648 995.28717410325771 393.98662377666915 135.38241713648313 112.67980152368546 527.29379398372839 231.0223143287003
leaf_count=483 227 2151 1425 448 96 2320 1022
internal_value=-2.82735e-05 0.0048786 0.00846174 -0.0115521 -0.00841118 -0.00438961 -0.0156221
internal_weight=2674.47 1688.85 1389.27 299.573 985.628 639.974 345.654
internal_count=8172 4507 3576 931 3665 2416 1249
is_linear=0
shrinkage=0.034558


Tree=52
num_leaves=8
num_cat=0
split_feature=20 15 15 11 23 22 5
split_gain=74.736 78.2097 80.0052 43.8909 43.459 29.3093 21.4733
threshold=-0.0068911323354590151 0.0099152014862638228 0.0061081122962557619 47.017877954716056 -0.0028782938534461229 0.062073534003273555 23.344553216120875
decision_type=2 2 2 2 2 2 2
left_child=4 2 -2 -3 6 -6 -1
right_child=1 3 -4 -5 5 -7 -8
leaf_value=0.019719864015976699 -0.0050374975597551695 -0.015848741532712738 0.011874435075688871 0.02000718521546925 0.022311478807191729 0.0039694801516093432 -0.0092162578419314849
leaf_weight=31.011808175535407 893.40566007659072 578.17895165458322 524.20894201373449 37.949622936896048 292.89727553009288 164.74115774140228 153.82764309324557
leaf_count=101 3258 1105 1695 453 756 393 411
internal_value=1.38756e-05 -0.00323559 0.00124385 -0.0134403 0.010224 0.015868 -0.003819
internal_weight=2676.22 2033.74 1417.61 616.129 642.478 457.638 184.839
internal_count=8172 6511 4953 1558 1661 1149 512
is_linear=0
shrinkage=0.034558


Tree=53
num_leaves=8
num_cat=0
split_feature=10 12 19 4 18 8 19
split_gain=84.9961 100.13 73.1022 50.0706 61.688 32.138 23.3844
threshold=6.4234077104267531 6.0071426559414887 0.023356377539577981 0.0074495783035424265 0.016910140927027365 57.589332418492027 0.012841727293771645
decision_type=2 2 2 2 2 2 2
left_child=1 6 -3 4 -2 -5 -1
right_child=3 2 -4 5 -6 -7 -8
leaf_value=-0.0050642248196365331 0.00074695238421541616 0.03792982374663742 0.0020356338335281985 -0.019524156035686729 -0.023332609816323131 0.01743098586010591 0.010476310171571952
leaf_weight=343.38892401382327 1414.1370135341713 185.94349449872971 105.7185161113739 296.02649402618408 132.56115199043415 25.59916559595149 165.59500423818827
leaf_count=1791 3560 100 78 295 462 1016 870
internal_value=1.44175e-05 0.00938715 0.025272 -0.00402219 -0.00141263 -0.0162741 6.53306e-05
internal_weight=2668.97 800.646 291.662 1868.32 1546.7 321.626 508.984
internal_count=8172 2839 178 5333 4022 1311 2661
is_linear=0
shrinkage=0.034558


Tree=54
num_leaves=8
num_cat=0
split_feature=1 7 10 0 21 24 4
split_gain=88.6763 95.7896 93.378 41.499 34.6624 36.1624 14.5412
threshold=7.7905000000000007e-05 6.4774021796083865 55.827804296973504 5921173.9000000013 0.83157140152126519 0.0042633306774388377 -0.011232273539939717
decision_type=2 2 2 2 2 2 2
left_child=1 3 -3 -1 6 -6 -2
right_child=4 2 -4 -5 5 -7 -8
leaf_value=-0.016610897591912126 -0.00029885239427372337 0.010363033268061487 -0.018536995110771892 -0.00022143868210662296 0.037362775002298607 -0.011463387251161522 -0.02163634962174649
leaf_weight=324.58054566383362 43.764587380195735 1380.3982389569283 141.32831763243303 416.39216588996351 22.755626656755339 40.46450502978405 300.75793597719166
leaf_count=269 213 986 3192 2182 151 179 1000
internal_value=-2.98076e-05 0.00265518 0.00760639 -0.00748906 -0.0147231 0.00808389 -0.0189858
internal_weight=2670.44 2262.7 1521.73 740.973 407.743 63.2201 344.523
internal_count=8172 6629 4178 2451 1543 330 1213
is_linear=0
shrinkage=0.034558


Tree=55
num_leaves=8
num_cat=0
split_feature=1 10 0 13 15 24 10
split_gain=151.102 66.7308 61.5674 38.2488 38.3368 32.4417 23.5077
threshold=3.5110000000000001e-05 55.827804296973504 1186275.7999999952 6.4098250000000005 0.0057654318767792851 0.0032581067626027195 6.308036585999635
decision_type=2 2 2 2 2 2 2
left_child=1 2 -1 6 -5 -3 -2
right_child=3 5 -4 4 -6 -7 -8
leaf_value=-0.015884554495576065 0.0059727383108872699 0.031027352652953439 -0.0023338226469470794 0.0021787332491262036 0.022390277805840172 -0.0010358719892007285 -0.022010579625786994
leaf_weight=607.19715309143066 135.9202125929296 77.999758563237265 1159.1441478859633 152.771899523912 431.1830548128346 66.916482627828373 40.874202251434326
leaf_count=250 875 1091 2645 951 870 1466 24
internal_value=1.56618e-05 -0.00516983 -0.00703634 0.0129717 0.0171911 0.0168563 -0.0010888
internal_weight=2672.01 1911.26 1766.34 760.749 583.955 144.916 176.794
internal_count=8172 5452 2895 2720 1821 2557 899
is_linear=0
shrinkage=0.034558


Tree=56
num_leaves=8
num_cat=0
split_feature=1 22 11 0 8 12 0
split_gain=89.429 77.7483 98.8526 87.7253 67.6378 62.0075 23.831
threshold=2.9105000000000003e-05 0.031239415508183276 6.8270243900192611 1100906.2000000004 6.4634626488739695 56.414571977824046 156673260.20000002
decision_type=2 2 2 2 2 2 2
left_child=1 3 -3 -1 6 -6 -2
right_child=4 2 -4 -5 5 -7 -8
leaf_value=0.030330366403052245 0.020890996809598845 0.009612735031435924 -0.010074041994695353 0.0040068530343592458 -0.018762180520990976 0.021268760000595889 -0.0021290364405250916
leaf_weight=234.82407786752447 80.684996545314789 559.29045869037509 652.24545088445302 410.28837642073631 547.19511020183563 44.656782847130671 135.65900309570134
leaf_count=916 53 1350 1703 1231 511 1492 916
internal_value=1.41653e-05 0.00419015 -0.000982871 0.0138115 -0.00953283 -0.0155284 0.00684192
internal_weight=2664.84 1856.65 1211.54 645.112 808.196 591.852 216.344
internal_count=8172 5200 3053 2147 2972 2003 969
is_linear=0
shrinkage=0.034558


Tree=57
num_leaves=8
num_cat=0
split_feature=1 7 10 11 21 5 4
split_gain=83.9567 89.836 87.4719 57.1677 33.6999 28.2465 14.1651
threshold=7.7905000000000007e-05 6.4774021796083865 55.827804296973504 6.3714740196852047 0.83157140152126519 67.283444624559664 -0.011232273539939717
decision_type=2 2 2 2 2 2 2
left_child=1 3 -3 -1 6 -6 -2
right_child=4 2 -4 -5 5 -7 -8
leaf_value=-0.000420808675818138 -0.00019526570639487201 0.009999505016441524 -0.018137914549022426 -0.020656990375103174 0.028989867540355787 -0.013089301747587049 -0.021273839932560809
leaf_weight=492.27285985648632 43.663913642871194 1384.4722521901131 139.34982412168756 245.33482992649078 30.483496178349014 32.723241510218941 297.55836350927711
leaf_count=2235 213 986 3192 216 98 232 1000
internal_value=-3.19392e-05 0.00257313 0.00735523 -0.00728247 -0.0143945 0.00807176 -0.0186347
internal_weight=2665.86 2261.43 1523.82 737.608 404.429 63.2067 341.222
internal_count=8172 6629 4178 2451 1543 330 1213
is_linear=0
shrinkage=0.034558


Tree=58
num_leaves=8
num_cat=0
split_feature=20 15 15 10 4 8 6
split_gain=71.2998 86.7874 75.1663 48.7942 38.867 31.9138 15.0047
threshold=-0.0058091837218816047 0.010059605576960461 0.0061081122962557619 51.438104668244698 0.014325373864069292 46.244442432129787 -0.00095879171825533928
decision_type=2 2 2 2 2 2 2
left_child=3 2 -2 4 -1 -3 -5
right_child=1 5 -4 6 -6 -7 -8
leaf_value=0.0013057932942848037 -0.0055890904975173334 -0.01768856544873515 0.011413921231525313 0.041723016853260055 0.022177772649608931 0.016313690275040142 0.014007330904952525
leaf_weight=614.90298362448812 795.88195335833007 496.44356051087379 499.37904617009917 52.719021824479569 122.14445773139596 29.938244891585782 55.919248195190448
leaf_count=975 3035 999 1579 532 225 386 441
internal_value=1.45947e-05 -0.00383355 0.00099242 0.00826709 0.00494084 -0.0155659 0.0291685
internal_weight=2667.33 1821.64 1295.26 845.686 737.047 526.382 108.638
internal_count=8172 5999 4614 2173 1200 1385 973
is_linear=0
shrinkage=0.034558


Tree=59
num_leaves=8
num_cat=0
split_feature=12 12 22 2 20 2 4
split_gain=64.1528 112.545 109.039 78.0507 69.472 18.9279 0.655921
threshold=6.1877597983466046 6.0071426559414887 0.032320641461330325 10.500000000000002 0.0040019678594396266 29.500000000000004 0.00011576248336275798
decision_type=2 2 2 2 2 2 2
left_child=1 5 4 -4 -2 -1 -3
right_child=2 6 3 -5 -6 -7 -8
leaf_value=0.0019945842262588322 0.01009789642151652 0.022427699727839156 0.037597256454730964 -0.011878706571790057 -0.023260998771784377 -0.020285667668854545 0.033158914085023097
leaf_weight=504.25304820202291 693.74531441828003 97.528826773166656 32.762120226281695 1093.2477798362961 76.772342047246639 42.988620724529028 117.95703685283661
leaf_count=2286 2307 59 76 2609 352 414 69
internal_value=1.73783e-05 0.00843607 -0.00338694 -0.0102158 0.0065946 1.02416e-05 0.0291605
internal_weight=2659.26 762.728 1896.53 1126.01 770.518 547.242 215.486
internal_count=8172 2828 5344 2685 2659 2700 128
is_linear=0
shrinkage=0.034558


Tree=60
num_leaves=8
num_cat=0
split_feature=19 20 19 6 7 10 6
split_gain=69.1036 118.693 62.5931 46.9122 46.6128 56.8721 39.1997
threshold=-0.049574538806907591 -0.0083747876688304839 -0.065623013833748065 -0.00029198496352725501 6.4774021796083865 55.827804296973504 0.00083949034573662566
decision_type=2 2 2 2 2 2 2
left_child=1 3 -3 -1 6 -6 -2
right_child=4 2 -4 -5 5 -7 -8
leaf_value=-0.018852912235683215 -0.017591018380550945 0.0058210834287230062 0.030045660709846923 0.014388568747111179 0.0036598691457936905 -0.016462911400830182 -0.00052595885674898977
leaf_weight=190.48483402701095 401.72627806849778 255.24172675062437 255.86892345192609 62.446502994454931 1037.0153802335262 192.84473309363239 265.69876246713102
leaf_count=562 1578 522 436 187 837 3277 773
internal_value=-3.81252e-05 0.00869043 0.0181903 -0.0104794 -0.00357216 0.000429254 -0.0108735
internal_weight=2661.33 764.042 511.111 252.931 1897.29 1229.86 667.425
internal_count=8172 1707 958 749 6465 4114 2351
is_linear=0
shrinkage=0.034558


Tree=61
num_leaves=8
num_cat=0
split_feature=20 15 15 10 0 8 14
split_gain=67.6946 82.1085 67.8945 37.6734 43.2472 30.9199 10.6368
threshold=-0.0061965236693066741 0.0099152014862638228 0.0061081122962557619 51.438104668244698 1089530.1000000003 46.244442432129787 14.102606205831735
decision_type=2 2 2 2 2 2 2
left_child=3 2 -2 4 -1 -3 -5
right_child=1 5 -4 6 -6 -7 -8
leaf_value=-0.014585604811830348 -0.0048832620413426769 -0.016541256544851016 0.01113574481100171 0.0087954650257363598 0.0093202897849812977 0.014081276580423579 0.036406321698742465
leaf_weight=100.44811916351318 821.13160470753792 531.53381986357272 504.03807938686805 29.3751864360529 577.49864146858454 37.266758625628427 61.327700685418677
leaf_count=40 3111 1058 1601 175 1071 421 695
internal_value=1.87767e-05 -0.00349184 0.00123618 0.00862246 0.0056654 -0.0143881 0.0287351
internal_weight=2662.62 1893.97 1325.17 768.65 677.947 568.801 90.7029
internal_count=8172 6191 4712 1981 1111 1479 870
is_linear=0
shrinkage=0.034558


Tree=62
num_leaves=8
num_cat=0
split_feature=1 19 6 2 13 12 7
split_gain=84.6599 76.1747 99.7494 72.1477 64.8901 59.1067 20.9327
threshold=2.9105000000000003e-05 -0.040998514325197681 -0.0010799553442904319 30.500000000000004 6.4640000000000013 56.414571977824046 6.0933044295423242
decision_type=2 2 2 2 2 2 2
left_child=1 2 -1 -3 6 -6 -2
right_child=4 3 -4 -5 5 -7 -8
leaf_value=0.013408596340646268 -0.0021583970343813609 0.012819156183814743 -0.014769635394662849 -0.010644981774179382 -0.018606586200493526 0.020406651028049855 0.018993285297254889
leaf_weight=219.70477057865355 135.67111792042851 1015.6828018895758 438.76796363905305 179.28557020760491 533.75119650363922 45.014598079782445 86.545805871486664
leaf_count=566 916 2595 1117 922 507 1492 57
internal_value=1.93886e-05 0.00407585 -0.00532559 0.00925725 -0.00932109 -0.0153646 0.00640791
internal_weight=2654.42 1853.44 658.473 1194.97 800.983 578.766 222.217
internal_count=8172 5200 1683 3517 2972 1999 973
is_linear=0
shrinkage=0.034558


Tree=63
num_leaves=8
num_cat=0
split_feature=2 20 19 0 0 24 8
split_gain=79.1419 75.5836 79.8299 69.9371 61.2687 24.9065 16.9919
threshold=23.500000000000004 -0.0083747876688304839 -0.004820286669233508 913722.40000000014 5559659.6499999957 0.0036441986420908952 56.193859568020599
decision_type=2 2 2 2 2 2 2
left_child=1 4 -3 5 -1 -2 -5
right_child=3 2 -4 6 -6 -7 -8
leaf_value=-0.024633192869188622 -0.0098790925460353497 0.01301733519451213 -0.0053230366992412246 -0.0082576690187270221 0.0064707770664852128 0.040195879244913045 -0.022410395463198236
leaf_weight=166.64970984519459 12.664732768665997 998.77924266585615 390.12760127655929 803.75940685719252 129.78921901667491 40.259827339177718 113.4840689401608
leaf_count=347 1089 2151 1425 1742 584 264 570
internal_value=-3.88646e-05 0.00448266 0.00786488 -0.00786937 -0.0111799 0.0284588 -0.0101652
internal_weight=2655.51 1685.35 1388.91 970.168 296.439 52.9246 917.243
internal_count=8172 4507 3576 3665 931 1353 2312
is_linear=0
shrinkage=0.034558


Tree=64
num_leaves=8
num_cat=0
split_feature=1 18 0 21 21 0 19
split_gain=133.35 62.9116 52.2423 37.9991 37.4281 36.2258 10.1022
threshold=3.5110000000000001e-05 -0.022241882019000844 6018011.6000000006 0.052711455682883608 0.9122859890116819 5559659.6499999957 0.055406342261302928
decision_type=2 2 2 2 2 2 2
left_child=1 3 -3 -1 5 -2 -6
right_child=4 2 -4 -5 6 -7 -8
leaf_value=-0.0074610590263814109 0.019082023332324675 -0.012394356155985593 0.0032361603136479193 0.012285285765956881 -0.019387459102424287 0.001278953392817308 0.010814230804435564
leaf_weight=171.73619070806308 515.83717384701595 1059.5889668719319 332.47135913465172 331.11960513447411 48.439678653609008 186.15240761567838 12.377630617702378
leaf_count=375 1326 2050 2119 908 185 1106 103
internal_value=2.16847e-05 -0.00489021 -0.00866374 0.00553163 0.012157 0.0144203 -0.0127589
internal_weight=2657.72 1894.92 1392.06 502.856 762.807 701.99 60.8173
internal_count=8172 5452 4169 1283 2720 2432 288
is_linear=0
shrinkage=0.034558


Tree=65
num_leaves=8
num_cat=0
split_feature=9 22 0 2 0 7 2
split_gain=60.8603 86.3281 66.9193 64.529 47.5463 66.8107 45.4567
threshold=6.5249583615844218 0.031239415508183276 1120876.4000000001 10.500000000000002 5217455.9499999965 6.4316802138855165 27.500000000000004
decision_type=2 2 2 2 2 2 2
left_child=4 2 -2 -3 6 -6 -1
right_child=1 3 -4 -5 5 -7 -8
leaf_value=0.030032329282410956 0.013701644454087964 0.034501948321036445 -0.010781067382678962 -0.011899442575482066 0.0056260755392797089 -0.027224617454614696 0.00081015800372989514
leaf_weight=161.80614364147186 420.6533507234999 30.499034193344414 187.64171044481918 985.03463855391601 684.73291712626815 75.820269882678986 102.61462330818176
leaf_count=88 1758 77 710 2607 2789 71 72
internal_value=1.72043e-05 -0.00413885 0.00611269 -0.0102792 0.0065849 0.00213273 0.0190054
internal_weight=2648.8 1623.83 608.295 1015.53 1024.97 760.553 264.421
internal_count=8172 5152 2468 2684 3020 2860 160
is_linear=0
shrinkage=0.034558


Tree=66
num_leaves=8
num_cat=0
split_feature=1 1 12 24 21 24 22
split_gain=77.6827 83.4364 80.6049 75.2075 32.0429 33.9844 8.48661
threshold=7.7905000000000007e-05 -4.3644999999999993e-05 6.2240013222207304 0.0032772559626975599 0.83157140152126519 0.0042633306774388377 0.030141423570771184
decision_type=2 2 2 2 2 2 2
left_child=1 3 -3 -1 6 -6 -2
right_child=4 2 -4 -5 5 -7 -8
leaf_value=-0.023621179536970464 -0.01117666160732148 -0.006326784705041783 0.011548321275111014 0.00044389924083704555 0.03602666455773175 -0.011209703175539803 -0.023147273688837393
leaf_weight=223.23331653448986 149.66782672764384 402.04503082111478 1151.6490012123541 474.41247363499133 23.099708924011793 40.128444120229688 186.12875627778703
leaf_count=627 489 1509 3007 1486 151 179 724
internal_value=-3.66962e-05 0.00246545 0.0069152 -0.00741463 -0.0139532 0.00791846 -0.0181491
internal_weight=2650.36 2251.34 1553.69 697.646 399.025 63.2282 335.797
internal_count=8172 6629 4516 2113 1543 330 1213
is_linear=0
shrinkage=0.034558


Tree=67
num_leaves=7
num_cat=0
split_feature=1 2 20 14 2 14
split_gain=126.607 93.8775 89.3195 52.07 34.1324 35.407
threshold=4.5725000000000007e-05 30.500000000000004 -0.0076977760964653244 73.951512588695053 42.500000000000007 24.25212163863814
decision_type=2 2 2 2 2 2
left_child=1 2 -1 -3 5 -2
right_child=4 3 -4 -5 -6 -7
leaf_value=0.0068104518434719047 0.030378998073409384 0.027496376791274698 -0.011128188362720859 -0.010016064130279383 -0.019165624416385925 0.010406868164706155
leaf_weight=431.44138979131822 135.30018137674779 152.24313638513559 1368.9341839752742 56.958476566011086 30.916566231288016 477.05445995740592
leaf_count=1060 357 829 3710 152 43 2021
internal_value=1.73207e-05 -0.00425854 -0.00681965 0.0172894 0.0132771 0.0151132
internal_weight=2652.85 2009.58 1800.38 209.202 643.271 612.355
internal_count=8172 5751 4770 981 2421 2378
is_linear=0
shrinkage=0.034558


Tree=68
num_leaves=8
num_cat=0
split_feature=10 22 19 12 19 19 19
split_gain=65.0933 92.0965 87.9973 87.9947 84.2125 64.3207 21.4614
threshold=6.4234077104267531 0.031239415508183276 0.017090180942361814 6.0071426559414887 -0.074243824897885877 0.023356377539577981 0.012841727293771645
decision_type=2 2 2 2 2 2 2
left_child=3 2 -2 6 -3 -5 -1
right_child=1 4 -4 5 -6 -7 -8
leaf_value=-0.0054354099909588423 0.010640768404807833 0.0086810338759677457 -0.021537862618050494 0.03489170797126355 -0.014893859080898785 0.0013140245989140781 0.0094059362727159142
leaf_weight=344.34586423076689 642.94644275816972 223.72690727422014 113.57381076080492 186.7163690328598 859.46479770622682 105.96474921703339 167.00041513703763
leaf_count=1791 2036 495 532 100 2270 78 870
internal_value=1.94067e-05 -0.00356473 0.00565672 0.00818033 -0.0100001 0.0230496 -0.000526806
internal_weight=2643.74 1839.71 756.52 804.027 1083.19 292.681 511.346
internal_count=8172 5333 2568 2839 2765 178 2661
is_linear=0
shrinkage=0.034558


Tree=69
num_leaves=8
num_cat=0
split_feature=1 1 12 0 21 18 4
split_gain=73.1552 80.1145 75.3975 62.3022 30.957 28.9635 13.9483
threshold=7.7905000000000007e-05 -4.3644999999999993e-05 6.2240013222207304 1130061.4000000001 0.83157140152126519 0.021320754985036054 -0.011232273539939717
decision_type=2 2 2 2 2 2 2
left_child=1 3 -3 -1 6 -6 -2
right_child=4 2 -4 -5 5 -7 -8
leaf_value=-0.026807316877462344 0.00054010176425258502 -0.0061179317929682198 0.011197269431984075 -0.0018601389238274892 0.030496428022300417 -0.012248718155435729 -0.020446292290508747
leaf_weight=146.25269311270677 42.949642442574259 399.99277416802943 1154.4645059602917 549.22535307845101 28.048073974146973 35.197725809935946 289.27651311241789
leaf_count=485 213 1509 3007 1628 126 204 1000
internal_value=-4.0148e-05 0.00238036 0.00673427 -0.00732117 -0.0136129 0.00785775 -0.017778
internal_weight=2645.41 2249.94 1554.46 695.478 395.472 63.2458 332.226
internal_count=8172 6629 4516 2113 1543 330 1213
is_linear=0
shrinkage=0.034558


Tree=70
num_leaves=8
num_cat=0
split_feature=1 2 18 2 0 23 19
split_gain=119.384 93.9666 75.06 47.2294 31.0217 35.2176 21.3096
threshold=3.5110000000000001e-05 30.500000000000004 -0.022241882019000844 44.500000000000007 5559659.6499999957 -0.0026745079736401052 0.0044470507098014487
decision_type=2 2 2 2 2 2 2
left_child=1 2 -1 -3 5 -2 -6
right_child=4 3 -4 -5 6 -7 -8
leaf_value=0.0041168162963547425 0.00061170072918706431 0.028330762356980767 -0.01202087263358388 -0.0053413543826342901 -0.010050542608532241 0.020644231500227213 0.011377274870730383
leaf_weight=478.47198620589916 139.80117605993291 136.55410934286192 1193.4475060664408 73.150006763084093 110.29930809698999 416.96896100859158 98.077376022934914
leaf_count=1227 269 643 3244 338 565 1193 693
internal_value=2.48548e-05 -0.00465573 -0.00740466 0.016792 0.0114731 0.0156843 7.69361e-05
internal_weight=2646.77 1881.62 1671.92 209.704 765.147 556.77 208.377
internal_count=8172 5452 4471 981 2720 1462 1258
is_linear=0
shrinkage=0.034558


Tree=71
num_leaves=8
num_cat=0
split_feature=10 15 12 20 12 2 9
split_gain=60.772 104.239 84.1066 64.9222 61.1083 60.8293 18.4983
threshold=6.4234077104267531 0.0057021088018305204 6.0071426559414887 0.0040019678594396266 6.1877597983466046 10.500000000000002 0.16733870061746289
decision_type=2 2 2 2 2 2 2
left_child=2 3 6 -2 -4 -3 -1
right_child=1 5 4 -5 -6 -7 -8
leaf_value=0.016003214543512442 0.011335575059389024 0.026381407657722879 0.033952730315824006 -0.01976103657660103 0.0012182865562432848 -0.011443121285440828 -0.0031374132250574604
leaf_weight=62.495940856635571 593.15434640378226 46.710408806160558 186.98281502723694 86.042978532757843 105.78232079744339 1106.8390477811918 449.08532531373203
leaf_count=627 2022 111 97 441 81 2759 2034
internal_value=1.53275e-05 -0.00345937 0.00789415 0.00723474 0.0224297 -0.00976161 -0.000614682
internal_weight=2637.09 1832.75 804.346 679.197 292.765 1153.55 511.581
internal_count=8172 5333 2839 2463 178 2870 2661
is_linear=0
shrinkage=0.034558


Tree=72
num_leaves=8
num_cat=0
split_feature=2 20 22 0 0 24 22
split_gain=73.1652 71.9823 79.2299 63.9319 59.6237 22.6189 22.4473
threshold=23.500000000000004 -0.0083747876688304839 0.020953043088952298 913722.40000000014 5559659.6499999957 0.0036441986420908952 0.013478839521067895
decision_type=2 2 2 2 2 2 2
left_child=1 4 -3 5 -1 -2 -5
right_child=3 2 -4 6 -6 -7 -8
leaf_value=-0.024391529215515559 -0.0096447683265706175 -0.014311951607429884 0.010670146499853794 0.0031347767303857416 0.0063528543499510991 0.038106363054527179 -0.012075998086845386
leaf_weight=165.08318942377809 12.540805313998133 166.86036509653786 1218.2137412914308 133.05653856229037 129.79779657046311 40.630693894956494 774.60106531647034
leaf_count=347 1089 508 3068 275 584 264 2037
internal_value=-4.39559e-05 0.0043016 0.00760371 -0.00761807 -0.0110253 0.0270321 -0.00983927
internal_weight=2640.78 1679.96 1385.07 960.829 294.881 53.1715 907.658
internal_count=8172 4507 3576 3665 931 1353 2312
is_linear=0
shrinkage=0.034558


Tree=73
num_leaves=8
num_cat=0
split_feature=1 2 14 19 13 23 19
split_gain=112.548 89.4141 49.3602 42.9434 29.788 36.6536 18.6921
threshold=3.5110000000000001e-05 30.500000000000004 73.951512588695053 -0.029594380162821895 6.4098250000000005 -0.0026745079736401052 -0.0051343736479109716
decision_type=2 2 2 2 2 2 2
left_child=1 3 -3 -1 6 -6 -2
right_child=4 2 -4 -5 5 -7 -8
leaf_value=-0.0023730801008599589 -0.014966630865492837 0.026264969046975499 -0.010187702864515764 -0.01357635097637349 0.00018818795049643525 0.019836933916366956 0.0072982556614179309
leaf_weight=949.16804424818838 66.093793211504817 153.10400320589542 57.011965048994171 715.40450644426164 152.40921459172387 437.31633116072044 110.44435633160174
leaf_count=2374 315 829 152 2097 346 1475 584
internal_value=3.14795e-05 -0.00452981 0.0163645 -0.00722475 0.0111308 0.0148207 -0.00129035
internal_weight=2640.95 1874.69 210.116 1664.57 766.264 589.726 176.538
internal_count=8172 5452 981 4471 2720 1821 899
is_linear=0
shrinkage=0.034558


Tree=74
num_leaves=8
num_cat=0
split_feature=8 15 7 2 2 0 4
split_gain=42.3006 82.8322 60.4455 45.0552 41.4203 36.3226 0.638097
threshold=6.4855686110168191 0.0040386949376997562 55.972123581169171 27.500000000000004 29.500000000000004 5217455.9499999965 0.013059450781832351
decision_type=2 2 2 2 2 2 2
left_child=4 2 -2 -3 5 -1 -6
right_child=1 3 -4 -5 6 -7 -8
leaf_value=0.020012778888833349 0.046647019774380342 -0.0088024153525964755 -0.014789631740074503 0.004044987882871459 -0.023936033998812001 0.0037023861962911893 -0.0061558422355872423
leaf_weight=206.6986797451973 57.934421062469482 1128.7119505898736 23.174522704241099 452.42636109664454 44.740225816145539 708.13462545163929 8.7611298970878106
leaf_count=116 14 2983 991 1196 381 2445 46
internal_value=1.25217e-05 -0.00332838 0.0293129 -0.00512464 0.00573026 0.00751157 -0.0220736
internal_weight=2630.58 1662.25 81.1089 1581.14 968.335 914.833 53.5014
internal_count=8172 5184 1005 4179 2988 2561 427
is_linear=0
shrinkage=0.034558


Tree=75
num_leaves=8
num_cat=0
split_feature=15 20 8 11 11 7 7
split_gain=59.3796 60.1381 82.9936 49.6516 99.2666 30.0918 14.6779
threshold=0.0084416886577357575 -0.0060508308514100042 6.7798234152356072 44.311343019023525 50.206492373707754 8.8263433449069399 6.6652025844187781
decision_type=2 2 2 2 2 2 2
left_child=3 5 -3 6 -5 -2 -1
right_child=1 2 -4 4 -6 -7 -8
leaf_value=-0.0065035227194728254 0.0040042149853762102 0.0015001442593102696 0.024069216875523346 0.022425551157522913 -0.0068737828162661434 -0.015228810309705059 -0.016045877061117261
leaf_weight=555.48324104957283 192.18175793625414 457.07051585800946 333.1418057095143 199.66032660007477 409.84815670101671 184.83609039988369 303.59480181336403
leaf_count=1539 598 1245 712 70 3105 517 386
internal_value=-4.29408e-05 0.00575633 0.0111427 -0.00465764 0.00286963 -0.00553065 -0.00997819
internal_weight=2635.82 1167.23 790.212 1468.59 609.508 377.018 859.078
internal_count=8172 3072 1957 5100 3175 1115 1925
is_linear=0
shrinkage=0.034558


Tree=76
num_leaves=8
num_cat=0
split_feature=20 15 0 9 15 19 14
split_gain=56.9255 74.9599 66.1798 37.7374 36.496 28.5117 12.4432
threshold=-0.0060508308514100042 0.0099152014862638228 4962755.6000000006 51.521732598260463 0.0060700888814851231 0.044288190939744128 14.102606205831735
decision_type=2 2 2 2 2 2 2
left_child=3 2 -2 4 -1 -3 -5
right_child=1 5 -4 6 -6 -7 -8
leaf_value=-0.011298388538450079 -0.0073664325763211731 -0.016425619681328663 0.0082222540507195831 0.007093626193293171 0.0086422221981241609 0.011094350815246621 0.037072487416161058
leaf_weight=128.29901001416147 585.28850874971249 495.45668294053758 714.5524648015853 27.545006701198872 582.5409739818424 44.556824098806828 57.200168910727371
leaf_count=147 2236 1147 2428 181 1002 316 715
internal_value=3.0263e-05 -0.00330911 0.00120116 0.00771433 0.00496807 -0.014042 0.0286131
internal_weight=2635.44 1839.85 1299.84 795.585 710.84 540.014 84.7452
internal_count=8172 6127 4664 2045 1149 1463 896
is_linear=0
shrinkage=0.034558


Tree=77
num_leaves=8
num_cat=0
split_feature=9 15 6 15 11 9 9
split_gain=48.33 81.0026 49.4556 44.2406 40.3773 42.8497 18.9889
threshold=6.5249583615844218 0.0040386949376997562 0.00088924787639918241 0.0058710235058077173 6.322378402674004 6.3579005424375863 6.2885984102536909
decision_type=2 2 2 2 2 2 2
left_child=4 2 -2 -3 6 -6 -1
right_child=1 3 -4 -5 5 -7 -8
leaf_value=0.0010163520569975162 0.040279353365704776 0.0017453279347360634 -0.022210947595614362 -0.010294932039831926 0.024432863023306894 0.0034311561851252028 -0.028161646587859916
leaf_weight=540.17602129839361 67.1069851948414 596.52212452830281 14.17942810608656 922.67202800902305 213.39243072271347 250.67644816637039 21.001269817352295
leaf_count=2683 871 1548 134 2599 132 188 17
internal_value=1.27296e-05 -0.00373441 0.0284818 -0.00558092 0.00584794 0.0133079 -0.000409105
internal_weight=2625.73 1600.48 81.2864 1519.19 1025.25 464.069 561.177
internal_count=8172 5152 1005 4147 3020 320 2700
is_linear=0
shrinkage=0.034558


Tree=78
num_leaves=8
num_cat=0
split_feature=22 24 22 4 9 10 9
split_gain=56.0692 89.6963 51.2041 38.3234 9.7505 8.50297 7.17018
threshold=0.076185480915498052 0.0061412341201086199 0.037591997362913465 -0.0019563878299527766 6.2648670073984531 6.6838997410728744 1.1944474088091028
decision_type=2 2 2 2 2 2 2
left_child=1 3 -3 -1 6 -6 -2
right_child=4 2 -4 -5 5 -7 -8
leaf_value=-0.011340126956997307 -0.012241440615347054 0.024626729943216449 0.0052941694359608625 0.00016113033188089093 -0.028847475239786619 -0.010540662007424652 0.015981010526499299
leaf_weight=526.05228150539915 18.254795938730243 205.79579355457099 734.70726386096794 985.42461572855245 85.013070821762085 63.300503359467257 11.720538221299647
leaf_count=2072 211 379 1840 3337 86 217 30
internal_value=-4.66868e-05 0.00133479 0.00967511 -0.00387557 -0.0183786 -0.0218614 -0.000269857
internal_weight=2630.27 2451.98 940.503 1511.48 178.289 148.314 29.9753
internal_count=8172 7628 2219 5409 544 303 241
is_linear=0
shrinkage=0.034558


Tree=79
num_leaves=8
num_cat=0
split_feature=15 15 13 15 10 6 22
split_gain=50.8777 81.9953 56.7618 87.6305 53.248 34.2396 32.7919
threshold=0.0099152014862638228 0.0061081122962557619 43.456750000000007 0.0107666781765782 56.449406363664352 -0.0013670499775088132 0.095952336033790192
decision_type=2 2 2 2 2 2 2
left_child=1 4 6 -4 -1 -3 -2
right_child=2 5 3 -5 -6 -7 -8
leaf_value=-0.0066286720695727681 -0.013105561346885663 0.023330732888336717 -0.020063205760000296 0.027363870598351301 0.014776305921409391 0.0071095542049098995 0.020643498684510916
leaf_weight=839.09974286146462 649.37217636592686 215.40404000179842 68.046110053663142 117.47431467199931 159.24243627631222 551.90561194112524 30.166472837328911
leaf_count=1116 1392 610 183 642 2352 1758 119
internal_value=2.87838e-05 0.00339061 -0.00680509 0.00987132 -0.00313531 0.011833 -0.0114121
internal_weight=2630.71 1765.65 865.059 185.52 998.342 767.31 679.539
internal_count=8172 5836 2336 825 3468 2368 1511
is_linear=0
shrinkage=0.034558


Tree=80
num_leaves=8
num_cat=0
split_feature=9 15 22 7 0 7 2
split_gain=45.9764 77.3857 66.3851 55.5864 41.5114 62.2371 41.0208
threshold=6.5249583615844218 0.0040386949376997562 0.016476453005970695 55.972123581169171 5217455.9499999965 6.4316802138855165 27.500000000000004
decision_type=2 2 2 2 2 2 2
left_child=4 3 -3 -2 6 -6 -1
right_child=1 2 -4 -5 5 -7 -8
leaf_value=0.027746510837332282 0.044284387337366747 0.016202311984563303 -0.0078393632972477492 -0.014599969461953194 0.0048953037508955004 -0.027011793225938989 5.7900853071772542e-05
leaf_weight=162.29313087463379 58.459177732467651 145.80628450316726 1367.943192019331 23.040818555629812 685.73107277788222 74.629205346107483 102.68923872709274
leaf_count=88 14 424 3723 991 2789 71 72
internal_value=1.7963e-05 -0.00364651 -0.00545971 0.0277991 0.0057053 0.00154578 0.017294
internal_weight=2620.59 1595.25 1513.75 81.5 1025.34 760.36 264.982
internal_count=8172 5152 4147 1005 3020 2860 160
is_linear=0
shrinkage=0.034558


Tree=81
num_leaves=8
num_cat=0
split_feature=1 1 15 20 21 24 15
split_gain=64.9926 75.6732 76.0948 70.9621 29.8584 31.8647 14.2956
threshold=7.7905000000000007e-05 -4.3644999999999993e-05 0.0084416886577357575 -0.0083747876688304839 0.83157140152126519 0.0042633306774388377 0.0052419117393652888
decision_type=2 2 2 2 2 2 2
left_child=1 2 -1 -3 6 -6 -2
right_child=4 3 -4 -5 5 -7 -8
leaf_value=-0.017228471917055125 0.00023977699885533902 -0.012501462051008811 0.0057231556077338682 0.0093059923176998707 0.035077002218909109 -0.01069129558864531 -0.020088093129479206
leaf_weight=388.42226486510481 48.157002904394176 198.96196042204974 301.20774120604619 1349.5753360231756 23.349012847582344 39.51972606551135 277.01280218883767
leaf_count=1236 349 501 877 4015 151 179 864
internal_value=-4.70913e-05 0.00222738 -0.00724717 0.00646044 -0.012973 0.00811806 -0.017136
internal_weight=2626.21 2238.17 689.63 1548.54 388.039 62.8687 325.17
internal_count=8172 6629 2113 4516 1543 330 1213
is_linear=0
shrinkage=0.034558


Tree=82
num_leaves=7
num_cat=0
split_feature=1 2 18 2 2 13
split_gain=103.283 81.1918 65.0937 43.5107 30.0456 33.1108
threshold=3.5110000000000001e-05 30.500000000000004 -0.022241882019000844 44.500000000000007 42.500000000000007 6.4098250000000005
decision_type=2 2 2 2 2 2
left_child=1 2 -1 -3 5 -2
right_child=4 3 -4 -5 -6 -7
leaf_value=0.0037231829107381821 -0.0010094606491858175 0.026525582650957929 -0.011338070065485224 -0.0057102369105924622 -0.019666991504857095 0.016165068410523453
leaf_weight=479.48175348946825 174.52311786822975 137.49093486199854 1169.7393300336844 73.199438390234718 31.173608436016366 560.1158447030466
leaf_count=1227 885 643 3244 338 43 1792
internal_value=2.94446e-05 -0.00436868 -0.00696205 0.0155025 0.0106539 0.012114
internal_weight=2625.72 1859.91 1649.22 210.69 765.813 734.639
internal_count=8172 5452 4471 981 2720 2677
is_linear=0
shrinkage=0.034558


Tree=83
num_leaves=8
num_cat=0
split_feature=10 12 19 4 12 0 19
split_gain=49.7072 77.15 58.8235 46.8 49.9618 48.8553 20.643
threshold=6.4234077104267531 6.0071426559414887 0.023356377539577981 -0.0059717611481638335 6.3563782344339623 1158271.3000000003 0.012841727293771645
decision_type=2 2 2 2 2 2 2
left_child=1 6 -3 5 -5 -2 -1
right_child=3 2 -4 4 -6 -7 -8
leaf_value=-0.005800323900017521 0.022681944243168977 0.032449353839524082 0.00040857025194540494 -0.023202977822621054 -0.0035209424564082606 -0.0028966754997774265 0.0087318831767909735
leaf_weight=345.26297380402684 147.78730679271393 185.86961609125137 106.33784353733063 168.64917451143265 1286.7555693301547 207.15061944816262 167.66810920089483
leaf_count=1791 711 100 78 193 3828 601 870
internal_value=1.77232e-05 0.00712533 0.0210717 -0.00315861 -0.00590181 0.00798632 -0.00099639
internal_weight=2615.48 805.139 292.207 1810.34 1455.4 354.938 512.931
internal_count=8172 2839 178 5333 4021 1312 2661
is_linear=0
shrinkage=0.034558


Tree=84
num_leaves=8
num_cat=0
split_feature=2 1 1 0 1 22 15
split_gain=62.2922 64.0058 71.7385 58.973 25.9111 19.7483 19.3999
threshold=23.500000000000004 7.3905000000000018e-05 -4.3644999999999993e-05 913722.40000000014 3.1425000000000005e-05 0.011922650315340531 0.012112865138743495
decision_type=2 2 2 2 2 2 2
left_child=1 2 -1 5 -5 -2 -3
right_child=3 6 -4 4 -6 -7 -8
leaf_value=-0.0045404748366751737 -0.014935000536357814 -0.020067259443249334 0.011481763895892921 -0.013957668527399896 -0.0018978806440779115 0.034279175234551429 0.011825960168062494
leaf_weight=491.38620841864031 7.7590475125180083 149.07124515346368 1012.9756739058066 541.88843504549004 351.51498185726814 45.32618076633662 21.926473554223776
leaf_count=1402 357 686 2245 1515 797 996 174
internal_value=-4.1836e-05 0.00395775 0.00625145 -0.00709851 -0.00926432 0.0261839 -0.0156734
internal_weight=2621.85 1675.36 1504.36 946.489 893.403 53.0852 170.998
internal_count=8172 4507 3647 3665 2312 1353 860
is_linear=0
shrinkage=0.034558


Tree=85
num_leaves=8
num_cat=0
split_feature=1 2 20 20 21 15 6
split_gain=97.5231 77.4278 66.0913 46.4073 33.9521 34.3829 5.87616
threshold=3.5110000000000001e-05 30.500000000000004 -0.0084987934448864082 0.0059392968237981245 0.9122859890116819 0.0095518704204425823 0.0018624882833261983
decision_type=2 2 2 2 2 2 2
left_child=1 2 -1 -3 5 -2 -6
right_child=4 3 -4 -5 6 -7 -8
leaf_value=0.0075275224741683357 0.017519565804515334 0.024971211630050349 -0.010125751745940206 -0.0099057567497923184 -0.020867618194201899 0.0010047974819631716 0.00030827227614121456
leaf_weight=306.75068932335125 488.00985526817385 151.34457168405061 1335.3784080552286 59.511511599994265 36.798929440439679 217.63846744166221 24.03667006152682
leaf_count=848 1721 828 3623 153 167 711 121
internal_value=2.21027e-05 -0.00426649 -0.00681015 0.0151256 0.0103346 0.0124859 -0.0133324
internal_weight=2619.47 1852.99 1642.13 210.856 766.484 705.648 60.8356
internal_count=8172 5452 4471 981 2720 2432 288
is_linear=0
shrinkage=0.034558


Tree=86
num_leaves=8
num_cat=0
split_feature=1 19 19 2 7 12 0
split_gain=72.4487 51.1325 92.8651 52.4755 46.1848 50.4983 37.1199
threshold=2.9105000000000003e-05 -0.040998514325197681 -0.074243824897885877 30.500000000000004 6.3933109916337525 56.414571977824046 156673260.20000002
decision_type=2 2 2 2 2 2 2
left_child=1 2 -1 -3 6 -6 -2
right_child=4 3 -4 -5 5 -7 -8
leaf_value=0.013960288104552019 0.031960218591222576 0.010974347337223796 -0.0134873838859238 -0.0092923016427871423 -0.016225169762099624 0.019719282629322141 -0.0027517085228615417
leaf_weight=217.68686555564636 42.883140861988068 1018.7617948917032 421.21128862418118 173.73029665040667 554.61846253275871 45.042628829891328 136.60387314669788
leaf_count=643 24 2595 1040 922 540 1492 916
internal_value=1.98377e-05 0.00377445 -0.0040854 0.00798476 -0.00876041 -0.0133289 0.00643007
internal_weight=2610.54 1831.39 638.898 1192.49 779.148 599.661 179.487
internal_count=8172 5200 1683 3517 2972 2032 940
is_linear=0
shrinkage=0.034558


Tree=87
num_leaves=8
num_cat=0
split_feature=1 1 15 20 22 16 15
split_gain=58.81 69.7838 71.9054 66.9217 22.7003 43.1896 17.4514
threshold=7.7905000000000007e-05 -4.3644999999999993e-05 0.0084416886577357575 -0.0083747876688304839 0.019070200269930854 0.0010543436641036188 0.012112865138743495
decision_type=2 2 2 2 2 2 2
left_child=1 2 -1 -3 5 -2 -6
right_child=4 3 -4 -5 6 -7 -8
leaf_value=-0.016821796937250187 -0.015182522623954987 -0.012303917556402007 0.0055468504872906357 0.0089222145981569037 -0.019505061226562932 0.030620902506268761 0.0092790358506981592
leaf_weight=383.62918126417208 57.034274796344107 197.81438881711802 301.30010118801147 1351.1629099738784 268.70118776671006 32.962747164885513 23.603105477057397
leaf_count=1236 207 501 877 4015 1060 87 189
internal_value=-4.01404e-05 0.00211379 -0.00702527 0.00616834 -0.0124379 0.00259281 -0.0170181
internal_weight=2616.21 2233.91 684.929 1548.98 382.301 89.997 292.304
internal_count=8172 6629 2113 4516 1543 294 1249
is_linear=0
shrinkage=0.034558


Tree=88
num_leaves=8
num_cat=0
split_feature=1 2 14 12 15 15 19
split_gain=91.2234 72.1843 44.6192 42.6188 28.8193 52.5944 36.4024
threshold=3.5110000000000001e-05 30.500000000000004 73.951512588695053 6.3563782344339623 0.0057654318767792851 0.0095518704204425823 -0.011511995105637827
decision_type=2 2 2 2 2 2 2
left_child=1 3 -3 -1 6 -6 -2
right_child=4 2 -4 -5 5 -7 -8
leaf_value=0.00060430328281285163 0.013441507475612778 0.023935489325079485 -0.01061742479049009 -0.010908040244177948 0.02267424725759714 0.0012509032891374074 -0.014762590381274423
leaf_weight=611.24943405203521 99.256152172281872 154.08114931487944 57.065746558568208 1022.9291947970924 330.76800769893453 231.52044311456848 105.57350243761903
leaf_count=1754 356 829 152 2717 840 800 724
internal_value=1.44391e-05 -0.00414914 0.014556 -0.00661774 0.009977 0.0139771 -0.00110292
internal_weight=2612.44 1845.33 211.147 1634.18 767.118 562.288 204.83
internal_count=8172 5452 981 4471 2720 1640 1080
is_linear=0
shrinkage=0.034558


Tree=89
num_leaves=8
num_cat=0
split_feature=1 13 1 19 19 20 7
split_gain=67.8404 50.5939 54.276 47.9631 89.2663 43.9509 18.0104
threshold=2.9105000000000003e-05 6.4640000000000013 8.2360000000000004e-05 -0.040998514325197681 -0.074243824897885877 -0.0061965236693066741 6.0933044295423242
decision_type=2 2 2 2 2 2 2
left_child=3 6 -3 4 -1 -5 -2
right_child=1 2 -4 5 -6 -7 -8
leaf_value=0.013648900081105798 -0.0026184848583123937 -0.02414894513447572 -0.0024625895185941054 -0.0072401532277660803 -0.013257085654313208 0.010613119980771435 0.016963419881456068
leaf_weight=218.56351346703013 136.34910255484283 290.97771324537462 259.71585760737071 191.65149954619119 418.46357198237092 1002.0933795782912 86.486467599868774
leaf_count=643 916 1100 899 513 1040 3004 57
internal_value=2.58383e-05 -0.00850983 -0.0140806 0.00365097 -0.00397764 0.00772134 0.00526678
internal_weight=2604.3 773.529 550.694 1830.77 637.027 1193.74 222.836
internal_count=8172 2972 1999 5200 1683 3517 973
is_linear=0
shrinkage=0.034558


Tree=90
num_leaves=8
num_cat=0
split_feature=2 20 1 8 21 20 2
split_gain=57.1334 60.7479 79.276 37.6006 19.2476 24.1756 9.76198
threshold=23.500000000000004 -0.0083747876688304839 7.3905000000000018e-05 8.8595119465205041 0.12505277368421722 0.0088390999895877637 30.500000000000004
decision_type=2 2 2 2 2 2 2
left_child=1 3 -3 -1 6 -6 -2
right_child=4 2 -4 -5 5 -7 -8
leaf_value=0.00098096706086584591 -0.024983902780072759 0.0097522868011228302 -0.016035377788123997 -0.023616858006210432 -0.0027799389354568231 -0.021763741345066527 -0.0017963677272240515
leaf_weight=159.25389558449388 87.676963472564239 1227.1995654730708 154.55183145107003 131.11983190616593 737.90672813291894 83.34312350791879 29.607221834477969
leaf_count=483 341 2808 768 448 2902 243 179
internal_value=-4.63529e-05 0.00377985 0.00680159 -0.0104208 -0.00684077 -0.00487414 -0.0195613
internal_weight=2610.66 1672.13 1381.75 290.374 938.534 821.25 117.284
internal_count=8172 4507 3576 931 3665 3145 520
is_linear=0
shrinkage=0.034558


Tree=91
num_leaves=7
num_cat=0
split_feature=1 2 20 14 2 14
split_gain=85.099 69.5614 62.308 42.2718 27.9857 30.4556
threshold=3.5110000000000001e-05 30.500000000000004 -0.0084987934448864082 73.951512588695053 42.500000000000007 24.25212163863814
decision_type=2 2 2 2 2 2
left_child=1 2 -1 -3 5 -2
right_child=4 3 -4 -5 -6 -7
leaf_value=0.0074502688612036495 0.024457857996026188 0.023446234937547841 -0.0097050174355505815 -0.010245091392053369 -0.019635617236751675 0.0072650398556209292
leaf_weight=306.80215240543475 153.05115511122858 154.22720571412356 1321.0396808576188 56.784476015745895 31.064709182595834 583.1306733530364
leaf_count=848 421 829 3623 152 43 2256
internal_value=1.16221e-05 -0.00402201 -0.00645367 0.0143418 0.00962795 0.0110361
internal_weight=2606.1 1838.85 1627.84 211.012 767.247 736.182
internal_count=8172 5452 4471 981 2720 2677
is_linear=0
shrinkage=0.034558


Tree=92
num_leaves=8
num_cat=0
split_feature=1 22 7 0 8 2 0
split_gain=64.0506 51.7214 83.8512 74.6875 47.227 50.4164 18.0076
threshold=2.9105000000000003e-05 0.031239415508183276 42.569794391686692 1100906.2000000004 6.4634626488739695 48.500000000000007 156673260.20000002
decision_type=2 2 2 2 2 2 2
left_child=1 3 -3 -1 6 -6 -2
right_child=4 2 -4 -5 5 -7 -8
leaf_value=0.026454278303978753 0.017436786725402369 0.0051091646772770073 -0.015040750657422159 0.002323290261902877 -0.016234898494935753 0.025657679233280665 -0.0025164892408109803
leaf_weight=237.51766575500369 80.968675255775452 837.63911464996636 341.38113424085896 414.13727747346275 520.76037448071293 30.530353370122612 136.13525988161564
leaf_count=916 53 1694 1359 1231 1976 27 916
internal_value=3.49045e-05 0.0035493 -0.000779509 0.0113063 -0.00829447 -0.0136223 0.00523727
internal_weight=2599.07 1830.68 1179.02 651.655 768.395 551.291 217.104
internal_count=8172 5200 3053 2147 2972 2003 969
is_linear=0
shrinkage=0.034558


end of trees

feature_importances:
Column_2=69
Column_1=68
Column_15=54
Column_0=52
Column_19=49
Column_20=44
Column_22=37
Column_10=32
Column_12=27
Column_7=25
Column_8=22
Column_13=22
Column_6=19
Column_9=17
Column_24=17
Column_18=16
Column_11=15
Column_14=15
Column_21=13
Column_4=12
Column_23=10
Column_5=8
Column_16=3
Column_17=2

parameters:
[boosting: gbdt]
[objective: multiclass]
[metric: multi_logloss]
[tree_learner: serial]
[device_type: cpu]
[data_sample_strategy: bagging]
[data: ]
[valid: ]
[num_iterations: 31]
[learning_rate: 0.034558]
[num_leaves: 31]
[num_threads: 1]
[seed: 0]
[deterministic: 0]
[force_col_wise: 0]
[force_row_wise: 0]
[histogram_pool_size: -1]
[max_depth: 3]
[min_data_in_leaf: 61]
[min_sum_hessian_in_leaf: 0.001]
[bagging_fraction: 0.815721]
[pos_bagging_fraction: 1]
[neg_bagging_fraction: 1]
[bagging_freq: 0]
[bagging_seed: 3]
[bagging_by_query: 0]
[feature_fraction: 0.586277]
[feature_fraction_bynode: 1]
[feature_fraction_seed: 2]
[extra_trees: 0]
[extra_seed: 6]
[early_stopping_round: 0]
[early_stopping_min_delta: 0]
[first_metric_only: 0]
[max_delta_step: 0]
[lambda_l1: 7.66854e-05]
[lambda_l2: 7.00031]
[linear_lambda: 0]
[min_gain_to_split: 0]
[drop_rate: 0.1]
[max_drop: 50]
[skip_drop: 0.5]
[xgboost_dart_mode: 0]
[uniform_drop: 0]
[drop_seed: 4]
[top_rate: 0.2]
[other_rate: 0.1]
[min_data_per_group: 100]
[max_cat_threshold: 32]
[cat_l2: 10]
[cat_smooth: 10]
[max_cat_to_onehot: 4]
[top_k: 20]
[monotone_constraints: ]
[monotone_constraints_method: basic]
[monotone_penalty: 0]
[feature_contri: ]
[forcedsplits_filename: ]
[refit_decay_rate: 0.9]
[cegb_tradeoff: 1]
[cegb_penalty_split: 0]
[cegb_penalty_feature_lazy: ]
[cegb_penalty_feature_coupled: ]
[path_smooth: 0]
[interaction_constraints: ]
[verbosity: 1]
[saved_feature_importance_type: 0]
[use_quantized_grad: 0]
[num_grad_quant_bins: 4]
[quant_train_renew_leaf: 0]
[stochastic_rounding: 1]
[linear_tree: 0]
[max_bin: 255]
[max_bin_by_feature: ]
[min_data_in_bin: 3]
[bin_construct_sample_cnt: 200000]
[data_random_seed: 1]
[is_enable_sparse: 1]
[enable_bundle: 1]
[use_missing: 1]
[zero_as_missing: 0]
[feature_pre_filter: 1]
[pre_partition: 0]
[two_round: 0]
[header: 0]
[label_column: ]
[weight_column: ]
[group_column: ]
[ignore_column: ]
[categorical_feature: ]
[forcedbins_filename: ]
[precise_float_parser: 0]
[parser_config_file: ]
[objective_seed: 5]
[num_class: 3]
[is_unbalance: 0]
[scale_pos_weight: 1]
[sigmoid: 1]
[boost_from_average: 1]
[reg_sqrt: 0]
[alpha: 0.9]
[fair_c: 1]
[poisson_max_delta_step: 0.7]
[tweedie_variance_power: 1.5]
[lambdarank_truncation_level: 30]
[lambdarank_norm: 1]
[label_gain: ]
[lambdarank_position_bias_regularization: 0]
[eval_at: ]
[multi_error_top_k: 1]
[auc_mu_weights: ]
[num_machines: 1]
[local_listen_port: 12400]
[time_out: 120]
[machine_list_filename: ]
[machines: ]
[gpu_platform_id: -1]
[gpu_device_id: -1]
[gpu_use_dp: 0]
[num_gpu: 1]

end of parameters

pandas_categorical:null
