tree
version=v4
num_class=1
num_tree_per_iteration=1
label_index=0
max_feature_idx=22
objective=regression
feature_names=Column_0 Column_1 Column_2 Column_3 Column_4 Column_5 Column_6 Column_7 Column_8 Column_9 Column_10 Column_11 Column_12 Column_13 Column_14 Column_15 Column_16 Column_17 Column_18 Column_19 Column_20 Column_21 Column_22
feature_infos=[-0.02974567748606205:0.030710980296134949] [0.00025158899370580912:0.060797665268182755] [-0.12195122241973877:0.13265305757522583] [-0.90096884965896606:1] [-0.0073116193525493145:0.0084758289158344269] [-0.15985724329948425:0.11717919260263443] [0.90640240907669067:94.719390869140625] [8:49] [0.00052475626580417156:0.014650303870439529] [-0.1876545250415802:0.15032999217510223] [0.90640240907669067:94.719390869140625] [0.90640240907669067:94.719390869140625] [8:49] [-0.034409038722515106:0.028199421241879463] [1.9285399913787842:62.546161651611328] [-0.97492790222167969:0.97492790222167969] [-1:1] [-1:1] [0:0.016926167532801628] [0.0010795524576678872:0.019263381138443947] [8:49] [-0.053982332348823547:0.046212982386350632] [24.000398635864258:72.968582153320312]
tree_sizes=2341 2314 2155 1860 2417 2318 2226 1958 2507 1928 1564 2640 2435 2719 2432 1559 2123 1948 2630 2045 2512 2033 1474 1486 2501 1859 1296 2265 2720 1691 1770 2827 1954 3002 1778 2338 2655 2129 1953 1764 2612 2348

Tree=0
num_leaves=23
num_cat=0
split_feature=6 19 19 6 3 18 8 4 8 3 7 0 4 0 10 7 10 14 6 3 7 7
split_gain=0.0304891 0.0422737 0.0367254 0.0306128 0.0294619 0.0212706 0.00968195 0.00886593 0.00818675 0.0077502 0.0107381 0.00746054 0.0066565 0.00617117 0.00566438 0.00462666 0.0164887 0.0055812 0.00455591 0.0044957 0.00219261 0.00204958
threshold=28.401268959045414 0.0087682167068123835 0.0082173706032335776 45.007316589355476 -0.56174489110708226 0.002756709349341691 0.0020997814135625963 0.0008802353113424034 0.010329142212867739 0.81174489855766307 19.500000000000004 -0.0054582019802182904 -0.0013351793168112633 0.0035969431046396498 26.86776161193848 11.500000000000002 60.801370620727546 6.552077293395997 82.430965423583999 -0.56174489110708226 12.500000000000002 22.500000000000004
decision_type=2 2 2 2 2 2 2 10 2 2 2 2 10 2 2 2 2 2 2 2 2 2
left_child=1 6 13 7 -3 20 12 11 -7 10 -8 -4 -1 15 -11 16 -2 -17 19 -15 -5 -14
right_child=2 4 3 5 -6 8 9 -9 -10 14 -12 -13 21 18 -16 17 -18 -19 -20 -21 -22 -23
leaf_value=-0.0010963839908653683 -0.00079811762119602603 -0.00074439322933028261 -0.00068872856300563365 -0.0010268432584939319 -0.00013058410820443488 -0.0012587972077410547 -0.00075601326890467038 -0.0011445919782698297 -0.0010031288545282345 -0.00068047537123984794 -0.00088559731050760293 -0.00091093953089629832 -0.00082637931863560382 -0.00088758642504853835 -0.00085525555671807048 -0.00076627320342794304 -0.0010264007941151382 -0.00090333769280084896 -0.00080812643869808377 -0.0010274779311545098 -0.00089322761337356192 -0.00091562232681157633
leaf_weight=121 913 118 125 156 90 494 581 84 98 354 1484 468 218 205 184 196 267 18755 102 559 165 733
leaf_count=121 913 118 125 156 90 494 581 84 98 354 1484 468 218 205 184 196 267 18755 102 559 165 733
internal_value=-0.000899332 -0.000833191 -0.000910703 -0.00102911 -0.000478802 -0.00112565 -0.000853249 -0.000898902 -0.00121647 -0.000826633 -0.000849138 -0.000864099 -0.000917877 -0.000901737 -0.000740251 -0.000898863 -0.000849772 -0.00090192 -0.000968526 -0.000989941 -0.000958162 -0.000895165
internal_weight=26470 3883 22587 1590 208 913 3675 677 592 2603 2065 593 1072 20997 538 20131 1180 18951 866 764 321 951
internal_count=26470 3883 22587 1590 208 913 3675 677 592 2603 2065 593 1072 20997 538 20131 1180 18951 866 764 321 951
is_linear=0
shrinkage=1


Tree=1
num_leaves=23
num_cat=0
split_feature=13 8 11 17 13 11 17 22 18 14 10 17 18 8 22 13 22 10 17 8 11 9
split_gain=0.0523417 0.0433846 0.0348559 0.0438767 0.0293711 0.0249282 0.0175711 0.0121748 0.0105268 0.00984358 0.00982024 0.00906152 0.0082774 0.00782901 0.00753355 0.00600447 0.0057986 0.00501039 0.00405707 0.00357576 0.00272723 0.00150818
threshold=-0.0087178256362676603 0.0065850231330841788 27.766572952270511 0.37940952181816107 -0.012539769988507031 56.967882156372077 0.60355338454246532 53.67146301269532 0.0023153549991548066 9.165229797363283 84.693313598632827 0.60355338454246532 0.0053383426275104293 0.002058898215182126 36.39702224731446 0.0094812968745827692 41.478410720825202 39.457361221313484 -0.12940952181816107 0.008049745578318836 35.379177093505866 -0.045186821371316903
decision_type=2 2 2 2 2 2 2 2 2 2 2 2 2 2 2 2 2 2 2 2 2 10
left_child=2 6 4 14 -1 12 7 15 -7 17 -11 -10 20 -9 -4 -2 -6 -8 -14 -16 -3 -18
right_child=1 5 3 -5 16 8 9 13 11 10 -12 -13 18 -15 19 -17 21 -19 -20 -21 -22 -23
leaf_value=0.00075856173358417902 9.125866046728965e-06 -1.6345641933289741e-05 0.00040716174120328089 -0.00038621610218434117 0.00038857056387275705 -0.00013436757767177189 9.7742734547637207e-05 -4.799176935246123e-05 -0.00053199293574916122 -5.175855818265237e-05 0.00021163882357671425 -0.00024086328640436581 -8.2797948915740038e-05 0.000135961670760982 0.00021770852834951905 -0.00015432207727581241 0.00023086831317867238 -0.00013413918922223272 0.00011761217387485261 1.2898132021697185e-05 -0.00019591784025270153 9.1741906640646159e-05
leaf_weight=95 17380 72 81 117 120 134 465 187 165 5495 94 121 109 786 116 148 107 70 167 107 237 97
leaf_count=95 17380 72 81 117 120 134 465 187 165 5495 94 121 109 786 116 148 107 70 167 107 237 97
internal_value=0 -6.50495e-06 0.000198478 3.42691e-05 0.000363471 -0.000171067 2.11188e-07 1.26295e-05 -0.000321259 -3.73054e-05 -4.73285e-05 -0.000408823 -6.32365e-05 0.000100608 0.000196101 7.74576e-06 0.000247626 6.74027e-05 3.8464e-05 0.000119437 -0.000154076 0.000164716
internal_weight=26470 25630 840 421 419 1005 24625 18501 420 6124 5589 286 585 973 304 17528 324 535 276 223 309 204
internal_count=26470 25630 840 421 419 1005 24625 18501 420 6124 5589 286 585 973 304 17528 324 535 276 223 309 204
is_linear=0
shrinkage=0.0255524


Tree=2
num_leaves=21
num_cat=0
split_feature=13 8 15 17 13 20 20 17 17 21 20 15 17 15 21 13 5 5 17 8
split_gain=0.0497009 0.0411957 0.039202 0.0278178 0.0267159 0.0254895 0.0193934 0.0213343 0.0193686 0.0186006 0.0166613 0.0151136 0.0146203 0.0130386 0.0107956 0.0075554 0.0114811 0.00720423 0.00487986 0.00311489
threshold=-0.0087178256362676603 0.0065850231330841788 -1.0000000180025095e-35 0.60355338454246532 -0.0037170283030718561 10.500000000000002 24.500000000000004 1.0000000180025095e-35 -0.37940952181816096 -0.013725599739700554 24.500000000000004 0.87837970256805431 0.60355338454246532 0.6078576147556306 -0.011484489776194094 -0.0020834703464061017 -0.013851334806531666 -0.033744618296623223 -0.7865660786628722 0.0055573547724634418
decision_type=2 2 2 2 2 2 2 2 2 2 2 2 2 2 2 2 2 2 2 2
left_child=3 2 6 8 5 -4 12 -8 18 -10 -6 15 -2 -11 -5 17 -17 -3 -1 -20
right_child=1 11 4 14 10 -7 7 -9 9 13 -12 -13 -14 -15 -16 16 -18 -19 19 -21
leaf_value=0.00028680110630466146 0.00010148504802909526 -0.00021628005731451217 0.00029238051226558218 0.00011178288849644571 -7.0793060531394904e-05 1.8419661047827335e-05 5.5800572949399182e-05 -4.5649681328043439e-05 0.00072117448680233639 0.00016102550323443155 -7.4111849742001388e-06 0.00011887599110700392 2.3195903851732652e-06 0.00057749831001005926 -0.00028738899212225752 -0.00044171322608296354 -0.00017982522480905713 -1.0239178927394085e-06 0.00016735917280213584 -1.5648173287468105e-05
leaf_weight=99 3601 228 241 87 6737 2775 2687 2727 91 159 4528 108 1329 71 90 166 320 183 119 124
leaf_count=99 3601 228 241 87 6737 2775 2687 2727 91 159 4528 108 1329 71 90 166 320 183 119 124
internal_value=0 -6.33873e-06 2.05792e-07 0.000193407 -2.72328e-05 4.03112e-05 3.80878e-05 4.70064e-06 0.000269384 0.00041194 -4.53165e-05 -0.000166696 7.47527e-05 0.00028959 -9.11847e-05 -0.000201079 -0.000269277 -0.000120437 0.000135581 7.39719e-05
internal_weight=26470 25630 24625 840 14281 3016 10344 5414 663 321 11265 1005 4930 230 177 897 486 411 342 243
internal_count=26470 25630 24625 840 14281 3016 10344 5414 663 321 11265 1005 4930 230 177 897 486 411 342 243
is_linear=0
shrinkage=0.0255524


Tree=3
num_leaves=18
num_cat=0
split_feature=21 15 9 18 21 11 19 11 9 19 9 10 19 9 10 11 14
split_gain=0.0388604 0.0332254 0.0242568 0.0228769 0.0178104 0.0167003 0.0180314 0.0137567 0.0133804 0.0116813 0.0112491 0.0110778 0.0101981 0.00940951 0.007306 0.0061039 0.0020037
threshold=-0.016166639514267441 -0.60785761475563038 0.0079219425097107905 0.0081527503207325953 0.0038439636118710045 28.340394973754886 0.0080152410082519072 45.107713699340827 -0.058107119053602212 0.0045463459100574264 -0.032898403704166405 24.530909538269047 0.0039198226295411595 0.02894656173884869 83.608486175537124 73.146652221679702 7.2924034595489511
decision_type=2 2 8 2 2 2 2 2 10 2 10 2 2 10 2 2 2
left_child=8 2 4 5 10 9 -7 -5 11 -3 -2 -1 13 -4 -14 -6 -10
right_child=1 3 12 7 15 6 -8 -9 16 -11 -12 -13 14 -15 -16 -17 -18
leaf_value=0.00069561152889318007 0.0002278079636286818 -1.6473256796982848e-05 1.1565482376538599e-05 -5.1343085333906553e-05 0.00017437403276640391 -2.1181496081386066e-05 -0.00012091479175388832 -0.0004587768770883801 5.3814394643996339e-05 8.5106378074000202e-05 4.9882634756104288e-05 0.00024101033788053946 -8.9461675740019742e-05 0.00031643438296088901 0.00015735538046511281 0.00039117628682608998 0.00022738206079376511
leaf_weight=70 246 1413 1573 96 370 13992 1293 124 95 1550 4080 70 1155 69 84 110 80
leaf_count=70 246 1413 1573 96 370 13992 1293 124 95 1550 4080 70 1155 69 84 110 80
internal_value=0 -3.39771e-06 4.12419e-05 -2.19782e-05 7.63858e-05 -1.88556e-05 -2.96182e-05 -0.000280988 0.000282118 3.66649e-05 6.00005e-05 0.000468312 -1.7384e-05 2.43768e-05 -7.27282e-05 0.000224058 0.000133161
internal_weight=26470 26155 7687 18468 4806 18248 15285 220 315 2963 4326 140 2881 1642 1239 480 175
internal_count=26470 26155 7687 18468 4806 18248 15285 220 315 2963 4326 140 2881 1642 1239 480 175
is_linear=0
shrinkage=0.0255524


Tree=4
num_leaves=24
num_cat=0
split_feature=13 8 16 15 16 13 7 17 16 7 16 22 7 22 8 2 15 7 15 8 2 22 22
split_gain=0.0462894 0.0377257 0.0370272 0.0360591 0.0303903 0.0248851 0.0242582 0.0213855 0.0196675 0.0189305 0.0211549 0.0176079 0.016397 0.0162575 0.0151659 0.0103803 0.00931819 0.00782191 0.00723045 0.00610455 0.00597369 0.00307439 0.00125647
threshold=-0.0087178256362676603 0.0065850231330841788 -0.91597560048103321 -1.0000000180025095e-35 0.12940952181816109 -0.0037170283030718561 10.500000000000002 0.60355338454246532 -1.0000000180025095e-35 24.500000000000004 0.37940952181816107 40.22102355957032 24.500000000000004 51.725078582763679 0.007740569533780218 -0.007517728488892316 1.0000000180025095e-35 17.500000000000004 1.0000000180025095e-35 0.0072002869565039882 -0.041625807061791413 37.612083435058601 42.133491516113288
decision_type=2 2 2 2 2 2 2 2 2 2 2 2 2 2 2 2 2 2 2 2 2 2 2
left_child=2 3 22 9 7 6 -5 21 17 13 -11 20 -7 -2 15 -10 -16 19 -13 -3 -6 -4 -1
right_child=1 8 4 5 11 12 -8 -9 14 10 -12 18 -14 -15 16 -17 -18 -19 -20 -21 -22 -23 -24
leaf_value=0.00063175405150799134 6.3175116085713339e-05 -0.00016851855715000708 0.00017260085921299816 0.00028492397607371087 0.00063435785775117336 -6.8855037446263284e-05 1.766214519524343e-05 -0.00046753947696717224 2.6229754761083208e-05 3.9542953523613029e-05 -6.7289197833195463e-05 -2.6344540084198542e-05 -5.957224187623291e-06 0.0002989385169472193 -0.00030910455825494828 -0.00035720986292631421 -0.00064363368672811991 -0.00023905092613710438 0.00025360879453198746 6.3075849809127746e-05 0.00031181572338566632 -2.7178096277245162e-05 0.00048126470826040949
leaf_weight=74 4733 99 74 241 76 6746 2775 72 135 3585 1827 113 4519 199 222 70 72 109 129 298 74 157 71
leaf_count=74 4733 99 74 241 76 6746 2775 72 135 3585 1827 113 4519 199 222 70 72 109 129 298 74 157 71
internal_value=0 -6.11731e-06 0.000186651 1.45513e-07 0.000109161 -2.61703e-05 3.90183e-05 -8.30275e-05 -0.000159572 3.64773e-05 3.47818e-06 0.000257715 -4.36233e-05 7.26879e-05 -0.0002734 -0.0001047 -0.000391031 -4.73187e-05 0.000122886 5.32259e-06 0.000475238 3.68195e-05 0.000558068
internal_weight=26470 25630 840 24625 695 14281 3016 303 1005 10344 5412 392 11265 4932 499 205 294 506 242 397 150 231 145
internal_count=26470 25630 840 24625 695 14281 3016 303 1005 10344 5412 392 11265 4932 499 205 294 506 242 397 150 231 145
is_linear=0
shrinkage=0.0255524


Tree=5
num_leaves=23
num_cat=0
split_feature=13 8 6 7 3 6 10 22 7 7 3 21 7 8 22 13 22 8 0 3 21 8
split_gain=0.043954 0.0358224 0.0310012 0.0351325 0.0175904 0.0171103 0.0138289 0.0138028 0.0112436 0.00983753 0.00727097 0.00702096 0.00870274 0.00791608 0.00521415 0.00418382 0.00408293 0.00685494 0.00395582 0.00280411 0.00243034 0.00220592
threshold=-0.0087178256362676603 0.0065850231330841788 25.181993484497074 19.500000000000004 -0.56174489110708226 56.964082717895515 42.682687759399421 53.67146301269532 19.500000000000004 12.500000000000002 1.0000000180025095e-35 -0.0069672737736254922 10.500000000000002 0.0038046144181862478 38.160945892333991 -0.0015700592775829134 47.160795211791999 0.007740569533780218 0.00058769638417288672 -0.56174489110708226 0.0012430913629941644 0.0042771245352923879
decision_type=2 2 2 2 2 2 2 2 2 2 2 2 2 2 2 2 2 2 2 2 2 2
left_child=2 7 3 4 -1 15 16 11 -9 18 -10 12 -2 -13 -11 19 17 -4 -7 -3 -17 -5
right_child=1 5 6 21 -6 9 -8 8 10 14 -12 13 -14 -15 -16 20 -18 -19 -20 -21 -22 -23
leaf_value=0.00034191663626830746 0.00031096170987141551 -5.7768371202442604e-05 0.00030646396373674523 0.00016599157058954357 0.00082896509050869177 -0.00045703296992583421 -0.0001876707263708298 0.00040459375324301166 0.00012546635705713334 5.4774452746657535e-05 -1.2443708706962235e-05 -7.6755492695703303e-07 3.3097901252091191e-05 -4.1050150421767315e-05 -0.00025710517343510773 -8.925575751919685e-05 -2.7252269422280715e-06 5.0293867901659531e-05 -0.00026859485295936398 9.8408823836884546e-05 -0.00028395689908106359 -3.3455170980558681e-05
leaf_weight=93 77 301 140 75 101 144 118 69 595 70 430 17915 1665 3874 70 102 110 133 147 100 71 70
leaf_count=93 77 301 140 75 101 144 118 69 595 70 430 17915 1665 3874 70 102 110 133 147 100 71 70
internal_value=0 -5.961e-06 0.000181882 0.000370594 0.000595484 -0.000155495 5.41895e-05 1.41794e-07 8.88653e-05 -0.000277168 6.76112e-05 -3.98312e-06 4.53802e-05 -7.92965e-06 -0.000101164 -6.41335e-05 0.000128706 0.000181664 -0.000361843 -1.88209e-05 -0.000169163 6.97056e-05
internal_weight=26470 25630 840 339 194 1005 501 24625 1094 431 1025 23531 1742 21789 140 574 383 273 291 401 173 145
internal_count=26470 25630 840 339 194 1005 501 24625 1094 431 1025 23531 1742 21789 140 574 383 273 291 401 173 145
is_linear=0
shrinkage=0.0255524


Tree=6
num_leaves=22
num_cat=0
split_feature=13 19 17 17 3 19 17 22 19 7 2 2 8 13 7 12 17 19 17 17 8
split_gain=0.0417511 0.0519996 0.0221385 0.0155382 0.0274442 0.0281947 0.0151649 0.0105671 0.00940288 0.00805902 0.00887702 0.00777998 0.00734209 0.0068101 0.00643921 0.0108129 0.00616979 0.00565989 0.00561575 0.00313195 0.00289321
threshold=-0.0083861816674470884 0.0087682167068123835 0.60355338454246532 -0.37940952181816096 -0.56174489110708226 0.0086217317730188387 0.78656607866287243 53.67146301269532 0.0083335004746913927 10.500000000000002 0.016576875932514671 -0.029303208924829956 0.002058898215182126 0.0094812968745827692 12.500000000000002 17.500000000000004 -0.7865660786628722 0.010673431213945152 1.0000000180025095e-35 0.12940952181816107 0.0046103305649012336
decision_type=2 2 2 2 2 2 2 2 2 2 2 2 2 2 2 2 2 2 2 2 2
left_child=2 6 3 16 19 -6 7 13 -4 -8 -11 17 -9 -2 18 -16 -1 -3 -13 -5 -18
right_child=1 11 8 4 5 -7 9 12 -10 10 -12 14 -14 -15 15 -17 20 -19 -20 -21 -22
leaf_value=0.00027271159896313817 7.4228655721042907e-06 0.00011123052409022569 0.00014266521866147843 0.00024531820339444209 0.00024571374184852624 0.00093366569517164657 0.00015148852828071328 -4.7199818611306345e-05 -0.00021497012520627467 -6.2456651879983763e-05 4.8633458396144969e-05 -0.00018634733157429554 0.00012634950480271698 -0.00017744402033796958 0.00015237474277040363 -0.00022373721619288304 0.00016233575004628953 -0.00019742645178452372 -0.00034802006270197685 3.7087894088409319e-05 -8.7178641867706682e-06
leaf_weight=123 19071 87 80 103 74 82 136 199 120 3697 538 270 795 131 71 168 103 70 292 87 173
leaf_count=123 19071 87 80 103 74 82 136 199 120 3697 538 270 795 131 71 168 103 70 292 87 173
internal_value=0 -6.17478e-06 0.000166784 0.000230865 0.00035618 0.000607331 1.02725e-06 1.0367e-05 -7.1915e-05 -4.21264e-05 -4.83441e-05 -0.000190864 9.16045e-05 6.16166e-06 -0.000223102 -0.000112004 0.000122195 -2.6386e-05 -0.000270348 0.000149972 5.51166e-05
internal_weight=26470 25525 945 745 346 156 24567 20196 200 4371 4235 958 994 19202 801 239 399 157 562 190 276
internal_count=26470 25525 945 745 346 156 24567 20196 200 4371 4235 958 994 19202 801 239 399 157 562 190 276
is_linear=0
shrinkage=0.0255524


Tree=7
num_leaves=19
num_cat=0
split_feature=21 15 19 6 6 7 4 7 6 15 21 7 15 19 7 4 8 10
split_gain=0.0339622 0.0299829 0.0196297 0.026956 0.01457 0.0220436 0.0470326 0.0116966 0.0165421 0.0098584 0.00964062 0.00898138 0.00776878 0.00705592 0.0240008 0.00900594 0.00700572 0.00687707
threshold=-0.016166639514267441 -0.60785761475563038 0.0089303180575370806 45.007316589355476 36.139804840087898 21.500000000000004 -3.9805861888453358e-05 19.500000000000004 27.586046218872074 1.0000000180025095e-35 -0.006160362157970666 10.500000000000002 -1.0000000180025095e-35 0.0045263108331710109 45.000000000000007 0.0012589126126840713 0.0024683842202648525 61.094110488891609
decision_type=2 2 2 2 2 2 10 2 2 2 2 2 2 2 2 10 2 2
left_child=7 4 10 9 5 6 -2 8 -1 -4 11 -3 -12 15 -15 -6 -7 -5
right_child=1 2 3 17 13 16 -8 -9 -10 -11 12 -13 -14 14 -16 -17 -18 -19
leaf_value=0.00064314524990340366 0.00011897417003222093 0.00026118786593120886 -0.00013048666532250198 -0.00018054545326193086 2.5004472848014094e-05 2.4132598645426465e-06 0.00075603956742779053 8.159254049179001e-05 0.00015589713745231128 8.8557459784726608e-05 1.9957439437932513e-05 2.5582580304984201e-05 -2.9068366792957254e-05 5.1362008740180914e-06 -0.00036702363487768982 0.00016058388527048567 0.0001308022265393605 -0.00036731979985629151
leaf_weight=90 332 112 227 323 4565 740 98 133 92 328 2524 1861 12879 1037 127 344 444 214
leaf_count=90 332 112 227 323 4565 740 98 133 92 328 2524 1861 12879 1037 127 344 444 214
internal_value=0 -3.17636e-06 -2.0827e-05 -0.000125912 3.92292e-05 0.000107468 0.000264166 0.000263739 0.000396845 -1.0332e-06 -1.42228e-05 3.89571e-05 -2.10348e-05 2.10935e-05 -3.54687e-05 3.45053e-05 5.05593e-05 -0.000254977
internal_weight=26470 26155 18468 1092 7687 1614 430 315 182 555 17376 1973 15403 6073 1164 4909 1184 537
internal_count=26470 26155 18468 1092 7687 1614 430 315 182 555 17376 1973 15403 6073 1164 4909 1184 537
is_linear=0
shrinkage=0.0255524


Tree=8
num_leaves=25
num_cat=0
split_feature=13 16 8 16 6 16 6 22 17 16 8 9 14 2 17 2 2 6 9 8 6 14 9 22
split_gain=0.0388651 0.0325814 0.0313535 0.0284187 0.0230002 0.0182364 0.021932 0.0155827 0.0153592 0.0162271 0.0234003 0.0119744 0.00889611 0.00975803 0.0074293 0.00624882 0.00533762 0.00518273 0.00457361 0.00365584 0.0031926 0.00285762 0.00235874 0.00158584
threshold=-0.0087178256362676603 -0.91597560048103321 0.0065850231330841788 0.12940952181816109 33.46308898925782 -1.0000000180025095e-35 56.964082717895515 40.22102355957032 0.60355338454246532 1.0000000180025095e-35 0.0044331743847578773 -0.052409440279006951 8.9283833503723162 0.0085455179214477556 1.0000000180025095e-35 -0.010375895537436007 -0.041625807061791413 36.789564132690437 -0.0092005329206585867 0.0085071707144379633 25.421836853027347 10.259584426879885 -0.034699819982051842 39.329654693603523
decision_type=2 2 2 2 2 2 2 2 2 2 2 8 2 2 2 2 2 2 10 2 2 2 10 2
left_child=1 20 8 4 21 15 14 16 9 10 -2 -11 22 -14 -7 19 -5 -9 -8 -4 -1 -3 -10 -17
right_child=2 3 5 7 -6 6 18 17 12 11 -12 -13 13 -15 -16 23 -18 -19 -20 -21 -22 -23 -24 -25
leaf_value=0.00063527389760006144 5.1838518794210358e-05 0.00011546438781828767 -6.029398003582715e-05 0.00059703619804862807 -0.00044996108086476218 -0.0002773221726078805 -0.00055003400938882568 0.00019670649504449408 0.00020793994554316276 0.00023243961544066734 -7.8079146777160124e-05 -1.4462349101968067e-05 -6.3878398478930422e-05 1.2989961488927313e-05 -1.4532775600000908e-05 -8.7973363993871929e-05 0.00029214862332528364 -5.6308643004713016e-05 -0.00029535943931383545 0.00013527685401092723 0.0003953187443859971 -7.881589381559414e-05 4.6760990441445099e-05 -0.00023119875586818879
leaf_weight=75 7803 145 109 76 83 114 131 164 69 130 1024 9544 4181 1453 183 181 74 78 71 146 70 75 421 70
leaf_count=75 7803 145 109 76 83 114 131 164 69 130 1024 9544 4181 1453 183 181 74 78 71 146 70 75 421 70
internal_value=0 0.000171029 -5.60531e-06 9.83394e-05 -8.75103e-05 -0.000145501 -0.00025511 0.000241994 1.04149e-07 1.17146e-05 3.6767e-05 -1.11444e-05 -3.49716e-05 -4.40541e-05 -0.000115402 -3.74089e-05 0.000446626 0.000115155 -0.000460521 5.16791e-05 0.000519435 4.92316e-05 6.9458e-05 -0.000127917
internal_weight=26470 840 25630 695 303 1005 499 392 24625 18501 8827 9674 6124 5634 297 506 150 242 202 255 145 220 490 251
internal_count=26470 840 25630 695 303 1005 499 392 24625 18501 8827 9674 6124 5634 297 506 150 242 202 255 145 220 490 251
is_linear=0
shrinkage=0.0255524


Tree=9
num_leaves=19
num_cat=0
split_feature=21 15 9 20 21 11 11 1 9 11 9 9 7 10 7 9 14 14
split_gain=0.0313145 0.0282866 0.0223234 0.0197547 0.0171946 0.0159015 0.0147984 0.0114237 0.0110212 0.0105774 0.0102942 0.0102155 0.0095789 0.00895558 0.00502308 0.0185316 0.0121459 0.00180369
threshold=-0.016166639514267441 -0.60785761475563038 0.0079219425097107905 22.500000000000004 0.0034920858452096586 28.340394973754886 35.379177093505866 0.008292345795780422 -0.058107119053602212 54.328603744506843 -0.058107119053602212 inf 10.500000000000002 24.530909538269047 24.500000000000004 0.015414244029670955 41.874082565307624 7.2924034595489511
decision_type=2 2 8 2 2 2 2 2 10 2 10 8 2 2 2 10 2 2
left_child=8 2 3 6 -5 10 -2 11 13 -9 -3 -7 -12 -1 16 -16 -4 -10
right_child=1 5 14 4 -6 7 -8 9 17 -11 12 -13 -14 -15 15 -17 -18 -19
leaf_value=0.00062660472760976021 0.00029045109199227963 0.00027097183410871564 -1.1235756404106995e-05 2.318297498842937e-05 0.00020443245375608194 -2.5303283040248819e-05 9.8615302056172884e-05 -4.3989929839350287e-05 4.2779043754330289e-05 -0.00017395505456903256 0.00028685468589899994 0.0001663779568075299 1.6060175245615669e-05 0.00021786123508238357 8.0759565004539178e-06 -0.00020930528873791933 0.0002276588981402111 0.00020745613498441843
leaf_weight=70 394 115 1514 3243 382 13555 787 1108 95 648 88 184 2770 70 847 367 153 80
leaf_count=70 394 115 1514 3243 382 13555 787 1108 95 648 88 184 2770 70 847 367 153 80
internal_value=0 -3.05003e-06 3.81385e-05 7.18527e-05 4.2283e-05 -2.01941e-05 0.000162615 -3.058e-05 0.00025325 -9.19498e-05 3.39361e-05 -2.27362e-05 2.43982e-05 0.000422234 -1.81026e-05 -5.76396e-05 1.06903e-05 0.000118061
internal_weight=26470 26155 7687 4806 3625 18468 1181 15495 315 1756 2973 13739 2858 140 2881 1214 1667 175
internal_count=26470 26155 7687 4806 3625 18468 1181 15495 315 1756 2973 13739 2858 140 2881 1214 1667 175
is_linear=0
shrinkage=0.0255524


Tree=10
num_leaves=15
num_cat=0
split_feature=21 18 16 9 20 20 10 4 3 16 9 6 10 20
split_gain=0.0297346 0.0202172 0.0155591 0.0304097 0.0432353 0.0222271 0.0216805 0.015776 0.0156066 0.0138833 0.0104651 0.0106021 0.00359911 0.00141314
threshold=-0.016166639514267441 0.0081527503207325953 -0.37940952181816096 -0.00025137665215879673 11.500000000000002 11.500000000000002 60.801370620727546 -0.0025391201488673683 0.81174489855766307 -0.6035533845424651 -0.058107119053602212 29.398544311523441 55.957363128662116 22.500000000000004
decision_type=2 2 2 10 2 2 2 10 2 2 10 2 2 2
left_child=10 2 3 4 -2 6 -4 -7 -5 -3 11 -1 -11 -12
right_child=1 9 5 8 -6 7 -8 -9 -10 12 13 -13 -14 -15
leaf_value=0.00063700972600905844 -0.00016775840377081534 1.8656133743880177e-05 0.00016361761442342749 -4.8828483433080233e-06 8.250498643406805e-05 0.00016535570098916892 -0.00015039167854441935 -2.7579350165620802e-05 -0.00013152827503207535 -0.00027034897578285941 0.00020292586280321249 0.00019223206344303454 -0.00052430820849441902 5.5046523306045593e-05
leaf_weight=69 492 85 760 3279 5372 282 177 14774 788 76 71 71 70 104
leaf_count=69 492 85 760 3279 5372 282 177 14774 788 76 71 71 70 104
internal_value=0 -2.9721e-06 -8.51436e-07 2.42699e-05 6.15074e-05 -1.64507e-05 0.000104301 -2.39656e-05 -2.9421e-05 -0.000240962 0.000246779 0.000411445 -0.000392112 0.000115044
internal_weight=26470 26155 25924 9931 5864 15993 937 15056 4067 231 315 140 146 175
internal_count=26470 26155 25924 9931 5864 15993 937 15056 4067 231 315 140 146 175
is_linear=0
shrinkage=0.0255524


Tree=11
num_leaves=26
num_cat=0
split_feature=13 15 8 12 9 12 17 12 9 17 17 17 13 8 13 0 1 17 13 5 17 14 9 13 14
split_gain=0.0348208 0.0320939 0.0272472 0.02073 0.0245552 0.0224151 0.0300959 0.0177359 0.0198609 0.0170856 0.0136526 0.0142246 0.0129251 0.0108054 0.00946188 0.00696655 0.00841163 0.00688702 0.00654224 0.00646894 0.00635716 0.00478552 0.00427552 0.00350725 0.0034605
threshold=-0.006941921077668666 -1.0000000180025095e-35 0.0067244884558022031 23.500000000000004 0.0065058276522904643 22.500000000000004 -0.7865660786628722 24.500000000000004 0.052032981067895896 1.0000000180025095e-35 0.37940952181816107 -0.12940952181816107 -0.0087178256362676603 0.004473527194932104 -0.0033330669393762942 -0.0001854051661211997 0.010896389838308098 -0.6035533845424651 -0.0042925544548779717 -0.044680481776595109 -0.91597560048103321 13.952380180358888 -0.043049355968832963 -0.00079673080472275604 12.851962089538576
decision_type=2 2 2 2 10 2 2 2 10 2 2 2 2 2 2 2 2 2 2 2 2 2 10 2 2
left_child=10 2 7 5 18 14 -7 8 -2 -9 11 20 24 -6 -3 16 22 -4 -5 -17 -1 -22 -12 -19 -13
right_child=1 3 17 4 13 6 -8 9 -10 -11 15 12 -14 -15 -16 19 -18 23 -20 -21 21 -23 -24 -25 -26
leaf_value=0.0003448394540680896 5.99376618305155e-05 1.8877708002830807e-05 -0.00043436236920131865 0.00010939863294092437 -7.3916867578032759e-05 -0.00032985543362664055 -7.8230969880185999e-05 4.723448151718729e-05 0.00037650976999206763 -4.4368680086456137e-05 -0.00016260443217370129 0.00036478703704821681 9.5881569089716688e-05 -0.00034958615622107089 -5.3647086016422226e-05 -0.00029072001305872891 0.0002966209084322205 -1.4125999071093697e-05 1.9606473830474618e-05 4.9429088522390709e-06 0.00011676416090484806 -6.6313377623064803e-05 8.9623775306432599e-05 -0.00022570502456338866 0.00059604184782417605
leaf_weight=70 4774 1507 72 609 1149 419 1197 2643 133 2675 73 109 104 101 5324 80 85 82 4074 122 644 109 110 136 69
leaf_count=70 4774 1507 72 609 1149 419 1197 2643 133 2675 73 109 104 101 5324 80 85 82 4074 122 644 109 110 136 69
internal_value=0 -7.37154e-06 2.65567e-05 -3.21807e-05 4.42637e-06 -5.78928e-05 -0.000143473 3.34839e-05 6.85181e-05 1.15726e-06 0.000116517 0.000165582 0.000322201 -9.61911e-05 -3.76472e-05 1.1632e-06 8.65719e-05 -0.000217685 3.12835e-05 -0.00011215 0.000111916 9.02626e-05 -1.09908e-05 -0.000146121 0.000454432
internal_weight=26470 24895 10515 14380 5933 8447 1616 10225 4907 5318 1575 1105 282 1250 6831 470 268 290 4683 202 823 753 183 218 178
internal_count=26470 24895 10515 14380 5933 8447 1616 10225 4907 5318 1575 1105 282 1250 6831 470 268 290 4683 202 823 753 183 218 178
is_linear=0
shrinkage=0.0255524


Tree=12
num_leaves=24
num_cat=0
split_feature=13 19 17 17 21 17 19 12 19 8 12 13 12 17 2 12 12 4 17 19 2 17 1
split_gain=0.0331018 0.0446835 0.0201094 0.0133298 0.014457 0.0126674 0.00883771 0.00802597 0.0106402 0.00856572 0.00787088 0.00784608 0.0113788 0.00687601 0.00657712 0.00668304 0.00807168 0.00569513 0.00436304 0.00357522 0.00215239 0.00184889 0.0012128
threshold=-0.0083861816674470884 0.0086217317730188387 0.60355338454246532 -0.37940952181816096 -0.013725599739700554 0.78656607866287243 0.0083335004746913927 14.500000000000002 0.0076910567004233607 0.0030353004112839703 16.000000000000004 -0.0047623189166188231 17.500000000000004 -0.37940952181816096 -0.023038773797452446 12.500000000000002 19.500000000000004 -0.0021990245440974827 1.0000000180025095e-35 0.010673431213945152 -0.030791322700679299 -0.6035533845424651 0.010145569220185282
decision_type=2 2 2 2 2 2 2 2 2 2 2 2 2 2 2 2 2 10 2 2 2 2 2
left_child=2 5 3 17 -5 11 -4 8 -7 -9 -6 13 -13 -2 19 18 -17 22 -16 20 -3 -19 -1
right_child=1 14 6 4 10 7 -8 9 -10 -11 -12 12 -14 -15 15 16 -18 21 -20 -21 -22 -23 -24
leaf_value=6.8171824963996795e-05 0.00011082468715546038 0.00011174685659497649 0.00012904107889257749 0.00059608922110988578 0.00010893809452550284 0.00011068106966348878 -0.00021767962247537515 -2.2145672825587043e-05 -0.00017846518514966859 -0.00010181632481095614 0.0004008324367672742 -3.4020340291072789e-05 1.5346723362911012e-05 1.4288493370013776e-05 -0.00017383782221697418 0.0001280923541548328 -0.00018994996549683281 0.00028569951140604825 -0.00032242396956954196 -0.0001700467756839018 -7.7509726478777478e-05 0.00011687489960729687 -5.5733505814695748e-05
leaf_weight=142 896 80 80 94 152 430 120 2428 103 1383 100 3873 14320 1042 227 73 182 105 299 112 77 71 81
leaf_count=142 896 80 80 94 152 430 120 2428 103 1383 100 3873 14320 1042 227 73 182 105 299 112 77 71 81
internal_value=0 -5.49811e-06 0.000148507 0.000209581 0.000325649 1.50443e-06 -7.89904e-05 -3.80688e-05 5.48044e-05 -5.1058e-05 0.00022477 1.00438e-05 4.83725e-06 5.89204e-05 -0.000168724 -0.000206256 -9.89018e-05 0.000108929 -0.000258301 -5.97537e-05 1.89255e-05 0.000217595 2.3165e-05
internal_weight=26470 25525 945 745 346 24475 200 4344 533 3811 252 20131 18193 1938 1050 781 255 399 526 269 157 176 223
internal_count=26470 25525 945 745 346 24475 200 4344 533 3811 252 20131 18193 1938 1050 781 255 399 526 269 157 176 223
is_linear=0
shrinkage=0.0255524


Tree=13
num_leaves=27
num_cat=0
split_feature=13 15 11 13 9 7 9 7 17 7 11 17 17 13 7 11 13 17 17 9 15 15 17 14 2 15
split_gain=0.0316671 0.0304164 0.0215794 0.0315849 0.0191503 0.0186396 0.0226813 0.0220093 0.0286529 0.0167202 0.0183683 0.0167067 0.0157361 0.0233291 0.0122888 0.0114635 0.00929517 0.00810017 0.00753184 0.00748144 0.00788433 0.00608317 0.00483666 0.00463246 0.00382104 0.00202359
threshold=-0.006941921077668666 -1.0000000180025095e-35 27.766572952270511 -0.012539769988507031 -0.045186821371316903 23.500000000000004 0.0065058276522904643 22.500000000000004 -0.7865660786628722 24.500000000000004 36.148984909057624 1.0000000180025095e-35 0.37940952181816107 -0.009478690102696417 19.500000000000004 72.615741729736342 -0.0033330669393762942 -0.37940952181816096 0.91597560048103344 -0.055598985403776162 1.0000000180025095e-35 0.6078576147556306 -0.6035533845424651 9.5999445915222186 -0.018561336211860176 0.6078576147556306
decision_type=2 2 2 2 8 2 10 2 2 2 2 2 2 2 2 2 2 2 2 10 2 2 2 2 2 2
left_child=2 4 3 -1 22 7 18 16 -9 10 -6 -11 19 -14 17 -8 -3 -5 -7 20 -4 -16 -2 -15 -24 -21
right_child=1 5 12 14 9 6 15 8 -10 11 -12 -13 13 23 21 -17 -18 -19 -20 25 -22 -23 24 -25 -26 -27
leaf_value=0.00064413780393438123 -0.00035907966025122424 2.079468221940706e-05 9.5294407738135098e-05 0.00012518558588290533 0.00018083870099756328 3.9583670137093451e-05 -0.00013073233420483261 -0.00032206936545443811 -7.6867412250538212e-05 4.5457355324412121e-05 4.4071169969635614e-05 -4.4957584159060937e-05 -0.00050363005284080825 0.0001693475117664233 0.00014117533877038227 6.9150752780893935e-05 -5.1242155627877035e-05 0.00039869238435385476 -7.1927089091534285e-05 6.5641921759332291e-05 0.00039185325129469057 -6.2819652589287523e-05 8.0269845648160289e-06 -9.0064758890276653e-05 -0.00025380654434963452 -7.3501037589917507e-05
leaf_weight=95 84 1499 171 130 757 4256 1010 419 1209 2642 4190 2696 81 76 221 230 5321 155 436 160 89 168 77 110 69 119
leaf_count=95 84 1499 171 130 757 4256 1010 419 1209 2642 4190 2696 81 76 221 230 5321 155 436 160 89 168 77 110 69 119
internal_value=0 -7.02979e-06 0.000111115 0.000207947 2.59999e-05 -3.11819e-05 3.53552e-06 -5.55597e-05 -0.000139975 3.11566e-05 6.49997e-05 -2.07403e-07 1.87291e-05 -0.000141688 0.000146465 -9.36571e-05 -3.54088e-05 0.000273936 2.92216e-05 9.8194e-05 0.00019681 5.30742e-05 -0.000204597 1.59306e-05 -0.000115715 6.2935e-06
internal_weight=26470 24895 1575 769 10515 14380 5932 8448 1628 10285 4947 5338 806 267 674 1240 6820 285 4692 539 260 389 230 186 146 279
internal_count=26470 24895 1575 769 10515 14380 5932 8448 1628 10285 4947 5338 806 267 674 1240 6820 285 4692 539 260 389 230 186 146 279
is_linear=0
shrinkage=0.0255524


Tree=14
num_leaves=24
num_cat=0
split_feature=13 19 15 11 7 13 7 3 7 9 9 7 11 9 9 2 13 3 8 15 8 0 3
split_gain=0.0301448 0.0414116 0.026097 0.0247292 0.0316128 0.0207533 0.0214265 0.0207497 0.0178476 0.0302079 0.0178271 0.0115687 0.0110622 0.0103887 0.00759112 0.00736985 0.0089407 0.00446876 0.00542925 0.00278371 0.00259176 0.00144144 0.000904558
threshold=-0.0087178256362676603 0.0087682167068123835 -1.0000000180025095e-35 27.766572952270511 19.500000000000004 -0.0037170283030718561 10.500000000000002 -0.56174489110708226 24.500000000000004 0.052032981067895896 -0.025492127984762188 24.500000000000004 56.967882156372077 -0.081796068698167787 -0.031770773231983178 -0.011562393046915529 0.0040889745578169831 -0.56174489110708226 0.0074405514169484386 1.0000000180025095e-35 0.0042771245352923879 0.00025975202152039861 1.0000000180025095e-35
decision_type=2 2 2 2 2 2 2 2 2 10 10 2 2 10 10 2 2 2 2 2 2 2 2
left_child=3 2 8 4 7 6 -4 -1 9 -2 -10 -7 15 -5 21 19 -17 18 -15 -3 -6 -14 -16
right_child=1 12 5 13 20 11 -8 -9 10 -11 -12 -13 14 17 22 16 -18 -19 -20 -21 -22 -23 -24
leaf_value=0.00024475118135323888 5.8883258098790351e-05 -0.00010850244877793877 0.00027164977155826536 -0.0002024392473083907 0.00012512765754860719 -5.7452359267456379e-05 1.9004026792860959e-05 0.00071798769907162763 9.0724623457569988e-05 0.00050120568189358447 -2.3038733118215442e-05 -4.7979831153204439e-06 -0.00050354428222617177 0.00030098976791046334 -0.00013256118363490398 -0.00030790025050861928 3.269496258887243e-05 -5.5565081466831159e-05 4.1010800539224519e-05 2.9940141309909928e-05 -7.0506218788810886e-05 -0.00034236569554683792 -0.00024043510171039602
leaf_weight=122 4743 175 238 109 91 6840 2771 120 1138 103 4289 4528 74 92 109 179 70 98 122 207 86 71 95
leaf_count=122 4743 175 238 109 91 6840 2771 120 1138 103 4289 4528 74 92 109 179 70 98 122 207 86 71 95
internal_value=0 -4.93657e-06 1.53966e-06 0.000150624 0.000289598 -2.06849e-05 3.89874e-05 0.000479415 3.26428e-05 6.82847e-05 8.16528e-07 -3.64796e-05 -0.000167834 1.2311e-05 -0.00028327 -0.000103987 -0.00021215 8.73365e-05 0.000152778 -3.3482e-05 3.00728e-05 -0.000424624 -0.000182798
internal_weight=26470 25630 24650 840 419 14377 3009 242 10273 4846 5427 11368 980 421 349 631 249 312 214 382 177 145 204
internal_count=26470 25630 24650 840 419 14377 3009 242 10273 4846 5427 11368 980 421 349 631 249 312 214 382 177 145 204
is_linear=0
shrinkage=0.0255524


Tree=15
num_leaves=15
num_cat=0
split_feature=2 10 10 9 18 22 20 18 10 2 7 10 9 22
split_gain=0.027101 0.0300434 0.0152572 0.0115057 0.011229 0.00974993 0.0101618 0.00783071 0.0246853 0.00832487 0.00701853 0.00505211 0.0033044 0.00289383
threshold=-0.041625807061791413 42.682687759399421 25.15975379943848 -0.060726350173354142 0.0081527503207325953 52.671903610229499 18.500000000000004 0.0028868196532130246 57.862068176269538 0.019669127650558952 25.500000000000004 54.54912185668946 -0.052409440279006951 42.973119735717781
decision_type=2 2 2 10 2 2 2 2 2 2 2 2 10 2
left_child=1 2 3 -1 5 7 -7 9 -9 -2 -8 -6 13 -4
right_child=4 -3 12 -5 11 6 10 8 -10 -11 -12 -13 -14 -15
leaf_value=0.00067640362952890308 -4.7689267036780882e-06 -0.00026430570130433361 0.00029971296854843974 0.0002532033503785213 -7.48220611124968e-05 0.00033489099501732647 -2.0319337027628106e-05 -6.6403815751253481e-07 -0.00014517083519965482 5.1474241900642877e-05 0.00010029940710996429 -0.00033809603484973814 3.0913033330708575e-05 8.6686578490723467e-05
leaf_weight=81 18524 83 105 87 101 85 570 2929 1048 1894 704 90 100 69
leaf_count=81 18524 83 105 87 101 85 570 2929 1048 1894 704 90 100 69
internal_value=0 0.000181758 0.000265522 0.000457248 -3.67789e-06 -2.23021e-06 6.43815e-05 -5.94104e-06 -3.87438e-05 4.48252e-07 4.63333e-05 -0.000198879 0.000147967 0.000215238
internal_weight=26470 525 442 168 25945 25754 1359 24395 3977 20418 1274 191 274 174
internal_count=26470 525 442 168 25945 25754 1359 24395 3977 20418 1274 191 274 174
is_linear=0
shrinkage=0.0255524


Tree=16
num_leaves=21
num_cat=0
split_feature=2 19 10 11 11 16 7 8 16 22 7 16 12 7 11 16 16 16 22 16
split_gain=0.0257337 0.0289666 0.0285276 0.0168163 0.0156637 0.0150042 0.0298107 0.0181645 0.015866 0.013887 0.0128922 0.0110962 0.0092667 0.00817771 0.0074661 0.00696731 0.0112043 0.00582285 0.00748916 0.0059968
threshold=-0.041625807061791413 0.0087682167068123835 42.682687759399421 17.035963058471683 36.789564132690437 -1.0000000180025095e-35 11.500000000000002 0.0036712365690618758 0.91597560048103344 58.633989334106452 27.500000000000004 -0.7865660786628722 12.500000000000002 11.500000000000002 57.657190322875984 -1.0000000180025095e-35 -0.7865660786628722 -0.37940952181816096 44.426349639892585 -0.7865660786628722
decision_type=2 2 2 2 2 2 2 2 2 2 2 2 2 2 2 2 2 2 2 2
left_child=2 5 3 -1 15 7 8 10 -7 -8 -2 14 -13 -9 -6 16 -3 19 -19 -5
right_child=1 4 -4 17 11 6 9 13 -10 -11 -12 12 -14 -15 -16 -17 -18 18 -20 -21
leaf_value=0.00055598001349823907 1.8018133992567146e-05 9.1515026969776598e-05 -0.00025755205612230388 0.00020522536036402162 6.9451437595465041e-05 0.00020781866307991386 -2.9726023289397225e-05 -0.00013262264410554236 -4.4914025567769639e-05 0.00015068488792954683 8.3341716718215403e-05 -0.00029698517821103571 -4.8926994467225642e-05 -1.2482221497684835e-05 -0.00024744308625194631 0.0001696453466282753 -0.00032314913317089673 0.00043584764707362808 9.7500708056846985e-05 -9.7488188506405444e-05
leaf_weight=97 5075 104 83 96 149 568 12361 430 227 285 3227 475 124 2648 72 128 72 93 79 77
leaf_count=97 5075 104 83 96 149 568 12361 430 227 285 3227 475 124 2648 72 128 72 93 79 77
internal_value=0 -3.58392e-06 0.000177114 0.000258737 -0.00013046 2.16157e-06 -1.61188e-05 2.37526e-05 0.000135654 -2.56601e-05 4.34095e-05 -0.00018854 -0.000245635 -2.9266e-05 -3.37893e-05 2.62021e-05 -7.81192e-05 0.000175164 0.000280445 7.04904e-05
internal_weight=26470 25945 525 442 1124 24821 13441 11380 795 12646 8302 820 599 3078 221 304 176 345 172 173
internal_count=26470 25945 525 442 1124 24821 13441 11380 795 12646 8302 820 599 3078 221 304 176 345 172 173
is_linear=0
shrinkage=0.0255524


Tree=17
num_leaves=19
num_cat=0
split_feature=17 16 18 9 9 11 12 12 3 18 6 12 12 12 12 3 12 9
split_gain=0.0202903 0.0194938 0.0254825 0.025376 0.0230372 0.0240911 0.0212548 0.0186952 0.0175583 0.0133868 0.0102025 0.00895665 0.0140018 0.012646 0.00864935 0.00763984 0.00740387 0.00138397
threshold=0.60355338454246532 1.0000000180025095e-35 0.0072088141459971675 1.0000000180025095e-35 -0.06441225484013556 34.423238754272468 11.500000000000002 11.500000000000002 1.0000000180025095e-35 0.0088355946354568022 18.723070144653324 20.500000000000004 21.500000000000004 13.500000000000002 48.500000000000007 0.81174489855766307 10.500000000000002 -0.017556976526975628
decision_type=2 2 2 10 8 2 2 2 2 2 2 2 2 2 2 2 2 10
left_child=1 3 4 6 5 -3 8 -6 -1 10 17 13 -13 -5 16 -8 -12 -2
right_child=9 2 -4 11 7 -7 15 -9 -10 -11 14 12 -14 -15 -16 -17 -18 -19
leaf_value=-0.00019829614442144373 0.00026276422563419521 0.00057792839345011061 -0.00044694658394572737 2.009235298669672e-05 0.00013267602451888006 3.5334960431492038e-05 7.4422291082935397e-05 -2.1926658179343163e-05 0.00016667742319530302 -0.0003610853297005579 0.000102644474355394 0.00023993840755074335 -1.7860632449040821e-06 -0.00014459167842719722 0.00021682247465251196 0.00016575004920237337 -4.7898351502017422e-05 0.00010206185315407169
leaf_weight=318 69 88 87 558 540 136 4760 9410 118 83 221 168 2278 670 85 684 6126 71
leaf_count=318 69 88 87 558 540 136 4760 9410 118 83 221 168 2278 670 85 684 6126 71
internal_value=0 1.29651e-05 -1.14906e-05 3.92306e-05 -7.76695e-06 0.000248498 7.21485e-05 -1.35361e-05 -9.95184e-05 -3.86031e-05 -3.45303e-05 -1.34523e-05 1.48164e-05 -6.97595e-05 -3.92274e-05 8.5897e-05 -4.26565e-05 0.000181267
internal_weight=26470 19815 10261 9554 10174 224 5880 9950 436 6655 6572 3674 2446 1228 6432 5444 6347 140
internal_count=26470 19815 10261 9554 10174 224 5880 9950 436 6655 6572 3674 2446 1228 6432 5444 6347 140
is_linear=0
shrinkage=0.0255524


Tree=18
num_leaves=26
num_cat=0
split_feature=13 19 15 10 7 7 11 11 13 7 4 5 13 15 7 11 5 19 10 4 11 4 15 4 4
split_gain=0.026508 0.0410829 0.0262465 0.0208442 0.0173049 0.016245 0.0169712 0.0142109 0.0132306 0.0135425 0.0117986 0.0115369 0.0114439 0.00965199 0.00690178 0.00640377 0.00753734 0.00591553 0.00574097 0.0062494 0.00554592 0.00494987 0.00284091 0.00195467 0.00124253
threshold=-0.006941921077668666 0.0086217317730188387 -1.0000000180025095e-35 41.044160842895515 24.500000000000004 19.500000000000004 20.906284332275394 35.677303314208991 -0.0037170283030718561 16.000000000000004 -0.0013351793168112633 0.015584518667310478 -0.011500637512654064 1.0000000180025095e-35 12.500000000000002 56.967882156372077 -0.018840027041733261 0.0075060771778225907 38.332075119018562 -0.00021030339121352878 44.85057449340821 0.00027247717662248766 0.6078576147556306 0.0024603882338851695 0.0027155495481565599
decision_type=2 2 2 2 2 2 2 2 2 2 10 2 2 2 2 2 2 2 2 10 2 10 2 10 10
left_child=3 2 4 5 7 6 12 -2 9 -4 -10 -6 -1 20 -8 18 24 22 19 -3 -5 -20 -7 -18 -17
right_child=1 15 8 13 11 17 14 -9 10 -11 -12 -13 -14 -15 -16 16 23 -19 21 -21 -22 -23 -24 -25 -26
leaf_value=0.00063966429989292405 0.00016954743085500655 -8.3936247724575273e-05 0.00012980447926786933 0.0001272849277214677 1.3089477273694961e-05 0.00013709508690763154 8.5085686858324736e-05 4.7716364312043588e-05 -0.00015755870516643105 -5.0450598470597369e-06 -2.9117260740037552e-05 -0.00010508677266325276 0.00027114575995722506 -0.00028657997420211521 0.00031410131211049371 -0.00046856935620430851 -0.00023534965315175611 -0.00014570466898120431 -0.000177250210125431 -0.0004160561496163441 -0.00016248515929368407 8.927573114930555e-06 1.1151154023431603e-05 -8.9092039678763361e-05 -0.00031924406623181289
leaf_weight=85 739 73 657 115 4718 255 369 4057 488 1871 10834 609 156 107 112 77 124 91 155 75 69 234 216 115 69
leaf_count=85 739 73 657 115 4718 255 369 4057 488 1871 10834 609 156 107 112 77 124 91 155 75 69 234 216 115 69
internal_value=1.81567e-13 -6.43172e-06 5.6788e-09 0.000101662 3.12792e-05 0.000145916 0.000226104 6.6489e-05 -2.28522e-05 3.00008e-05 -3.46534e-05 -4.2078e-07 0.000401122 -9.36006e-05 0.000138412 -0.000173811 -0.000253343 4.28982e-05 -0.00011679 -0.000252242 1.86201e-05 -6.52559e-05 7.93378e-05 -0.000164975 -0.000397999
internal_weight=26470 24895 23973 1575 10123 1284 722 4796 13850 2528 11322 5327 241 291 481 922 385 562 537 148 184 389 471 239 146
internal_count=26470 24895 23973 1575 10123 1284 722 4796 13850 2528 11322 5327 241 291 481 922 385 562 537 148 184 389 471 239 146
is_linear=0
shrinkage=0.0255524


Tree=19
num_leaves=20
num_cat=0
split_feature=21 19 16 12 12 4 16 16 5 8 12 9 16 9 12 8 10 5 21
split_gain=0.0225261 0.0183116 0.0247253 0.0264226 0.0294221 0.020117 0.0274648 0.013544 0.0263884 0.0257539 0.0232517 0.0189883 0.0158997 0.0113787 0.00939356 0.00861236 0.00731047 0.00187337 0.00137804
threshold=-0.016166639514267441 0.0081132375635206717 -0.7865660786628722 19.500000000000004 16.000000000000004 -0.00112888723379001 1.0000000180025095e-35 -1.0000000180025095e-35 1.0000000180025095e-35 0.004473527194932104 11.500000000000002 0.059630097821354873 0.78656607866287243 0.0017881059320643546 12.500000000000002 0.0057298806495964536 26.157396316528324 0.036929396912455566 -0.018184987828135487
decision_type=2 2 2 2 2 10 2 2 2 2 2 8 2 8 2 2 2 2 2
left_child=15 7 3 4 -3 6 -4 8 9 -2 12 -10 -9 -12 -7 18 -17 -5 -1
right_child=1 2 5 17 -6 14 -8 10 11 -11 13 -13 -14 -15 -16 16 -18 -19 -20
leaf_value=0.00015766739990107453 7.7450309188856564e-05 6.3709092374872423e-05 -0.00023216744825065659 -0.00015257638695484113 0.0006308951165259443 -0.00025924027250944762 0.00018041822651099901 0.00023343369930941925 -3.4884670066119263e-05 -9.481262380076728e-05 -4.082009013239507e-05 0.00014390851163560391 -6.5750146771626027e-06 9.7364122123701757e-06 -3.4954142509721815e-05 0.00055178625144624216 0.00018115262873865035 -0.00034020325561237385 1.3078054210674965e-05
leaf_weight=101 5481 350 189 70 72 671 238 403 4547 632 7953 424 326 4581 149 69 70 69 75
leaf_count=101 5481 350 189 70 72 671 238 403 4547 632 7953 424 326 4581 149 69 70 69 75
internal_value=0 -2.58687e-06 -8.10456e-05 5.98361e-05 0.000160481 -0.000144426 -2.2012e-06 3.23944e-06 2.4087e-05 5.96407e-05 -1.4183e-05 -1.96345e-05 0.000126104 -2.23424e-05 -0.000218486 0.000214793 0.000365138 -0.000245716 9.60537e-05
internal_weight=26470 26155 1808 561 422 1247 427 24347 11084 6113 13263 4971 729 12534 820 315 139 139 176
internal_count=26470 26155 1808 561 422 1247 427 24347 11084 6113 13263 4971 729 12534 820 315 139 139 176
is_linear=0
shrinkage=0.0255524


Tree=20
num_leaves=25
num_cat=0
split_feature=13 8 10 17 20 17 17 20 20 20 20 20 9 10 20 17 13 9 22 9 8 13 17 17
split_gain=0.0245831 0.023437 0.0195831 0.0186971 0.0147867 0.0128807 0.0124373 0.0231725 0.0117646 0.0108338 0.0315104 0.0118785 0.0104174 0.0100033 0.00722814 0.00651742 0.0137393 0.0103549 0.00593 0.00591589 0.00515014 0.00449048 0.00311194 0.00233857
threshold=-0.006941921077668666 0.0062753690872341403 41.044160842895515 0.60355338454246532 19.500000000000004 0.60355338454246532 -0.37940952181816096 16.000000000000004 10.500000000000002 17.500000000000004 18.500000000000004 16.000000000000004 -0.031770773231983178 61.094110488891609 12.500000000000002 0.12940952181816107 -0.00090624063159339119 -0.044077143073081963 36.39702224731446 0.019955391064286235 0.0052573306020349273 0.0031679680105298762 -0.7865660786628722 -0.7865660786628722
decision_type=2 2 2 2 2 2 2 2 2 2 2 2 8 2 2 2 2 10 2 10 2 2 2 2
left_child=2 5 4 18 6 9 22 -8 -7 11 -11 -2 -10 15 21 17 -17 -3 -4 -16 23 -15 -1 -6
right_child=1 13 3 -5 20 8 7 -9 12 10 -12 -13 -14 14 19 16 -18 -19 -20 -21 -22 -23 -24 -25
leaf_value=0.00020896461718093243 -2.0642570079812807e-05 -0.00029929455147036663 0.00019964720625712342 -0.00043585922925862275 0.00021095235148152789 0.00021258416335160742 0.00019853197770269325 0.00065167242226798496 -0.00016511272397090615 0.00022303304583119082 1.3007058535657173e-05 -0.00029747920851180034 -2.9643543571311295e-05 -0.0004171203407413487 8.2418325458482141e-05 0.00016626541868442805 -0.00016136614398298371 -1.9487776551554134e-05 -7.5998790110235511e-05 -0.00025098790959934088 -0.00015055848479871592 -0.00018973749986760682 4.8738986406165116e-05 5.0217473262267365e-05
leaf_weight=123 3758 155 83 76 69 124 280 100 398 483 13582 104 5390 131 69 180 156 195 132 70 78 100 222 412
leaf_count=123 3758 155 83 76 69 124 280 100 398 483 13582 104 5390 131 69 180 156 195 132 70 78 100 222 412
internal_value=0 -6.1938e-06 9.79015e-05 -9.13623e-05 0.000140796 -9.75667e-07 0.000216937 0.00031778 -3.36829e-05 9.81057e-06 2.02195e-05 -2.80976e-05 -3.89588e-05 -0.000123992 -0.000231078 -6.62337e-05 1.41502e-05 -0.000143403 3.04125e-05 -8.54827e-05 4.20425e-05 -0.000318687 0.000105863 7.32755e-05
internal_weight=26470 24895 1575 291 1284 23839 725 380 5912 17927 14065 3862 5788 1056 370 686 336 350 215 139 559 231 345 481
internal_count=26470 24895 1575 291 1284 23839 725 380 5912 17927 14065 3862 5788 1056 370 686 336 350 215 139 559 231 345 481
is_linear=0
shrinkage=0.0255524


Tree=21
num_leaves=20
num_cat=0
split_feature=2 6 8 11 6 9 21 2 9 7 9 7 12 7 9 0 2 11 18
split_gain=0.021307 0.0274023 0.0169653 0.0182415 0.0115177 0.0100855 0.00737095 0.00691333 0.00684983 0.00673606 0.00651602 0.0064309 0.00651643 0.00591746 0.00558319 0.0051812 0.0043063 0.0041038 0.00177737
threshold=-0.041625807061791413 24.918974876403812 0.0065850231330841788 56.967882156372077 42.759845733642585 -0.060726350173354142 -0.0069672737736254922 -0.0080236601643264276 -0.073291536420583711 12.500000000000002 0.059630097821354873 10.500000000000002 23.500000000000004 20.500000000000004 -0.031770773231983178 0.0035969431046396498 0.018656386062502864 34.228540420532234 0.0033783082617446785
decision_type=2 2 2 2 2 10 2 2 10 2 8 2 2 2 10 2 2 2 2
left_child=1 5 6 7 17 -1 11 8 -4 14 15 -2 -13 -12 -5 -8 -9 18 -3
right_child=2 4 3 9 -6 -7 10 16 -10 -11 13 12 -14 -15 -16 -17 -18 -19 -20
leaf_value=0.00063917957890676619 0.00027681167047415592 0.00011020711696058816 -0.00018176856074689937 -0.00041950462694243299 -0.00021995453216194606 0.00024799959724364538 -3.2272596296450113e-06 -0.00024552861395097693 7.2671795428536469e-05 -8.5202794951423199e-05 -0.00010234154297470573 -3.5689595271234117e-06 9.0260048405618008e-05 8.9596442546635419e-05 -0.00019210726208937091 -6.5021156177649263e-05 1.6871323802884129e-06 0.0002344471337890316 -6.5777731835701608e-05
leaf_weight=78 77 82 83 141 89 96 20979 119 412 133 121 1072 880 787 141 925 75 111 69
leaf_count=78 77 82 83 141 89 96 20979 119 412 133 121 1072 880 787 141 925 75 111 69
internal_value=0 0.000161162 -3.26113e-06 -0.000101274 3.11846e-05 0.000423357 1.09484e-06 -2.06635e-05 3.00077e-05 -0.000235108 -3.0563e-06 4.77661e-05 3.87309e-05 6.40186e-05 -0.000305807 -5.83681e-06 -0.000149954 0.000116496 2.97889e-05
internal_weight=26470 525 25945 1104 351 174 24841 689 495 415 22812 2029 1952 908 282 21904 194 262 151
internal_count=26470 525 25945 1104 351 174 24841 689 495 415 22812 2029 1952 908 282 21904 194 262 151
is_linear=0
shrinkage=0.0255524


Tree=22
num_leaves=14
num_cat=0
split_feature=2 10 19 11 9 11 18 9 9 2 3 0 18
split_gain=0.0202824 0.0252459 0.0197166 0.0189024 0.00959034 0.00829046 0.00707087 0.0066596 0.00738442 0.00595267 0.00542372 0.00503165 0.004921
threshold=-0.046666851267218583 25.15975379943848 0.0086217317730188387 27.766572952270511 -0.060726350173354142 56.967882156372077 0.0014828773564659061 0.059630097821354873 0.015814556740224365 -0.030027176253497597 -0.56174489110708226 -0.0035456294426694508 0.0088355946354568022
decision_type=2 2 2 2 8 2 2 8 10 2 2 2 2
left_child=1 -1 4 9 -2 12 -7 8 -6 -4 -9 -3 -5
right_child=2 11 3 5 7 6 -8 10 -10 -11 -12 -13 -14
leaf_value=0.00049346949150474398 0.0002562450175632068 0.00019069371026586503 0.00032964894766230376 -6.4672997613296016e-05 5.2368226488180132e-06 -2.3712668824378238e-05 -0.00028753706844942661 0.00017479855605575856 -3.4003622077132095e-05 4.0705370111929405e-06 3.1835862053947251e-05 -7.7923085919729142e-05 -0.00028356514375577877
leaf_weight=121 97 73 77 715 20159 85 302 239 3707 70 630 121 74
leaf_count=121 97 73 77 715 20159 85 302 239 3707 70 630 121 74
internal_value=0 0.000203815 -2.45466e-06 -9.85707e-05 2.66621e-06 -0.000132719 -0.000229592 1.67177e-06 -8.58213e-07 0.000174613 7.11549e-05 2.31533e-05 -8.52031e-05
internal_weight=26470 315 26155 1323 24832 1176 387 24735 23866 147 869 194 789
internal_count=26470 315 26155 1323 24832 1176 387 24735 23866 147 869 194 789
is_linear=0
shrinkage=0.0255524


Tree=23
num_leaves=14
num_cat=0
split_feature=21 17 16 5 7 8 5 6 7 7 21 7 7
split_gain=0.0194642 0.0170465 0.0167157 0.0239186 0.0209529 0.0207069 0.018856 0.0162254 0.0103241 0.00969094 0.00943557 0.0108065 0.0077633
threshold=-0.021282276138663288 0.60355338454246532 1.0000000180025095e-35 -0.0018782321130856869 11.500000000000002 0.008049745578318836 -0.05360662750899791 54.547250747680671 20.500000000000004 48.500000000000007 -0.0046827872283756724 11.500000000000002 20.500000000000004
decision_type=2 2 2 2 2 2 2 2 2 2 2 2 2
left_child=-1 2 3 4 -2 6 -4 -7 -5 10 11 -3 -12
right_child=1 9 5 8 -6 7 -8 -9 -10 -11 12 -13 -14
leaf_value=0.00034721011698892466 -0.0001016890995215254 0.00025423427162935854 0.00025016477159380891 -6.9498427669639724e-05 8.5992321187501697e-05 -6.0166918964369424e-05 -1.1614954045755255e-05 -0.00050753178773570639 1.6615977382936028e-05 0.00023264684532092722 -1.3140402888875796e-05 -1.2730139008775278e-06 -7.7687771734967519e-05
leaf_weight=105 422 120 183 1328 4876 118 9832 96 2881 86 1877 1088 3458
leaf_count=105 422 120 183 1328 4876 118 9832 96 2881 86 1877 1088 3458
internal_value=0 -1.38278e-06 1.0525e-05 3.49177e-05 7.1043e-05 -1.2146e-05 -6.83154e-06 -0.000260855 -1.05543e-05 -3.68348e-05 -4.03769e-05 2.41083e-05 -5.49783e-05
internal_weight=26470 26365 19736 9507 5298 10229 10015 214 4209 6629 6543 1208 5335
internal_count=26470 26365 19736 9507 5298 10229 10015 214 4209 6629 6543 1208 5335
is_linear=0
shrinkage=0.0255524


Tree=24
num_leaves=25
num_cat=0
split_feature=15 11 16 7 2 19 16 6 16 16 7 15 7 7 7 1 19 8 19 11 19 7 2 2
split_gain=0.0221732 0.0167079 0.0322827 0.0257099 0.0156227 0.0253941 0.0169858 0.01496 0.0109617 0.0130744 0.010699 0.00971006 0.0126887 0.0121296 0.00865263 0.00767717 0.00628581 0.0055532 0.00492097 0.00479336 0.0060567 0.0173747 0.00980071 0.000688313
threshold=-0.60785761475563038 35.881551742553718 -0.91597560048103321 12.500000000000002 -0.036406774073839181 0.0082173706032335776 -0.7865660786628722 42.759845733642585 -0.91597560048103321 -0.37940952181816096 19.500000000000004 1.0000000180025095e-35 12.500000000000002 11.500000000000002 12.500000000000002 0.0023653709795325999 0.0087682167068123835 0.0029581304406747226 0.010331439319998028 83.105545043945327 0.0045263108331710109 45.000000000000007 0.024777505546808246 0.021255970932543281
decision_type=2 2 2 2 2 2 2 2 2 2 2 2 2 2 2 2 2 2 2 2 2 2 2 2
left_child=1 2 15 -4 7 11 10 8 16 -10 -7 12 -6 -13 -8 -1 -2 -5 -9 20 22 -22 -3 -21
right_child=4 19 3 17 5 6 14 18 9 -11 -12 13 -14 -15 -16 -17 -18 -19 -20 23 21 -23 -24 -25
leaf_value=0.00025678325405574228 0.00017916522332548127 2.0148528792143141e-05 0.00052240681674369004 1.7447773790575056e-05 -0.00015477746913247051 8.659383814382106e-05 -0.00024425001358354808 3.8031617233639193e-06 -6.4513573677623998e-05 0.00020480168438946934 -0.00022202622426718764 4.4909589305134422e-05 2.015633837916224e-05 -3.8032998810699328e-05 -4.2151580806738428e-05 0.00060557484951699982 0.00051918609687650425 0.00013398616810065693 -0.00029155311078041826 9.9705731928074852e-05 -4.8916270564475694e-06 -0.00032378701174825083 0.00029699878936174907 0.0002006213566849239
leaf_weight=76 71 4698 78 1086 283 283 633 79 200 286 99 1322 6243 8911 177 90 71 354 69 93 973 126 85 84
leaf_count=76 71 4698 78 1086 283 283 633 79 200 286 99 1322 6243 8911 177 90 71 354 69 93 973 126 85 84
internal_value=0 3.63704e-05 0.000107568 7.05715e-05 -1.5038e-05 -1.98904e-05 -0.000133847 9.72126e-05 0.000151678 9.3972e-05 6.61063e-06 -1.17852e-05 1.25703e-05 -2.73176e-05 -0.000200088 0.000445888 0.000349177 4.60969e-05 -0.000133895 1.65821e-05 1.26395e-05 -4.14531e-05 2.50686e-05 0.000147599
internal_weight=26470 7743 1684 1518 18727 17951 1192 776 628 486 382 16759 6526 10233 810 166 142 1440 148 6059 5882 1099 4783 177
internal_count=26470 7743 1684 1518 18727 17951 1192 776 628 486 382 16759 6526 10233 810 166 142 1440 148 6059 5882 1099 4783 177
is_linear=0
shrinkage=0.0255524


Tree=25
num_leaves=18
num_cat=0
split_feature=21 8 16 18 22 16 12 5 10 9 10 12 8 8 10 12 12
split_gain=0.0181582 0.0148093 0.0145949 0.0120668 0.0106454 0.00954497 0.0255978 0.0196475 0.0085434 0.0081495 0.0115023 0.00689199 0.00629721 0.00346427 0.00388562 0.00176946 0.00113314
threshold=-0.013725599739700554 0.0067244884558022031 -0.6035533845424651 0.0088355946354568022 52.671903610229499 -1.0000000180025095e-35 11.500000000000002 0.0073410337790846833 60.801370620727546 -0.060726350173354142 22.226186752319339 18.500000000000004 0.0053185902070254096 0.0072002869565039882 60.801370620727546 19.500000000000004 23.500000000000004
decision_type=2 2 2 2 2 2 2 2 2 10 2 2 2 2 2 2 2
left_child=9 4 13 8 5 7 -7 -2 -4 10 -1 -6 -13 -3 -15 -11 -17
right_child=1 2 3 -5 11 6 -8 -9 -10 15 -12 12 -14 14 -16 16 -18
leaf_value=0.0005329602777499003 3.8736029132936043e-05 -0.00013734099945153649 -5.8560939606351507e-05 -0.00043099615596227153 0.00026855749828980433 0.00012934765436001383 -2.7050271204840039e-05 -3.4361289560081098e-05 -0.00026543314913285735 0.00016229853575220479 0.00011534268151203629 6.7826355503416036e-05 -0.00018331622790372635 0.00010098441515033072 -0.00011186180723110125 -2.0193305923004439e-05 9.1200213521927645e-05
leaf_weight=74 7281 71 420 96 106 725 11876 3582 189 109 103 1180 69 280 70 114 125
leaf_count=74 7281 71 420 96 106 725 11876 3582 189 109 103 1180 69 280 70 114 125
internal_value=0 -3.01053e-06 -9.36453e-05 -0.000164735 1.10143e-06 -2.92009e-06 -1.80519e-05 1.46327e-05 -0.000122763 0.000148778 0.000289941 7.07405e-05 5.3952e-05 2.54007e-05 5.84146e-05 7.69785e-05 3.80661e-05
internal_weight=26470 25945 1126 705 24819 23464 12601 10863 609 525 177 1355 1249 421 350 348 239
internal_count=26470 25945 1126 705 24819 23464 12601 10863 609 525 177 1355 1249 421 350 348 239
is_linear=0
shrinkage=0.0255524


Tree=26
num_leaves=12
num_cat=0
split_feature=21 11 9 9 16 9 9 16 4 3 16
split_gain=0.0173362 0.0120657 0.0162939 0.0103457 0.00952303 0.0189843 0.009219 0.00807986 0.017395 0.00861624 0.00760248
threshold=-0.021282276138663288 28.932566642761234 -0.058107119053602212 -0.081796068698167787 -0.37940952181816096 -0.00025137665215879673 0.0017881059320643546 -0.7865660786628722 -0.00010151935202884486 0.81174489855766307 0.12940952181816109
decision_type=2 2 8 8 2 10 8 2 10 2 2
left_child=-1 2 10 -3 5 -5 -6 8 -4 -9 -2
right_child=1 3 7 4 6 -7 -8 9 -10 -11 -12
leaf_value=0.00032768049014027467 7.934903137027945e-05 -0.00023976329747109928 6.4353537166450181e-05 4.9017225900465064e-05 -3.8207972368750373e-05 -2.7807610990732228e-05 4.7782178756824316e-06 -9.4384017481039158e-06 0.00049030008677797266 9.4503206356911932e-05 0.00042022044416540694
leaf_weight=105 73 126 675 4570 8069 3886 5463 2685 69 646 103
leaf_count=105 73 126 675 4570 8069 3886 5463 2685 69 646 103
internal_value=0 -1.305e-06 3.81209e-05 -8.8839e-06 -7.56086e-06 1.37119e-05 -2.0854e-05 2.77243e-05 0.000103857 1.07195e-05 0.000278837
internal_weight=26470 26365 4251 22114 21988 8456 13532 4075 744 3331 176
internal_count=26470 26365 4251 22114 21988 8456 13532 4075 744 3331 176
is_linear=0
shrinkage=0.0255524


Tree=27
num_leaves=22
num_cat=0
split_feature=15 13 13 10 20 20 6 15 20 15 20 13 20 10 4 18 20 18 18 21 20
split_gain=0.0211871 0.0180406 0.0174316 0.0203324 0.0119391 0.0115133 0.02012 0.0141161 0.0228889 0.0126758 0.010154 0.00966375 0.0092608 0.0142604 0.0333022 0.013186 0.0114086 0.00777179 0.00645948 0.00610027 0.00382913
threshold=-0.60785761475563038 -0.0091112279333174211 -0.0045013560447841874 41.695348739624031 10.500000000000002 12.500000000000002 26.157396316528324 -1.0000000180025095e-35 42.500000000000007 0.87837970256805431 23.500000000000004 -0.0091112279333174211 24.500000000000004 35.86720275878907 8.1774564932857191e-06 0.00073548580985516321 27.500000000000004 0.0077700729016214618 0.0031160344369709496 0.014721335377544166 16.000000000000004
decision_type=2 2 2 2 2 2 2 2 2 2 2 2 2 2 10 2 2 2 2 2 2
left_child=1 -1 3 4 -2 6 -4 8 -7 -8 -9 -6 13 14 -3 16 -14 20 -17 -15 -5
right_child=2 12 5 17 11 7 9 10 -10 -11 -12 -13 15 19 -16 18 -18 -19 -20 -21 -22
leaf_value=0.00044099340605595236 0.0003116407095078061 8.5331030167244191e-05 -0.00049676186130544404 4.6295490285884099e-06 0.00015376428515844341 7.4333426897134702e-05 -0.00010873721986091733 -5.6116646362919577e-05 -0.00013376501291123018 9.6291351574759421e-06 -5.3122096199021629e-06 3.1930222109814279e-05 -1.8172772860106586e-05 3.1895076408068998e-05 0.00056939721758266556 -3.9867539447361451e-05 9.1132648193059212e-05 -0.00031734237947474462 -0.00025947452950523251 0.00025153616185292864 -0.00012501497889104142
leaf_weight=71 126 519 72 324 535 2025 1546 4898 416 956 5401 2069 1140 2880 113 1466 1376 84 93 85 275
leaf_count=71 126 519 72 324 535 2025 1546 4898 416 956 5401 2069 1140 2880 113 1466 1376 84 93 85 275
internal_value=1.15456e-13 3.55525e-05 -1.46998e-05 3.75208e-05 6.8716e-05 -2.63381e-05 -7.5629e-05 -1.63793e-05 3.88688e-05 -6.351e-05 -2.94738e-05 5.69615e-05 3.18003e-05 6.16813e-05 0.000171881 5.4243e-06 4.16063e-05 -8.71682e-05 -5.2968e-05 3.81918e-05 -5.48897e-05
internal_weight=26470 7743 18727 3413 2730 15314 2574 12740 2441 2502 10299 2604 7672 3597 632 4075 2516 683 1559 2965 599
internal_count=26470 7743 18727 3413 2730 15314 2574 12740 2441 2502 10299 2604 7672 3597 632 4075 2516 683 1559 2965 599
is_linear=0
shrinkage=0.0255524


Tree=28
num_leaves=27
num_cat=0
split_feature=15 5 16 7 18 2 5 16 2 8 11 16 7 11 5 7 5 2 7 11 8 5 7 16 7 7
split_gain=0.0201181 0.0244787 0.0344695 0.0365643 0.0413551 0.0226538 0.0201241 0.0147174 0.0133865 0.0145009 0.0135576 0.0129579 0.0207625 0.013406 0.011089 0.00971982 0.0133445 0.00924122 0.0130175 0.00941821 0.00854588 0.00849025 0.00666138 0.0056566 0.00414128 0.0033495
threshold=-0.60785761475563038 0.0022289985790848736 -0.7865660786628722 22.500000000000004 0.001566157035995275 0.012894839514046909 -0.051208190619945519 0.78656607866287243 -0.036406774073839181 0.004473527194932104 15.385813713073732 -1.0000000180025095e-35 11.500000000000002 58.420265197753913 -0.075248423963785158 24.500000000000004 0.015584518667310478 -0.0083622769452631456 12.500000000000002 61.221815109252937 0.0033232860732823615 0.023480731062591079 19.500000000000004 -1.0000000180025095e-35 45.000000000000007 22.500000000000004
decision_type=2 2 2 2 2 2 2 2 2 2 2 2 2 2 2 2 2 2 2 2 2 2 2 2 2 2
left_child=1 2 3 4 -1 -5 -4 -8 10 11 -2 13 -13 -10 -12 20 24 19 -19 -11 25 -22 -16 -18 -17 -3
right_child=8 15 6 5 -6 -7 7 -9 9 17 14 12 -14 -15 22 16 23 18 -20 -21 21 -23 -24 -25 -26 -27
leaf_value=0.00025043875706462818 0.00037902464975646797 -3.1682714743282991e-05 0.00046775486751859908 6.673609562596104e-05 0.0010379437496632941 0.00046314424056883099 6.821057863100105e-05 -5.8964548705848959e-05 4.3636819623305824e-05 -1.9309168572798382e-06 -0.00024975981310755259 0.00012783812044612128 -3.9399055462954941e-05 -3.5776632382942504e-05 0.00014371558982416438 -2.8124846181212295e-05 -0.00026268949544962743 -0.00019129175995883659 -4.1207039881706499e-05 -0.00020618789749397571 0.00021874916540364449 2.2177460357429218e-05 -3.6793710391199084e-05 -8.6416605817597308e-05 0.00012313143382073388 3.7449703635559886e-05
leaf_weight=118 93 1130 70 540 69 114 1932 858 4431 1315 72 516 7992 2021 414 949 230 739 771 166 255 328 197 246 135 769
leaf_count=118 93 1130 70 540 69 114 1932 858 4431 1315 72 516 7992 2021 414 949 230 739 771 166 255 328 197 246 135 769
internal_value=2.8408e-13 3.4644e-05 8.21239e-05 0.000225929 0.000541017 0.000135835 3.98371e-05 2.91007e-05 -1.43241e-05 -1.88159e-05 8.95828e-05 -8.54695e-06 -2.92563e-05 1.87616e-05 5.0171e-05 -8.83028e-06 -5.88109e-05 -7.01779e-05 -0.000114659 -2.48255e-05 2.25837e-05 0.000108157 8.5515e-05 -0.000171591 -9.2874e-06 -3.68744e-06
internal_weight=26470 7743 3701 841 187 654 2860 2790 18727 17951 776 14960 8508 6452 683 4042 1560 2991 1510 1481 2482 583 611 476 1084 1899
internal_count=26470 7743 3701 841 187 654 2860 2790 18727 17951 776 14960 8508 6452 683 4042 1560 2991 1510 1481 2482 583 611 476 1084 1899
is_linear=0
shrinkage=0.0255524


Tree=29
num_leaves=16
num_cat=0
split_feature=17 21 18 21 4 20 3 20 18 20 3 20 3 11 11
split_gain=0.0164998 0.0187436 0.0106311 0.011704 0.00914751 0.00887782 0.0215156 0.00898924 0.00808523 0.00728869 0.00707215 0.00667685 0.00597392 0.00577997 0.0026034
threshold=0.60355338454246532 -0.021282276138663288 0.0088355946354568022 -0.0046827872283756724 -0.0032510709716007109 12.500000000000002 -0.56174489110708226 29.500000000000004 0.0028322801226750021 20.500000000000004 -0.56174489110708226 11.500000000000002 -0.56174489110708226 19.812250137329105 33.287929534912116
decision_type=2 2 2 2 10 2 2 2 2 2 2 2 2 2 2
left_child=1 -1 3 11 10 6 -6 -7 9 -5 14 -2 -10 -13 -3
right_child=2 4 -4 8 5 7 -8 -9 12 -11 -12 13 -14 -15 -16
leaf_value=0.00040449633383732043 0.00023417037383921356 -4.9698998422253257e-05 -0.00032219126039309982 1.7008668875366953e-05 -0.00010400446679517288 2.5178769942293009e-05 3.3205487778310112e-05 -2.1448383907041267e-05 8.2985297934235811e-06 -5.449664622993129e-05 0.00035596790787816506 0.00019859233181283154 -0.00014499383903842638 2.6412732663451137e-06 0.00017067721504114274
leaf_weight=79 106 70 83 1348 1427 13121 1564 3399 210 3007 85 109 792 1000 70
leaf_count=79 106 70 83 1348 1427 13121 1564 3399 210 3007 85 109 792 1000 70
internal_value=3.23222e-13 1.16915e-05 -3.48111e-05 -3.11816e-05 1.01192e-05 8.25106e-06 -3.2257e-05 1.55852e-05 -4.74213e-05 -3.23636e-05 0.000172114 4.042e-05 -0.000112866 2.19008e-05 6.04877e-05
internal_weight=26470 19815 6655 6572 19736 19511 2991 16520 5357 4355 225 1215 1002 1109 140
internal_count=26470 19815 6655 6572 19736 19511 2991 16520 5357 4355 225 1215 1002 1109 140
is_linear=0
shrinkage=0.0255524


Tree=30
num_leaves=17
num_cat=0
split_feature=2 10 19 10 2 5 22 10 20 0 2 10 20 22 1 19
split_gain=0.0154574 0.0210941 0.0166916 0.0111392 0.0116735 0.00996982 0.00938642 0.00687059 0.00579755 0.00563613 0.00626037 0.00573779 0.00472951 0.0045185 0.00379858 0.00225297
threshold=-0.046666851267218583 25.15975379943848 0.0087682167068123835 60.801370620727546 -0.011562393046915529 0.015049102716147901 53.67146301269532 65.286705017089858 19.500000000000004 -0.0029946850845590229 0.019669127650558952 56.947761535644538 27.500000000000004 43.399936676025398 0.016545967198908332 0.0096993972547352331
decision_type=2 2 2 2 2 2 2 2 2 2 2 2 2 2 2 2
left_child=1 -1 6 4 14 -6 9 -5 -8 11 -11 -2 -10 -3 -4 -9
right_child=2 13 3 7 5 -7 8 15 12 10 -12 -13 -14 -15 -16 -17
leaf_value=0.00044269635289241691 6.8277723695580551e-05 0.00012283316991969933 -1.674973294016544e-05 -0.00040227964741148614 -0.00030438835431124549 3.3296055789691818e-06 0.00028907134917598306 -4.054881254287602e-05 -1.2372084370836595e-06 -8.6699580496720467e-06 3.7120585788478743e-05 -7.9834515250038268e-05 0.00010608590778699898 -0.0001254048053758479 0.00015537927112638708 -0.00021750470610255035
leaf_weight=121 1242 108 542 101 178 112 76 82 484 20172 2158 198 601 86 99 110
leaf_count=121 1242 108 542 101 178 112 76 82 484 20172 2158 198 601 86 99 110
internal_value=8.35004e-13 0.000177928 -2.14289e-06 -9.42689e-05 -5.10245e-05 -0.000185545 2.38008e-06 -0.000231676 7.33232e-05 -1.08499e-06 -4.24469e-06 4.79122e-05 5.82107e-05 1.27885e-05 9.83463e-06 -0.000141931
internal_weight=26470 315 26155 1224 931 290 24931 293 1161 23770 22330 1440 1085 194 641 192
internal_count=26470 315 26155 1224 931 290 24931 293 1161 23770 22330 1440 1085 194 641 192
is_linear=0
shrinkage=0.0255524


Tree=31
num_leaves=28
num_cat=0
split_feature=15 11 16 12 4 11 12 17 17 12 12 12 15 12 16 17 12 17 12 15 4 21 11 15 17 4 4
split_gain=0.0188966 0.014197 0.0283581 0.0222841 0.0172327 0.0122401 0.012529 0.0122335 0.0106153 0.0159297 0.00936695 0.00942447 0.00895741 0.0145816 0.00939116 0.00800455 0.00758351 0.00754571 0.00752886 0.00726051 0.0063913 0.00623844 0.00620236 0.005676 0.00371171 0.00297574 0.00230976
threshold=-0.60785761475563038 35.881551742553718 -0.91597560048103321 12.500000000000002 -0.00021974834089633075 19.130501747131351 19.500000000000004 -0.7865660786628722 0.78656607866287243 32.500000000000007 27.500000000000004 24.500000000000004 1.0000000180025095e-35 12.500000000000002 -0.37940952181816096 -0.37940952181816096 30.500000000000004 -0.37940952181816096 21.500000000000004 0.6078576147556306 8.6771800852147876e-05 0.0018539690645411613 54.011440277099616 0.6078576147556306 -0.37940952181816096 -0.0021145553328096862 -0.0016002040938474236
decision_type=2 2 2 2 10 2 2 2 2 2 2 2 2 2 2 2 2 2 2 2 10 2 2 2 2 10 10
left_child=1 2 4 -4 -1 6 15 10 12 18 11 -3 13 -7 -14 -2 21 -18 -10 24 -5 -9 -12 -11 -8 -17 -21
right_child=5 7 3 20 -6 8 19 16 9 23 22 -13 14 -15 -16 25 17 -19 -20 26 -22 -23 -24 -25 -26 -27 -28
leaf_value=0.00019397779262752713 6.6762820276102368e-05 0.00010138072423371744 0.00048518720206192398 2.2445845914565875e-05 0.00072118490399891255 -0.00010458576724801603 0.00020922386278921518 -1.2982292890099852e-05 -4.4809239255230324e-05 -2.6232253667836616e-05 7.7620038689099605e-05 -9.7458191833972631e-05 5.9591032727275787e-06 2.9446289478895497e-05 -4.6927093364074203e-05 0.00047189762679316336 8.1557734605026716e-05 -0.00011255455827350821 -0.00013306476596967366 -0.00015096711653891432 0.00019190348072513141 5.0978520132328943e-05 0.00030105826415354327 0.00015513499357241973 4.1017109796014447e-05 0.00023875740152932566 -1.3425042855195479e-05
leaf_weight=96 113 532 78 1276 70 592 124 2520 1294 200 141 220 3679 5058 5425 71 164 645 1232 133 164 1646 191 258 277 72 199
leaf_count=96 113 532 78 1276 70 592 124 2520 1294 200 141 220 3679 5058 5425 71 164 645 1232 133 164 1646 191 258 277 72 199
internal_value=5.22673e-13 3.35757e-05 9.92062e-05 6.4531e-05 0.000416295 -1.38825e-05 7.36048e-05 1.53348e-05 -1.87604e-05 -6.27147e-05 9.31185e-05 4.32095e-05 -9.87062e-06 1.54025e-05 -2.55553e-05 0.000227499 -1.61342e-06 -7.3204e-05 -8.7854e-05 1.98569e-05 4.17453e-05 1.22888e-05 0.000206165 7.59349e-05 9.30317e-05 0.000354514 -6.85253e-05
internal_weight=26470 7743 1684 1518 166 18727 989 6059 17738 2984 1084 752 14754 5650 9104 256 4975 809 2526 733 1440 4166 332 458 401 143 332
internal_count=26470 7743 1684 1518 166 18727 989 6059 17738 2984 1084 752 14754 5650 9104 256 4975 809 2526 733 1440 4166 332 458 401 143 332
is_linear=0
shrinkage=0.0255524


Tree=32
num_leaves=19
num_cat=0
split_feature=17 19 21 12 3 12 12 1 4 12 8 4 8 22 17 4 8 12
split_gain=0.0149956 0.0218417 0.0171124 0.014716 0.0105526 0.0135594 0.0099545 0.0099633 0.00923987 0.00904709 0.0131721 0.00827565 0.0101424 0.00721482 0.0065725 0.00631174 0.00595613 0.00190967
threshold=0.60355338454246532 0.0083335004746913927 -0.021282276138663288 13.500000000000002 0.81174489855766307 9.5000000000000018 12.500000000000002 0.013993580825626852 0.0010323553578928115 32.500000000000007 0.004473527194932104 -0.0032510709716007109 0.0067244884558022031 52.671903610229499 -0.37940952181816096 0.0016020279144868257 0.0047085916157811889 20.500000000000004
decision_type=2 2 2 2 2 2 2 2 10 2 2 10 2 2 2 10 2 2
left_child=2 3 -1 4 5 -2 7 8 -3 16 -11 14 13 -13 -4 -14 -5 -8
right_child=1 6 11 9 -6 -7 17 -9 -10 10 -12 12 15 -15 -16 -17 -18 -19
leaf_value=0.00038647010612337119 0.00045516986374610362 -0.00046270371108712269 -2.321949743916174e-06 -5.9891844742993491e-05 -0.0001762902063216911 8.1268220492733292e-05 6.7997045981700848e-05 1.2321338221209405e-06 -0.00015868725766082718 6.6726295272880092e-05 -0.00025630665408572019 7.2760280686997035e-06 -3.0083473890073426e-05 7.1681960835837157e-05 0.00027858678685041283 -0.00018947788087645342 3.8851601261749574e-05 -0.00011018595362741905
leaf_weight=79 71 165 92 4002 88 586 73 69 108 874 91 17592 452 1214 133 253 443 85
leaf_count=79 71 165 92 4002 88 586 73 69 108 874 91 17592 452 1214 133 253 443 85
internal_value=1.7322e-12 -3.31864e-05 1.11459e-05 -1.99925e-05 8.64788e-05 0.000121675 -0.000195603 -0.000273097 -0.000342434 -3.46545e-05 3.62639e-05 9.64351e-06 7.86664e-06 1.14337e-05 0.000163725 -8.72849e-05 -5.00508e-05 -2.78596e-05
internal_weight=26470 6655 19815 6155 745 657 500 342 273 5410 965 19736 19511 18806 225 705 4445 158
internal_count=26470 6655 19815 6155 745 657 500 342 273 5410 965 19736 19511 18806 225 705 4445 158
is_linear=0
shrinkage=0.0255524


Tree=33
num_leaves=30
num_cat=0
split_feature=15 5 20 5 6 4 4 6 19 9 6 5 3 9 20 20 20 9 9 9 20 5 20 3 5 3 6 20 6
split_gain=0.0180007 0.0225106 0.0173599 0.020591 0.0232018 0.0106117 0.010043 0.00927373 0.0108767 0.016108 0.0120973 0.0102559 0.0108773 0.0113455 0.0106199 0.00934379 0.00849076 0.0129327 0.00703461 0.00628365 0.0121887 0.00638534 0.00575146 0.00569589 0.0056634 0.005622 0.0046626 0.00464095 0.00361819
threshold=-0.60785761475563038 0.0022289985790848736 22.500000000000004 -0.019539192318916317 35.312835693359382 -0.00046837131958454842 0.0012589126126840713 26.157396316528324 0.0082173706032335776 -0.052409440279006951 45.007316589355476 -0.00052013908862136294 0.81174489855766307 -0.058107119053602212 27.500000000000004 12.500000000000002 24.500000000000004 0.018384091556072239 0.052032981067895896 0.033281706273555763 22.500000000000004 0.031194033101201061 26.500000000000004 1.0000000180025095e-35 -0.015610565431416033 1.0000000180025095e-35 54.369731903076179 45.000000000000007 36.639307022094734
decision_type=2 2 2 2 2 10 10 2 2 10 2 2 2 10 2 2 2 10 10 10 2 2 2 2 2 2 2 2 2
left_child=1 2 3 4 -1 -5 24 11 9 28 23 12 13 -2 -14 -12 19 27 -11 21 -21 -3 -13 -10 -4 -8 -19 -18 -9
right_child=7 16 6 5 -6 -7 25 8 10 18 15 22 14 -15 -16 -17 17 26 -20 20 -22 -23 -24 -25 -26 -27 -28 -29 -30
leaf_value=0.00072845089936810739 0.00025371855804334612 2.0043933985673833e-05 -5.0944912179123204e-06 -0.00011521179819095743 0.0001635873083767857 0.00016532114913634494 0.00029645227674261846 0.00030446691551850745 1.5924858513820024e-05 -2.0327971144861814e-05 -0.00021474876263371501 -0.00033951989704617171 0.00043299176410271803 -3.2910349595256804e-07 0.00010197735877456342 -1.8501488063747553e-05 -3.5090028972277591e-05 -6.8526531122847567e-05 0.00014901240293528335 7.5708558655056542e-06 0.00040243983203793756 -0.00014236820219964391 -3.0693480345654852e-05 -0.0002036032568985513 6.9256252539843423e-05 4.027525952551952e-05 -0.00028038854792460024 0.00013721175123982521 0.00010912731729785566
leaf_weight=86 123 2088 1199 110 106 441 160 77 627 14181 541 70 74 1717 437 224 1151 104 162 141 80 171 90 88 1513 86 195 112 316
leaf_count=86 123 2088 1199 110 106 441 160 77 627 14181 541 70 74 1717 437 224 1151 104 162 141 80 171 90 88 1513 86 195 112 316
internal_value=1.82925e-12 3.27702e-05 7.83014e-05 0.000188722 0.0004166 0.000109316 5.05655e-05 -1.35494e-05 -2.06252e-05 -1.39931e-05 -8.66593e-05 3.21461e-05 4.5618e-05 1.66533e-05 0.000149913 -0.000157286 -8.91979e-06 -5.55849e-05 -1.84153e-05 2.04716e-05 0.000150511 7.7497e-06 -0.000165806 -1.10937e-05 3.6385e-05 0.000206895 -0.000206698 -1.98105e-05 0.0001474
internal_weight=26470 7743 3701 743 192 551 2958 18727 16216 14736 1480 2511 2351 1840 511 765 4042 1562 14343 2480 221 2259 160 715 2712 246 299 1263 393
internal_count=26470 7743 3701 743 192 551 2958 18727 16216 14736 1480 2511 2351 1840 511 765 4042 1562 14343 2480 221 2259 160 715 2712 246 299 1263 393
is_linear=0
shrinkage=0.0255524


Tree=34
num_leaves=17
num_cat=0
split_feature=17 21 16 20 9 20 16 8 11 8 20 9 8 8 11 21
split_gain=0.0141296 0.0159693 0.0125217 0.0199957 0.017623 0.0172409 0.0177724 0.0154411 0.00850352 0.0108959 0.00889235 0.0199849 0.00799899 0.00667814 0.00308397 0.000939105
threshold=0.60355338454246532 -0.021282276138663288 1.0000000180025095e-35 9.5000000000000018 0.0072877777274698028 11.500000000000002 0.78656607866287243 0.008049745578318836 18.448117256164554 0.007740569533780218 10.500000000000002 0.0022493595024570827 0.0029838756890967493 0.0088642030023038405 57.419580459594734 0.0017055072239600124
decision_type=2 2 2 2 10 2 2 2 2 2 2 10 2 2 2 2
left_child=1 -1 3 14 -5 6 -4 -7 -2 10 11 -10 -12 -11 -3 -15
right_child=8 2 5 4 -6 7 -8 -9 9 13 12 -13 -14 15 -16 -17
leaf_value=0.0003733908506284277 0.00018003894843745413 -8.285429645449835e-05 0.00033368999158168652 5.8594538603873742e-05 -1.8771467196236403e-05 -1.3323059134443938e-05 2.6120811860880099e-05 -0.00023281603272596926 0.00036353141367453186 -0.00040597440021334573 -9.4829883166244014e-06 -0.00019218567428436829 -6.8349624370938787e-05 -4.3346243056032381e-05 -0.00028993899474840485 -0.00017227179397202058
leaf_weight=79 121 72 184 6585 2715 9463 368 214 109 76 3464 69 2668 70 135 78
leaf_count=79 121 72 184 6585 2715 9463 368 214 109 76 3464 69 2668 70 135 78
internal_value=2.31881e-12 1.08192e-05 9.36792e-06 3.04799e-05 3.60086e-05 -1.02539e-05 0.000128644 -1.8177e-05 -3.22138e-05 -3.61445e-05 -2.99274e-05 0.000148112 -3.50956e-05 -0.000211276 -0.00021791 -0.000111295
internal_weight=26470 19815 19736 9507 9300 10229 552 9677 6655 6534 6310 178 6132 224 207 148
internal_count=26470 19815 19736 9507 9300 10229 552 9677 6655 6534 6310 178 6132 224 207 148
is_linear=0
shrinkage=0.0255524


Tree=35
num_leaves=23
num_cat=0
split_feature=13 18 8 7 22 7 13 12 7 8 5 2 7 22 13 5 8 18 18 7 8 12
split_gain=0.0161643 0.0158826 0.0157196 0.0120909 0.0105745 0.0084941 0.012696 0.00843319 0.00965383 0.00833146 0.00767714 0.00766111 0.00742809 0.0114439 0.0108866 0.00663366 0.00575319 0.00414767 0.00352332 0.00186998 0.00164433 0.00137378
threshold=-0.006941921077668666 0.0088355946354568022 0.0044331743847578773 19.500000000000004 53.67146301269532 9.5000000000000018 -0.00093793883570469905 9.5000000000000018 28.500000000000004 0.002058898215182126 -0.022971427068114277 0.019669127650558952 16.000000000000004 49.449129104614265 -0.009478690102696417 0.0094269523397088068 0.0052573306020349273 0.0024491614894941454 0.0049690892919898042 25.500000000000004 0.0043059396557509908 8.5000000000000018
decision_type=2 2 2 2 2 2 2 2 2 2 2 2 2 2 2 2 2 2 2 2 2 2
left_child=1 3 4 12 5 6 -2 18 10 19 -9 -7 13 -1 -14 -10 20 -11 21 -6 -5 -4
right_child=2 -3 7 16 9 11 -8 8 15 17 -12 -13 14 -15 -16 -17 -18 -19 -20 -21 -22 -23
leaf_value=0.00016075173155611749 0.00018872008700387768 -0.00028867817301221849 -0.00018496505641909088 7.5044293633031201e-05 -0.00013153670959677362 -7.5793116820727485e-06 -0.00013021980670368453 -8.5777609839915521e-05 -8.2226450697527715e-05 9.8585914493436847e-05 4.9395664147675631e-07 5.1502488768622569e-05 0.0005427395339800494 -0.00015969795188660904 0.00010732418296153612 -0.00035144323143224658 -0.00016221270300604532 0.00024616506554591181 -6.5695375430028889e-05 1.9520683460147441e-05 -2.5053024260978008e-05 -0.00033458395123284353
leaf_weight=646 332 73 71 369 93 18690 108 1079 137 463 1792 1552 74 82 76 106 104 170 84 126 151 92
leaf_count=646 332 73 71 369 93 18690 108 1079 137 463 1792 1552 74 82 76 106 104 170 84 126 151 92
internal_value=9.46912e-13 7.93868e-05 -5.02246e-06 9.72756e-05 2.99926e-06 -6.35042e-07 0.000110434 -5.64178e-05 -4.50183e-05 9.12209e-05 -3.19292e-05 -3.04937e-06 0.000158394 0.000124657 0.00032213 -0.000199663 1.12786e-05 0.00013822 -0.000200134 -4.46261e-05 4.59772e-05 -0.000269414
internal_weight=26470 1575 24895 1502 21534 20682 440 3361 3114 852 2871 20242 878 728 150 243 624 633 247 219 520 163
internal_count=26470 1575 24895 1502 21534 20682 440 3361 3114 852 2871 20242 878 728 150 243 624 633 247 219 520 163
is_linear=0
shrinkage=0.0255524


Tree=36
num_leaves=26
num_cat=0
split_feature=15 5 16 19 5 13 19 9 16 6 13 16 5 21 15 16 5 9 9 4 19 16 21 21 5
split_gain=0.0171288 0.0209423 0.0313716 0.027824 0.016996 0.014249 0.0182733 0.0142809 0.0138066 0.0121189 0.00945517 0.00936298 0.00821329 0.00684322 0.00796491 0.0062746 0.00873699 0.00546033 0.00544195 0.00526249 0.00500476 0.00440517 0.0027818 0.00276233 0.00199403
threshold=-0.60785761475563038 0.0022289985790848736 -0.7865660786628722 0.0039357668720185765 -0.051208190619945519 -0.0045013560447841874 0.0081132375635206717 0.052032981067895896 0.78656607866287243 45.007316589355476 0.0027456543175503616 -0.7865660786628722 -0.040771381929516785 -0.021282276138663288 -1.0000000180025095e-35 -0.6035533845424651 0.019209764897823337 -0.0059329143259674302 0.033281706273555763 -0.0013351793168112633 0.010673431213945152 -0.7865660786628722 0.0071494791191071281 -0.0065446060616523019 0.038056926801800735
decision_type=2 2 2 2 2 2 2 8 2 2 2 2 2 2 2 2 2 8 10 10 2 2 2 2 2
left_child=1 2 3 10 -4 9 7 19 -6 13 -1 -9 -8 -2 -15 16 22 -17 -19 -7 23 -14 -3 -11 -18
right_child=5 15 4 -5 8 6 12 11 -10 20 -12 -13 21 14 -16 17 24 18 -20 -21 -22 -23 -24 -25 -26
leaf_value=0.00012816466396332421 0.00028329905382135253 -2.4735997965377928e-05 0.0004287973995902685 0.00062012173031890069 6.355499834945368e-05 -9.2971399549822536e-05 -0.00036146434348173143 -8.6224021240120417e-06 -5.9622227835847485e-05 6.8303021753134816e-05 0.00042061748698948615 0.0002592367923565187 -2.1455843247516129e-05 -5.5010967353792376e-05 6.2923941104138772e-05 0.00023620245446928986 -0.00018543084785635499 -1.3181761367561539e-06 0.0001436722176873968 -1.776103201633937e-05 -0.00023838159141349451 -0.00015685662398839308 0.00013884618650459939 -9.8227600256581209e-05 -3.7567051577246869e-05
leaf_weight=663 81 967 70 97 1932 636 98 149 858 100 81 199 235 440 2489 71 305 2370 182 13525 117 472 73 186 74
leaf_count=663 81 967 70 97 1932 636 98 149 858 100 81 199 235 440 2489 71 305 2370 182 13525 117 472 73 186 74
internal_value=3.77154e-13 3.19667e-05 7.58832e-05 0.000213074 3.55413e-05 -1.32172e-05 -2.37395e-05 -1.71648e-05 2.56746e-05 3.39963e-05 0.000160005 0.000144549 -0.000142239 5.16146e-05 4.52075e-05 -8.24485e-06 -5.15296e-05 1.51714e-05 9.02197e-06 -2.11389e-05 -9.75947e-05 -0.000111851 -1.32536e-05 -3.99994e-05 -0.000156561
internal_weight=26470 7743 3701 841 2860 18727 15314 14509 2790 3413 744 348 805 3010 2929 4042 1419 2623 2552 14161 403 707 1040 286 379
internal_count=26470 7743 3701 841 2860 18727 15314 14509 2790 3413 744 348 805 3010 2929 4042 1419 2623 2552 14161 403 707 1040 286 379
is_linear=0
shrinkage=0.0255524


Tree=37
num_leaves=21
num_cat=0
split_feature=17 19 7 4 10 7 4 14 7 17 10 0 7 19 7 10 1 17 7 22
split_gain=0.0132142 0.019171 0.014687 0.0119661 0.00999588 0.0139465 0.0132168 0.00976491 0.0091274 0.00869015 0.00815559 0.00688862 0.00813396 0.0124524 0.00808965 0.00609159 0.00577855 0.00451413 0.00147948 0.00102396
threshold=0.60355338454246532 0.0083335004746913927 13.500000000000002 -0.0032510709716007109 29.519056320190433 12.500000000000002 0.0010516420588828625 11.528866291046144 48.500000000000007 -0.37940952181816096 37.344791412353523 -0.0060335304588079444 12.500000000000002 0.0033623839262872939 29.500000000000004 45.544166564941413 0.0057418360374867925 -0.7865660786628722 18.500000000000004 41.478410720825202
decision_type=2 2 2 10 2 2 10 2 2 2 2 2 2 2 2 2 2 2 2 2
left_child=3 2 7 9 -3 6 -6 -2 10 -1 -4 17 13 -13 -14 -11 -9 -5 -19 -7
right_child=1 4 8 11 5 19 -8 16 -10 15 -12 12 14 -15 -16 -17 -18 18 -20 -21
leaf_value=-4.1620919035166057e-07 0.00030883175324837386 8.0427459975310222e-05 1.4028133463692075e-05 0.00028542279212470363 -0.00049428410912161702 3.1633811482789209e-05 -0.00013280753322916458 0.00010180770296880413 0.00022773683926472063 0.00048003952843850089 -5.6975588370156397e-05 -0.0002389437605539157 2.2543610144818313e-05 -1.9455123811552176e-05 -2.1743626572465616e-05 0.00015098663719830647 -6.4159549956751017e-05 0.00012018552058796941 -2.5084114347170678e-05 -0.00010188856076645044
leaf_weight=96 111 79 1452 88 157 75 114 430 86 72 3875 180 13009 2705 3396 75 201 120 74 75
leaf_count=96 111 79 1452 88 157 75 114 430 86 72 3875 180 13009 2705 3396 75 201 120 74 75
internal_value=0 -3.11529e-05 -1.87919e-05 1.04629e-05 -0.000183316 -0.000232808 -0.000342225 8.78188e-05 -3.34058e-05 0.00018867 -3.76218e-05 8.25032e-06 6.41741e-06 -3.31495e-05 1.33757e-05 0.000312157 4.89398e-05 0.000133629 6.47724e-05 -3.51261e-05
internal_weight=26470 6655 6155 19815 500 421 271 742 5413 243 5327 19572 19290 2885 16405 147 631 282 194 150
internal_count=26470 6655 6155 19815 500 421 271 742 5413 243 5327 19572 19290 2885 16405 147 631 282 194 150
is_linear=0
shrinkage=0.0255524


Tree=38
num_leaves=19
num_cat=0
split_feature=13 11 17 16 20 20 20 16 9 20 9 20 20 2 4 17 17 11
split_gain=0.01485 0.0150047 0.010583 0.0123477 0.0178681 0.0168479 0.0172889 0.0167123 0.0158163 0.00745668 0.0172199 0.00636288 0.00702761 0.00464776 0.00438757 0.00399326 0.0031555 0.00283771
threshold=-0.011500637512654064 25.181993484497074 0.60355338454246532 1.0000000180025095e-35 9.5000000000000018 11.500000000000002 12.500000000000002 0.78656607866287243 0.0072877777274698028 32.500000000000007 0.013106906320899727 20.500000000000004 8.5000000000000018 0.0099469237029552477 7.0075551775516956e-05 0.12940952181816107 0.91597560048103344 57.419580459594734
decision_type=2 2 2 2 2 2 2 2 10 2 10 2 2 2 10 2 2 2
left_child=1 -1 3 4 17 7 -7 -5 -6 11 13 12 -4 -11 -13 -3 -12 -2
right_child=2 15 9 5 8 6 -8 -9 -10 10 16 14 -14 -15 -16 -17 -18 -19
leaf_value=0.0003780359584413761 -7.681626935736522e-05 0.00011993685139072829 -0.00019591105595813261 0.00032389951257720464 5.5346736828511618e-05 -0.00010828876774717076 -6.774579167115508e-06 2.5645045097696803e-05 -1.8099287568504807e-05 5.1573820669418147e-05 -9.5042164270626536e-05 -4.0180071792272849e-05 1.8583354650808331e-06 0.0002027281481815833 -0.00010025632032861568 -0.0001257336860124848 -0.00032271661510377821 -0.0002754610572164234
leaf_weight=135 72 108 124 184 6492 1261 8342 368 2715 649 80 1991 2176 167 1320 72 79 135
leaf_count=135 72 108 124 184 6492 1261 8342 368 2715 649 80 1991 2176 167 1320 72 79 135
internal_value=0 0.000174397 -2.10036e-06 7.32904e-06 2.84101e-05 -1.22137e-05 -2.01047e-05 0.000125064 3.36886e-05 -3.0118e-05 3.51065e-05 -4.14518e-05 -8.80393e-06 8.25088e-05 -6.41308e-05 2.16675e-05 -0.000208165 -0.000206368
internal_weight=26470 315 26155 19569 9414 10155 9603 552 9207 6586 975 5611 2300 816 3311 180 159 207
internal_count=26470 315 26155 19569 9414 10155 9603 552 9207 6586 975 5611 2300 816 3311 180 159 207
is_linear=0
shrinkage=0.0255524


Tree=39
num_leaves=17
num_cat=0
split_feature=18 9 16 14 16 5 12 12 3 9 3 16 22 9 12 9
split_gain=0.0101885 0.0114204 0.0113155 0.00931639 0.00839568 0.0228601 0.0281066 0.0213603 0.0141355 0.01342 0.0124108 0.00510195 0.00453797 0.00396602 0.00316822 0.00267435
threshold=0.0088355946354568022 -0.060726350173354142 -0.6035533845424651 10.259584426879885 -1.0000000180025095e-35 0.0073410337790846833 11.500000000000002 11.500000000000002 0.81174489855766307 0.0017881059320643546 1.0000000180025095e-35 0.60355338454246532 31.03450965881348 -0.096112087368965135 12.500000000000002 -0.073291536420583711
decision_type=2 10 2 2 2 2 2 2 2 10 2 2 2 10 2 10
left_child=1 3 -2 11 5 6 -3 10 -7 -9 -6 14 13 -5 -1 -14
right_child=2 4 -4 12 7 8 -8 9 -10 -11 -12 -13 15 -15 -16 -17
leaf_value=7.9240165656570567e-06 6.8265456848056968e-05 -0.00012427539393420966 -0.00034632124409101278 1.6998053196080552e-05 0.00017757001255875381 -1.4139323758577957e-05 5.2815799187597029e-05 -4.332457324481025e-05 -0.00014007834712864817 1.2058374986545215e-05 -3.8241565865135425e-05 0.00038097031790403492 5.5588622683793264e-05 -0.00018547578451120727 0.00024619175868308759 0.00017941652826733068
leaf_weight=70 69 637 114 275 562 3034 7191 8307 720 4354 252 85 494 82 76 148
leaf_count=70 69 637 114 275 562 3034 7191 8307 720 4354 252 85 494 82 76 148
internal_value=0 1.32272e-06 -0.000190001 7.73402e-05 -2.40882e-06 1.35451e-05 3.84051e-05 -1.61215e-05 -3.82939e-05 -2.42789e-05 0.000110758 0.000223585 4.35236e-05 -2.9508e-05 0.000131955 8.41349e-05
internal_weight=26470 26287 183 1230 25057 11582 7828 13475 3754 12661 814 231 999 357 146 642
internal_count=26470 26287 183 1230 25057 11582 7828 13475 3754 12661 814 231 999 357 146 642
is_linear=0
shrinkage=0.0255524


Tree=40
num_leaves=26
num_cat=0
split_feature=15 11 16 19 17 11 19 19 16 11 17 15 15 17 17 11 19 10 11 22 15 22 0 16 0
split_gain=0.016269 0.012323 0.0251554 0.0173057 0.0109449 0.00991268 0.0110031 0.00943801 0.022778 0.0108856 0.0104518 0.00838416 0.00732103 0.0159639 0.0101378 0.00647736 0.00628392 0.00603366 0.0059548 0.00501218 0.00475607 0.00469226 0.00299168 0.00255631 0.000259022
threshold=-0.60785761475563038 35.677303314208991 -0.91597560048103321 0.006877556676045061 -0.7865660786628722 19.130501747131351 0.0087682167068123835 0.0082173706032335776 -0.7865660786628722 58.78515815734864 0.12940952181816107 -0.87837970256805409 1.0000000180025095e-35 0.12940952181816107 -0.91597560048103321 30.544566154479984 0.0027028386248275642 48.077287673950202 83.105545043945327 43.567165374755866 0.6078576147556306 26.241840362548832 0.00017907287838170308 -0.7865660786628722 0.00076300915679894399
decision_type=2 2 2 2 2 2 2 2 2 2 2 2 2 2 2 2 2 2 2 2 2 2 2 2 2
left_child=1 2 15 17 11 6 20 12 9 -9 -10 16 13 -7 -14 -1 -3 -4 19 -6 22 -13 -2 -22 -20
right_child=5 4 3 -5 18 7 -8 8 10 -11 -12 21 14 -15 -16 -17 -18 -19 24 -21 23 -23 -24 -25 -26
leaf_value=0.00025491643683125389 0.00012999588212264093 6.0297976611850711e-05 2.568270350121269e-05 0.00043799995118808018 4.689958333801828e-06 4.5357187642751746e-05 0.00034379934318492866 0.00011862010346628407 -6.3514558613069893e-05 -0.00020690947554991173 -0.00022346239025768208 0.00018471514263118956 -8.5083056662662882e-05 -3.6740999233041563e-05 -1.4017204912219183e-05 0.00057814370842994029 0.00022507144948972468 0.00023647978577653154 0.00017845928748436973 -6.5304944808678895e-05 0.00010136432545031034 -2.8732709678810477e-05 -2.2411982500196349e-05 -5.3857340111751218e-05 0.00011517004318148643
leaf_weight=96 368 276 1328 75 4022 3593 85 415 532 80 535 81 1556 2715 8312 70 334 95 86 801 87 396 109 340 83
leaf_count=96 368 276 1328 75 4022 3593 85 415 532 80 535 81 1556 2715 8312 70 334 95 86 801 87 396 109 340 83
internal_value=0 3.11541e-05 9.27675e-05 5.96947e-05 1.42887e-05 -1.28812e-05 6.58501e-05 -1.72709e-05 -7.72521e-05 6.60089e-05 -0.000143714 8.77646e-05 -1.1479e-05 1.00216e-05 -2.5223e-05 0.000391218 0.000150519 3.97557e-05 -1.71055e-06 -6.9347e-06 3.97152e-05 7.51274e-06 9.51685e-05 -2.22309e-05 0.000147378
internal_weight=26470 7743 1664 1498 6079 18727 989 17738 1562 495 1067 1087 16176 6308 9868 166 610 1423 4992 4823 904 477 477 427 169
internal_count=26470 7743 1664 1498 6079 18727 989 17738 1562 495 1067 1087 16176 6308 9868 166 610 1423 4992 4823 904 477 477 427 169
is_linear=0
shrinkage=0.0255524


Tree=41
num_leaves=23
num_cat=0
split_feature=13 19 10 17 16 16 9 7 19 16 16 7 9 9 17 9 9 10 22 22 7 7
split_gain=0.0137222 0.0221624 0.0132184 0.0143892 0.0127247 0.0221484 0.0154706 0.0131067 0.0109109 0.00943215 0.00825587 0.0219173 0.0163967 0.0235029 0.0140404 0.0131877 0.00945829 0.00692814 0.00659533 0.00506187 0.00488905 0.00544012
threshold=-0.006941921077668666 0.0087682167068123835 41.044160842895515 0.60355338454246532 -0.91597560048103321 -0.37940952181816096 -0.047353489324450486 13.500000000000002 0.0083335004746913927 0.37940952181816107 -1.0000000180025095e-35 11.500000000000002 -0.00025137665215879673 -0.033455876633524888 -0.6035533845424651 0.0017881059320643546 0.059630097821354873 61.094110488891609 31.223460197448734 41.136257171630866 11.500000000000002 17.500000000000004
decision_type=2 2 2 2 2 2 10 2 2 2 2 2 10 8 2 8 10 2 2 2 2 2
left_child=2 10 4 19 8 6 -6 -7 -1 20 12 14 13 -2 -12 -13 -14 18 -11 -4 -3 -22
right_child=1 9 3 -5 5 7 -8 -9 -10 17 11 15 16 -15 -16 -17 -18 -19 -20 -21 21 -23
leaf_value=0.00012671792416682237 -9.8721932060069891e-05 -0.00023549338557715837 0.00012868137524179763 -0.00038456508040480712 -0.00028462758747624975 0.00031282038670044966 3.9108525585844241e-05 7.7655673792863017e-05 0.00051407714504764397 -0.00035355849122989256 0.00031306535399489336 -4.2626730312449819e-05 -2.6448463659876679e-05 6.0340985901210221e-05 5.7252813026103818e-05 1.2027647404595769e-05 0.00018249204800009159 -0.00046473383646360264 -3.6376797489229444e-05 -0.00012304312267376438 1.5742860269754849e-05 -0.00016927222402629189
leaf_weight=106 680 105 126 76 142 254 300 396 86 76 184 7690 4548 5613 587 4611 146 78 98 89 327 152
leaf_count=106 680 105 126 76 142 254 300 396 86 76 184 7690 4548 5613 587 4611 146 78 98 89 327 152
internal_value=3.09504e-13 -4.62753e-06 7.31445e-05 -8.23503e-05 0.000108385 7.46554e-05 -6.48967e-05 0.000169551 0.000300224 -0.000133963 -1.33372e-07 -1.38562e-05 1.61936e-05 4.31532e-05 0.000118303 -2.21397e-05 -1.99496e-05 -0.000264623 -0.000174917 2.44782e-05 -7.75827e-05 -4.29672e-05
internal_weight=26470 24895 1575 291 1284 1092 442 650 192 836 24059 13072 10987 6293 771 12301 4694 252 174 215 584 479
internal_count=26470 24895 1575 291 1284 1092 442 650 192 836 24059 13072 10987 6293 771 12301 4694 252 174 215 584 479
is_linear=0
shrinkage=0.0255524


end of trees

feature_importances:
Column_7=72
Column_9=68
Column_17=65
Column_16=57
Column_8=49
Column_11=46
Column_12=44
Column_20=44
Column_13=43
Column_19=40
Column_15=38
Column_10=37
Column_2=30
Column_22=30
Column_5=29
Column_21=29
Column_4=28
Column_6=25
Column_3=24
Column_18=23
Column_14=12
Column_0=11
Column_1=7

parameters:
[boosting: gbdt]
[objective: regression]
[metric: l2]
[tree_learner: serial]
[device_type: cpu]
[data_sample_strategy: bagging]
[data: ]
[valid: ]
[num_iterations: 42]
[learning_rate: 0.0255524]
[num_leaves: 31]
[num_threads: 1]
[seed: 0]
[deterministic: 0]
[force_col_wise: 0]
[force_row_wise: 0]
[histogram_pool_size: -1]
[max_depth: 5]
[min_data_in_leaf: 69]
[min_sum_hessian_in_leaf: 0.001]
[bagging_fraction: 0.886999]
[pos_bagging_fraction: 1]
[neg_bagging_fraction: 1]
[bagging_freq: 0]
[bagging_seed: 3]
[bagging_by_query: 0]
[feature_fraction: 0.435907]
[feature_fraction_bynode: 1]
[feature_fraction_seed: 2]
[extra_trees: 0]
[extra_seed: 6]
[early_stopping_round: 0]
[early_stopping_min_delta: 0]
[first_metric_only: 0]
[max_delta_step: 0]
[lambda_l1: 7.74465e-06]
[lambda_l2: 1.68325e-06]
[linear_lambda: 0]
[min_gain_to_split: 0]
[drop_rate: 0.1]
[max_drop: 50]
[skip_drop: 0.5]
[xgboost_dart_mode: 0]
[uniform_drop: 0]
[drop_seed: 4]
[top_rate: 0.2]
[other_rate: 0.1]
[min_data_per_group: 100]
[max_cat_threshold: 32]
[cat_l2: 10]
[cat_smooth: 10]
[max_cat_to_onehot: 4]
[top_k: 20]
[monotone_constraints: ]
[monotone_constraints_method: basic]
[monotone_penalty: 0]
[feature_contri: ]
[forcedsplits_filename: ]
[refit_decay_rate: 0.9]
[cegb_tradeoff: 1]
[cegb_penalty_split: 0]
[cegb_penalty_feature_lazy: ]
[cegb_penalty_feature_coupled: ]
[path_smooth: 0]
[interaction_constraints: ]
[verbosity: -1]
[saved_feature_importance_type: 0]
[use_quantized_grad: 0]
[num_grad_quant_bins: 4]
[quant_train_renew_leaf: 0]
[stochastic_rounding: 1]
[linear_tree: 0]
[max_bin: 255]
[max_bin_by_feature: ]
[min_data_in_bin: 3]
[bin_construct_sample_cnt: 200000]
[data_random_seed: 1]
[is_enable_sparse: 1]
[enable_bundle: 1]
[use_missing: 1]
[zero_as_missing: 0]
[feature_pre_filter: 1]
[pre_partition: 0]
[two_round: 0]
[header: 0]
[label_column: ]
[weight_column: ]
[group_column: ]
[ignore_column: ]
[categorical_feature: ]
[forcedbins_filename: ]
[precise_float_parser: 0]
[parser_config_file: ]
[objective_seed: 5]
[num_class: 1]
[is_unbalance: 0]
[scale_pos_weight: 1]
[sigmoid: 1]
[boost_from_average: 1]
[reg_sqrt: 0]
[alpha: 0.9]
[fair_c: 1]
[poisson_max_delta_step: 0.7]
[tweedie_variance_power: 1.5]
[lambdarank_truncation_level: 30]
[lambdarank_norm: 1]
[label_gain: ]
[lambdarank_position_bias_regularization: 0]
[eval_at: ]
[multi_error_top_k: 1]
[auc_mu_weights: ]
[num_machines: 1]
[local_listen_port: 12400]
[time_out: 120]
[machine_list_filename: ]
[machines: ]
[gpu_platform_id: -1]
[gpu_device_id: -1]
[gpu_use_dp: 0]
[num_gpu: 1]

end of parameters

pandas_categorical:null
