tree
version=v4
num_class=1
num_tree_per_iteration=1
label_index=0
max_feature_idx=33
objective=regression
feature_names=Column_0 Column_1 Column_2 Column_3 Column_4 Column_5 Column_6 Column_7 Column_8 Column_9 Column_10 Column_11 Column_12 Column_13 Column_14 Column_15 Column_16 Column_17 Column_18 Column_19 Column_20 Column_21 Column_22 Column_23 Column_24 Column_25 Column_26 Column_27 Column_28 Column_29 Column_30 Column_31 Column_32 Column_33
feature_infos=[42561.525999999998:369962734] [-0.00032803999999999998:0.0001] [5:50] [-0.087125681538845257:0.16278879824848747] [-0.12299888396141834:0.16131774532857457] [9.849125710549302:90.427118929009936] [-0.0085747102504814023:0.0087877636466817122] [0.14307104391724978:81912.842383314302] [0.14392949322670617:81567.755605795872] [0.14471201357194857:81157.657958495227] [0.1484063928066095:80467.714980886987] [0.14557681530026237:82460.929758924671] [0.14007140148962857:80940.87747890492] [0.14382:81617.514999999985] [0:100] [0.0019442751490532347:0.014968705487382186] [-0.049273621032758341:0.053615773221124874] [-0.062646439433246659:0.074444523443791377] [-0.067261884091434077:0.087115529797392677] [-0.14089958518298717:0.13786661025436109] [-0.023735114813853264:0.021481444120033499] [-0.56833760988054072:1.4839371353944957] [0.0038541160511274611:0.12445648834157014] [-0.055483150251349977:0.042514424536896245] [0.00046959284871133489:0.020569302855617439] [0.0060442848498201297:12.656719635076866] [0.00034488704949117401:0.063867534003548165] [-0.055483150251349929:0.042514424536896349] [-30.832261755430324:32.27792017890836] [-0.0039043359916577291:0.0032271542762127101] [0:40.399051673710929] [0:59.852072396914416] [0:61.405194745403016] [-3.9118375945087713:3.4630658934007612]
tree_sizes=1280 1283 1563 913 909 1478 1207 1663 723 1302 1179 1570 730 1292 1478 1101 1004 1286 817 1589 1099 906 1186 1007 1094 1293 1294 1489 1572 1474 1472 1594 1578 1570 1094 1025 638 1586 1495 1191 1399 1677 1680 1186 1691 1093 1011 1590 1008 1196 1013 1000 1101 1201 1096 1295 1648 1282 1082 1466 1673

Tree=0
num_leaves=12
num_cat=0
split_feature=2 24 30 26 2 32 19 1 2 11 30
split_gain=0.0685484 0.0837315 0.0776175 0.0472776 0.0377053 0.0379847 0.0345763 0.0333368 0.0234818 0.0136818 0.00351609
threshold=12.500000000000002 0.011273597281680462 8.832258857081996 0.0065263921224380491 13.500000000000002 16.375058619770382 0.038589207621576145 1.1725000000000002e-05 24.500000000000004 0.27682610244403805 32.553350215551283
decision_type=2 2 2 2 2 2 2 2 2 2 2
left_child=1 2 -1 -4 5 10 8 -7 -6 -8 -2
right_child=4 -3 3 -5 6 7 9 -9 -10 -11 -12
leaf_value=-0.0031963448140973029 0.0003612571838999689 0.0031289881225551892 -0.00011286979847863424 0.00059505504772611368 0.0001048696089125314 -0.0019480331948976933 0.00030360735828058723 0.00058309943098387555 -0.00017248483538889875 -0.00084156172473850998 -0.00048547886602693193
leaf_weight=88 216 141 2197 3111 6585 432 163 85 11345 1127 97
leaf_count=88 216 141 2197 3111 6585 432 163 85 11345 1127 97
internal_value=-4.54576e-05 0.000318431 0.000244989 0.000302042 -0.000145949 -0.000916924 -0.000112655 -0.00153189 -7.06232e-05 -0.000696862 9.88501e-05
internal_weight=25587 5537 5396 5308 20050 830 19220 517 17930 1290 313
internal_count=25587 5537 5396 5308 20050 830 19220 517 17930 1290 313
is_linear=0
shrinkage=1


Tree=1
num_leaves=12
num_cat=0
split_feature=2 24 30 26 2 32 19 24 2 0 0
split_gain=0.0534669 0.0653095 0.0605407 0.0369041 0.0294096 0.0296275 0.0269691 0.0263769 0.0183155 0.0107158 0.003005
threshold=12.500000000000002 0.011273597281680462 8.832258857081996 0.0064442227217973757 13.500000000000002 16.375058619770382 0.038589207621576145 0.0060118870446766691 24.500000000000004 7245177.9500000011 6577826.6500000013
decision_type=2 2 2 2 2 2 2 2 2 2 2
left_child=1 2 -1 -4 5 10 8 -7 -6 -8 -2
right_child=4 -3 3 -5 6 7 9 -9 -10 -11 -12
leaf_value=-0.0027827653029126784 -0.00015033450186227698 0.002803571380099892 -6.6158309857918619e-05 0.00056128138087868879 0.00013276427042388438 -0.0020057270532971507 -0.000839262978512016 -0.00030781853344231995 -0.00011218653448006093 -0.00014575558104082615 0.00059919938465993598
leaf_weight=88 197 141 2152 3156 6585 306 799 211 11345 491 116
leaf_count=88 197 141 2152 3156 6585 306 799 211 11345 491 116
internal_value=-4.05322e-12 0.000321375 0.000256514 0.000306901 -8.87507e-05 -0.000769652 -5.93465e-05 -0.00131277 -2.22255e-05 -0.0005753 0.000127448
internal_weight=25587 5537 5396 5308 20050 830 19220 517 17930 1290 313
internal_count=25587 5537 5396 5308 20050 830 19220 517 17930 1290 313
is_linear=0
shrinkage=0.116831


Tree=2
num_leaves=15
num_cat=0
split_feature=2 15 30 30 2 24 2 32 1 2 19 2 11 25
split_gain=0.0417035 0.0564039 0.0565109 0.0460719 0.0365016 0.0318298 0.0229391 0.0231091 0.0247133 0.0216946 0.0210355 0.0180921 0.00949383 0.00273967
threshold=12.500000000000002 0.0086385127606357932 14.768803971293655 10.065658553536869 10.500000000000002 0.011273597281680462 13.500000000000002 16.375058619770382 1.2185000000000001e-05 10.500000000000002 0.038589207621576145 49.500000000000007 0.27682610244403805 1.0084251845209349
decision_type=2 2 2 2 2 2 2 2 2 2 2 2 2 2
left_child=1 3 4 -1 -3 -4 7 13 -9 -5 11 -8 -12 -2
right_child=6 2 5 9 -6 -7 10 8 -10 -11 12 -13 -14 -15
leaf_value=-0.0025809542752600338 0.00035638378705626488 0.0034140594203432083 0.00037990372690800055 -0.00044163597481665194 0.00085718343423334391 0.0023722421630569673 -3.1611740451012373e-05 -0.0015075573231834124 0.00071464643995335683 0.00024821179231932297 0.00032531205871224369 0.0011297556782951421 -0.00062862306844689987 -0.00037743756096367135
leaf_weight=97 209 156 2269 951 149 115 17745 436 81 1800 163 185 1127 104
leaf_count=97 209 156 2269 951 149 115 17745 436 81 1800 163 185 1127 104
internal_value=9.20246e-12 0.000283828 0.00066758 -7.84997e-05 0.00216496 0.000476011 -7.83818e-05 -0.000679732 -0.0011594 9.73661e-06 -5.2413e-05 -1.96289e-05 -0.000508087 0.000112558
internal_weight=25587 5537 2689 2848 305 2384 20050 830 517 2751 19220 17930 1290 313
internal_count=25587 5537 2689 2848 305 2384 20050 830 517 2751 19220 17930 1290 313
is_linear=0
shrinkage=0.116831


Tree=3
num_leaves=8
num_cat=0
split_feature=24 19 6 30 2 25 15
split_gain=0.0346046 0.0558222 0.0704912 0.0305534 0.0299441 0.0334671 0.0190452
threshold=0.011273597281680462 0.007716837146344969 0.0012060331920569209 1.0000000180025095e-35 12.500000000000002 0.42065182685433716 0.0098039808119813159
decision_type=2 2 2 2 2 2 2
left_child=3 2 -2 -1 5 -5 -6
right_child=1 -3 -4 4 6 -7 -8
leaf_value=-0.0021879520615423554 0.00044220017305519264 -0.00067761001098436981 0.0051110305229021677 -0.0004425625338714287 -2.3625792414693783e-05 0.00036553796782152841 -0.00033769631621841914
leaf_weight=88 97 122 81 829 16764 4479 3127
leaf_count=88 97 122 81 829 16764 4479 3127
internal_value=-6.73786e-12 0.0012474 0.00256678 -1.47989e-05 -7.20977e-06 0.000239329 -7.29998e-05
internal_weight=25587 300 178 25287 25199 5308 19891
internal_count=25587 300 178 25287 25199 5308 19891
is_linear=0
shrinkage=0.116831


Tree=4
num_leaves=8
num_cat=0
split_feature=24 19 33 30 2 2 22
split_gain=0.0269911 0.0436866 0.0556106 0.0238313 0.0234042 0.0328881 0.0217453
threshold=0.011273597281680462 0.0016391375481645822 0.58364911151039645 1.0000000180025095e-35 23.500000000000004 26.500000000000004 0.040534193036158642
decision_type=2 2 2 2 2 2 2
left_child=3 2 -2 -1 6 -6 -5
right_child=1 -3 -4 4 5 -7 -8
leaf_value=-0.0019323310979822205 0.0002854162960725677 -0.00049966701410727196 0.0045258931993802367 0.00019435917631999291 -0.0004611649261069662 -1.363143635117515e-05 -0.00014298795462126942
leaf_weight=88 87 131 82 9508 2971 9126 3594
leaf_count=88 87 131 82 9508 2971 9126 3594
internal_value=-4.784e-12 0.00110166 0.00234293 -1.30699e-05 -6.36744e-06 -0.000123545 0.000101822
internal_weight=25587 300 169 25287 25199 12097 13102
internal_count=25587 300 169 25287 25199 12097 13102
is_linear=0
shrinkage=0.116831


Tree=5
num_leaves=14
num_cat=0
split_feature=2 2 24 6 22 33 14 19 19 0 10 15 22
split_gain=0.0235321 0.0580454 0.127479 0.0360678 0.0395751 0.0350674 0.0331323 0.0200528 0.0186826 0.0223869 0.020555 0.0267974 0.00802091
threshold=11.500000000000002 10.500000000000002 0.0074746826018164351 -0.00077553458547588514 0.039440867699589065 -0.85782192118973755 52.844416135799129 -0.014777721391993513 -0.038943149246436319 276934823.50000006 0.16435753811810902 0.0099757279115214783 0.04280396835190859
decision_type=2 2 2 2 2 2 2 2 2 2 2 2 2
left_child=1 3 5 7 -5 -3 -4 -1 9 12 -10 -12 -2
right_child=8 2 6 4 -6 -7 -8 -9 10 -11 11 -13 -14
leaf_value=-0.0004930522078402486 0.00033075639203932096 0.0022684715748545075 0.001682877860849135 0.00063698885868195389 -0.00057164615274691959 0.00014260625052730488 0.004483770450074716 -0.0021006050520127255 0.0015152128382854657 -0.00098983834893580456 -2.5024742648509406e-05 -0.00040654502741585465 0.0010185705131950011
leaf_weight=536 533 118 98 1046 572 1034 140 132 111 133 17799 2926 409
leaf_count=536 533 118 98 1046 572 1034 140 132 111 133 17799 2926 409
internal_value=3.01749e-12 0.000273541 0.00086891 -8.84721e-05 0.000209709 0.00036036 0.00333046 -0.000810712 -4.58919e-05 0.00042906 -7.03963e-05 -7.88886e-05 0.000629393
internal_weight=25587 3676 1390 2286 1618 1152 238 668 21911 1075 20836 20725 942
internal_count=25587 3676 1390 2286 1618 1152 238 668 21911 1075 20836 20725 942
is_linear=0
shrinkage=0.116831


Tree=6
num_leaves=11
num_cat=0
split_feature=24 19 6 18 24 10 15 22 15 25
split_gain=0.0187757 0.0306976 0.0416986 0.0183382 0.0251477 0.0233781 0.0214486 0.0190528 0.0328514 0.0248025
threshold=0.011273597281680462 0.007716837146344969 0.0012060331920569209 0.0086006275126125926 0.0059704681566315953 0.16730250243151942 0.0087450314480551159 0.038704024905325526 0.0089936692837575324 0.59100994521748063
decision_type=2 2 2 2 2 2 2 2 2 2
left_child=3 2 -2 7 6 -6 -5 8 -1 -9
right_child=1 -3 -4 4 5 -7 -8 9 -10 -11
leaf_value=2.716340296474904e-05 0.00026318579859056676 -0.00050868426992543457 0.0038540703035027349 -0.00020443262059795396 0.0020636865302724448 5.9446669831599604e-05 -0.00083817674428561561 -0.0005457912116607974 0.00049422157730886259 6.1149306191387302e-05
leaf_weight=13431 97 122 81 2726 83 1851 995 1583 2427 2191
leaf_count=13431 97 122 81 2726 83 1851 995 1583 2427 2191
internal_value=3.39481e-12 0.000918831 0.00189724 -1.09008e-05 -0.000196277 0.000145461 -0.000373897 4.24968e-05 9.86447e-05 -0.000193431
internal_weight=25587 300 178 25287 5655 1934 3721 19632 15858 3774
internal_count=25587 300 178 25287 5655 1934 3721 19632 15858 3774
is_linear=0
shrinkage=0.116831


Tree=7
num_leaves=16
num_cat=0
split_feature=2 2 22 2 10 6 14 33 21 24 2 2 33 0 0
split_gain=0.0171716 0.0291623 0.0288803 0.0254162 0.0340587 0.019571 0.0161238 0.0365882 0.039543 0.0273905 0.0339537 0.029466 0.0129634 0.0112259 0.00959533
threshold=23.500000000000004 32.500000000000007 0.018873510844104387 29.500000000000004 0.16730250243151942 0.0012555762108721166 39.951807198249959 0.3000768080798733 0.16969282856285406 0.0053392896490306379 20.500000000000004 11.500000000000002 -2.1955087670324036 809196.90000000014 904399.55000000016
decision_type=2 2 2 2 2 2 2 2 2 2 2 2 2 2 2
left_child=6 3 14 4 -2 -4 7 12 -9 10 -8 -11 -1 -5 -3
right_child=1 2 5 13 -6 -7 9 8 -10 11 -12 -13 -14 -15 -16
leaf_value=0.0012961089108373671 0.001188103262223494 0.0002991002780581607 5.5938476199794331e-05 -0.00024293185018817946 -0.00020283863819402454 -0.00080276384076689508 -0.00015067338138191372 0.00073133998443062102 -0.0013090059720594388 0.00094090206091096298 0.00049608439310299735 0.00020330046749365767 1.9834289524367717e-05 -0.0010919728151618908 0.00087899949016777897
leaf_weight=112 249 938 2051 324 6866 440 4109 168 568 1101 1517 2250 3610 618 666
leaf_count=112 249 938 2051 324 6866 440 4109 168 568 1101 1517 2250 3610 618 666
internal_value=2.94782e-12 -0.000100635 0.000153232 -0.000229664 -0.000154161 -9.57392e-05 9.10248e-05 -9.05976e-05 -0.000843275 0.000181219 2.3719e-05 0.000445646 5.82391e-05 -0.000799946 0.000539881
internal_weight=25587 12152 4095 8057 7115 2491 13435 4458 736 8977 5626 3351 3722 942 1604
internal_count=25587 12152 4095 8057 7115 2491 13435 4458 736 8977 5626 3351 3722 942 1604
is_linear=0
shrinkage=0.116831


Tree=8
num_leaves=6
num_cat=0
split_feature=32 30 2 2 2
split_gain=0.0149888 0.0242442 0.0183333 0.0408167 0.0157559
threshold=43.406662240620463 1.0000000180025095e-35 11.500000000000002 10.500000000000002 49.500000000000007
decision_type=2 2 2 2 2
left_child=1 -1 3 -3 -4
right_child=-2 2 4 -5 -6
leaf_value=-0.0019990979561118247 0.0014275527697620442 -6.9755229547248165e-05 -4.8456802093487134e-05 0.00074189514021480234 0.0010145750222422493
leaf_weight=83 100 2167 21658 1387 192
leaf_count=83 100 2167 21658 1387 192
internal_value=5.84634e-12 -5.6011e-06 9.12062e-07 0.000247003 -3.91157e-05
internal_weight=25587 25487 25404 3554 21850
internal_count=25587 25487 25404 3554 21850
is_linear=0
shrinkage=0.116831


Tree=9
num_leaves=12
num_cat=0
split_feature=18 24 20 10 15 22 15 21 2 32 6
split_gain=0.0143726 0.0211524 0.0203317 0.0179264 0.0176916 0.017227 0.0275631 0.0212172 0.0140988 0.0116825 0.0101549
threshold=0.00843749879390099 0.0059704681566315953 0.0051684284923262389 0.1734524326384595 0.0086716785954239085 0.038704024905325526 0.010638326326558012 0.2304001908603214 20.500000000000004 15.135416159874138 0.0028062136962546439
decision_type=2 2 2 2 2 2 2 2 2 2 2
left_child=2 4 5 -3 10 6 -1 -7 -5 -6 -2
right_child=1 3 -4 8 9 7 -8 -9 -10 -11 -12
leaf_value=5.8456780500558489e-05 -0.00021383467120430569 0.0016031534609931312 0.0016246604656010787 0.00031183486845490189 -0.00032100374950112738 9.6073904063183229e-05 0.00078788104607407179 -0.0004563401476897444 -0.00032153564163412362 -0.0011100490738359349 0.00099708399725272133
leaf_weight=15037 2669 108 111 1196 484 1869 742 1928 801 544 98
leaf_count=15037 2669 108 111 1196 484 1869 742 1928 801 544 98
internal_value=4.41151e-12 -0.000159949 4.79351e-05 0.000137076 -0.000324702 3.89947e-05 9.27576e-05 -0.000184425 5.77889e-05 -0.000738553 -0.000170947
internal_weight=25587 5900 19687 2105 3795 19576 15779 3797 1997 1028 2767
internal_count=25587 5900 19687 2105 3795 19576 15779 3797 1997 1028 2767
is_linear=0
shrinkage=0.116831


Tree=10
num_leaves=11
num_cat=0
split_feature=19 31 24 19 2 18 9 6 0 0
split_gain=0.012871 0.0134148 0.0128129 0.024997 0.0122266 0.0130857 0.0109294 0.0041939 0.00412956 0.00228889
threshold=-0.049411494633029455 16.5473071247559 0.011273597281680462 0.0016391375481645822 49.500000000000007 0.0092886537078109583 8.9117192466951582 0.00030601728112689971 7978910.7000000011 922338.50000000012
decision_type=2 2 2 2 2 2 2 2 2 2
left_child=1 7 4 -4 5 -2 -3 8 -1 -6
right_child=2 6 3 -5 9 -7 -8 -9 -10 -11
leaf_value=0.0011186189554124731 1.3950212797565139e-05 -0.00083119987035022681 0.0018205677679213651 -0.00039881049990463362 0.00043357019720197701 -0.00019597644149324479 0.00063047683114315857 0.0016604022473885136 0.00031104157152844828 0.0012503743704091661
leaf_weight=178 19278 147 147 131 81 5132 133 81 168 111
leaf_count=178 19278 147 147 131 81 5132 133 81 168 111
internal_value=5.7865e-12 0.000491554 -1.39682e-05 0.000774746 -2.28806e-05 -3.01851e-05 -0.000136903 0.000903658 0.000726501 0.000905785
internal_weight=25587 707 24880 278 24602 24410 280 427 346 192
internal_count=25587 707 24880 278 24602 24410 280 427 346 192
is_linear=0
shrinkage=0.116831


Tree=11
num_leaves=15
num_cat=0
split_feature=2 2 19 2 10 18 19 0 8 10 33 21 15 2
split_gain=0.0120804 0.0241718 0.0363062 0.0369705 0.0258795 0.014668 0.0426227 0.0185205 0.0387245 0.026122 0.0142973 0.01396 0.0132555 0.0120317
threshold=23.500000000000004 26.500000000000004 0.036442110400182311 25.500000000000004 0.16607720714120122 -0.015016369015918239 -0.015033303014789888 204767904.20000002 0.26744350347675822 0.24963963649373869 -2.1955087670324036 0.17355666362757374 0.0050563368775270205 32.500000000000007
decision_type=2 2 2 2 2 2 2 2 2 2 2 2 2 2
left_child=5 2 12 -4 -3 6 10 8 -7 -9 -1 -8 -2 -6
right_child=1 4 3 -5 13 7 11 9 -10 -11 -12 -13 -14 -15
leaf_value=0.0015672434984669904 0.00016567229837783463 0.001807459116878486 -0.00034560809593856028 -0.003547625233029649 -0.00013410691953226247 0.0017535152714421084 -0.00045949643180685372 -2.5564084062203056e-06 0.00014295237067869595 -0.0014978230582776396 1.5430695170163489e-05 -0.0016259548375107532 -0.00041559232034427905 0.00013642630876339068
leaf_weight=85 723 108 101 96 4964 208 265 594 10029 218 1739 297 2065 4095
leaf_count=85 723 108 101 96 4964 208 265 594 10029 218 1739 297 2065 4095
internal_value=2.49938e-12 -8.44084e-05 -0.000373164 -0.00190598 9.61761e-06 7.63477e-05 -0.000186348 0.000133076 0.000175677 -0.000403995 8.77466e-05 -0.00107593 -0.000264855 -1.1816e-05
internal_weight=25587 12152 2985 197 9167 13435 2386 11049 10237 812 1824 562 2788 9059
internal_count=25587 12152 2985 197 9167 13435 2386 11049 10237 812 1824 562 2788 9059
is_linear=0
shrinkage=0.116831


Tree=12
num_leaves=6
num_cat=0
split_feature=32 30 2 2 15
split_gain=0.010038 0.0162289 0.0118367 0.0313665 0.0136719
threshold=43.406662240620463 1.0000000180025095e-35 11.500000000000002 10.500000000000002 0.0096781832402930614
decision_type=2 2 2 2 2
left_child=1 -1 3 -3 -4
right_child=-2 2 4 -5 -6
leaf_value=-0.0016355916720596612 0.0011682395103442544 -7.9195106192007339e-05 1.1807258375387409e-05 0.0006323185759941083 -0.00022900571639149488
leaf_weight=83 100 2167 17928 1387 3922
leaf_count=83 100 2167 17928 1387 3922
internal_value=5.43009e-13 -4.58367e-06 7.45166e-07 0.000198483 -3.14178e-05
internal_weight=25587 25487 25404 3554 21850
internal_count=25587 25487 25404 3554 21850
is_linear=0
shrinkage=0.116831


Tree=13
num_leaves=12
num_cat=0
split_feature=19 31 24 19 18 22 0 24 14 14 0
split_gain=0.00979233 0.0101739 0.00974074 0.0188185 0.00973048 0.0186456 0.0143484 0.00886726 0.00968206 0.00380501 0.00413979
threshold=-0.049411494633029455 16.483920477469312 0.011273597281680462 0.0016391375481645822 0.0032607401215858371 0.042440270396620412 832004.14500000014 0.0051739938887437357 48.972789254157817 38.163194604443085 7978910.7000000011
decision_type=2 2 2 2 2 2 2 2 2 2 2
left_child=1 9 4 -4 5 -2 -6 -3 -9 10 -1
right_child=2 7 3 -5 6 -7 -8 8 -10 -11 -12
leaf_value=0.0010035463145183676 9.3936350103479996e-05 -0.0011035176909110643 0.0015829220083333172 -0.00034273917427555617 6.8512057978305625e-05 -0.00026292904178092325 -0.00022705536834773059 -0.00044052042228966408 0.0012023464278950555 0.0013230570413900028 0.00012962540084879011
leaf_weight=146 12775 86 147 131 3652 2369 5806 106 91 128 150
leaf_count=146 12775 86 147 131 3652 2369 5806 106 91 128 150
internal_value=3.04186e-12 0.000428754 -1.21836e-05 0.000675506 -1.99545e-05 3.81113e-05 -0.000112928 -0.000113725 0.000318367 0.000790832 0.000560681
internal_weight=25587 707 24880 278 24602 15144 9458 283 197 424 296
internal_count=25587 707 24880 278 24602 15144 9458 283 197 424 296
is_linear=0
shrinkage=0.116831


Tree=14
num_leaves=14
num_cat=0
split_feature=24 22 15 2 2 29 0 18 15 2 0 19 33
split_gain=0.00951373 0.0213825 0.0167099 0.0158889 0.0895475 0.0218676 0.0191095 0.0153477 0.0212622 0.0141624 0.0130916 0.0126558 0.008387
threshold=0.0071228940712561315 0.063236953049682118 0.0081084461190296265 11.500000000000002 10.500000000000002 0.00045937472438537338 291461363.00000006 0.0032607401215858371 0.012980561166383563 9.5000000000000018 832004.14500000014 -0.029527886087242047 -0.20305424182364393
decision_type=2 2 2 2 2 2 2 2 2 2 2 2 2
left_child=1 7 -3 4 9 -6 11 8 -1 -2 -9 -5 -4
right_child=3 2 12 6 5 -7 -8 10 -10 -11 -12 -13 -14
leaf_value=5.4950475780136149e-05 0.00022238008626770538 0.00071698239196850996 -0.00038514646673898318 0.00052162690083316129 0.0032012233132781148 0.0010694038352092798 0.0013154967126622623 3.7616886582674456e-05 0.0018871302773373218 -0.0010912478296376251 -0.00026738341621574194 -0.00017042219575335704 -0.001325581149829172
leaf_weight=13802 267 97 216 447 163 110 152 3339 87 193 4523 1868 323
leaf_count=13802 267 97 216 447 163 110 152 3339 87 193 4523 1868 323
internal_value=4.31827e-12 -2.69341e-05 -0.000694665 0.000188429 0.000666028 0.00234225 4.65238e-05 -7.40957e-06 6.64272e-05 -0.000328773 -0.000137849 -3.67954e-05 -0.000948709
internal_weight=25587 22387 636 3200 733 273 2467 21751 13889 460 7862 2315 539
internal_count=25587 22387 636 3200 733 273 2467 21751 13889 460 7862 2315 539
is_linear=0
shrinkage=0.116831


Tree=15
num_leaves=10
num_cat=0
split_feature=2 2 2 19 10 14 33 24 0
split_gain=0.00926538 0.0109639 0.0169461 0.0274693 0.0209118 0.0131787 0.0294492 0.0283604 0.00200461
threshold=49.500000000000007 23.500000000000004 26.500000000000004 0.036442110400182311 0.16607720714120122 46.920434945215526 0.59672898246183637 0.0046440037293870428 922338.50000000012
decision_type=2 2 2 2 2 2 2 2 2
left_child=1 5 3 -3 -4 6 -1 -7 -2
right_child=8 2 4 -5 -6 7 -8 -9 -10
leaf_value=4.5271420021290393e-05 0.00036662625971461992 -0.0002344069897411615 0.001608623035724135 -0.0016619035072125165 -2.695492075540363e-05 -5.0508550925293997e-05 -0.00068262447690959564 0.00041124114474083424 0.0011310265773528574
leaf_weight=5279 81 2788 108 197 8867 3753 886 3517 111
leaf_count=5279 81 2788 108 197 8867 3753 886 3517 111
internal_value=3.65319e-12 -6.11304e-06 -8.74749e-05 -0.000328617 -7.27331e-06 6.63163e-05 -5.93378e-05 0.000172872 0.000808545
internal_weight=25587 25395 11960 2985 8975 13435 6165 7270 192
internal_count=25587 25395 11960 2985 8975 13435 6165 7270 192
is_linear=0
shrinkage=0.116831


Tree=16
num_leaves=9
num_cat=0
split_feature=33 0 13 10 1 19 30 12
split_gain=0.00914939 0.00973283 0.0290507 0.0216438 0.0119594 0.0115463 0.0101912 0.00855274
threshold=-2.5854169675022391 203604014.00000003 0.26516500000000004 0.26877177299111593 -2.3444999999999997e-05 0.030876421054864437 28.78538592794893 0.25231019447293834
decision_type=2 2 2 2 2 2 2 2
left_child=-1 2 7 4 -3 -4 -5 -2
right_child=1 3 5 6 -6 -7 -8 -9
leaf_value=0.0011043009668192511 0.00051046483010100299 -0.00059743032169256173 3.5125327507270916e-05 -0.00093860574812414522 9.0847250134477766e-05 -0.00026408590260323261 0.0003675445731220409 0.001980548555985364
leaf_weight=102 94 418 20247 615 1962 1928 94 127
leaf_count=102 94 418 20247 615 1962 1928 94 127
internal_value=4.86732e-12 -4.4198e-06 2.23941e-05 -0.000198827 -3.00351e-05 9.11048e-06 -0.000765435 0.00135526
internal_weight=25587 25485 22396 3089 2380 22175 709 221
internal_count=25587 25485 22396 3089 2380 22175 709 221
is_linear=0
shrinkage=0.116831


Tree=17
num_leaves=12
num_cat=0
split_feature=33 32 1 30 2 10 24 1 22 10 19
split_gain=0.00802513 0.0122243 0.00913425 0.0249342 0.0144308 0.0115521 0.0214681 0.0112813 0.00929662 0.00203604 0.00148057
threshold=-2.1051629113099533 31.821211528655422 -1.0000000180025095e-35 31.75109901490163 17.500000000000004 0.16730250243151942 0.0058920071927017854 1.0000000180025095e-35 0.05254179253830097 56.126188770709469 -0.013130742200683053
decision_type=2 2 2 2 2 2 2 2 2 2 2
left_child=1 -1 3 4 -2 6 -4 -7 -5 -3 -11
right_child=2 9 5 8 -6 7 -8 -9 -10 10 -12
leaf_value=0.0017989100542276438 -0.00071351089031537274 0.00060239314350303747 -7.3195838942957333e-05 0.00021687095032758301 -0.00015911797985393076 7.8653905497419851e-05 0.00193651144148514 -9.9523819691459432e-05 0.0011903175075858349 0.00022366830202618938 -0.0004081476430532248
leaf_weight=81 855 111 179 523 2559 13037 122 7724 180 135 81
leaf_count=81 855 111 179 523 2559 13037 122 7724 180 135 81
internal_value=2.36419e-12 0.000514002 -8.32887e-06 -0.000167489 -0.00029796 2.27823e-05 0.00074137 1.2364e-05 0.000466118 0.000195721 -1.32627e-05
internal_weight=25587 408 25179 4117 3414 21062 301 20761 703 327 216
internal_count=25587 408 25179 4117 3414 21062 301 20761 703 327 216
is_linear=0
shrinkage=0.116831


Tree=18
num_leaves=7
num_cat=0
split_feature=0 2 18 6 20 0
split_gain=0.00704623 0.007094 0.00744564 0.0146946 0.0126222 0.00153928
threshold=44439.261000000006 49.500000000000007 0.0092886537078109583 0.0028062136962546439 0.0050341764159205224 937327.85000000009
decision_type=2 2 2 2 2 2
left_child=-1 2 4 -4 -2 -3
right_child=1 5 3 -5 -6 -7
leaf_value=0.00097390750885232268 1.4675486098762938e-05 0.00036231113046706687 -0.00021409421941404714 0.00033436080940164311 0.0010198372419696958 0.0010242367727788663
leaf_weight=101 19846 93 4493 783 172 99
leaf_count=101 19846 93 4493 783 172 99
internal_value=2.69378e-12 -3.85956e-06 -9.22982e-06 -0.000132699 2.33121e-05 0.000703617
internal_weight=25587 25486 25294 5276 20018 192
internal_count=25587 25486 25294 5276 20018 192
is_linear=0
shrinkage=0.116831


Tree=19
num_leaves=15
num_cat=0
split_feature=2 2 2 2 22 6 25 2 2 1 16 18 15 22
split_gain=0.006954 0.015205 0.020442 0.024662 0.0194317 0.0140002 0.0134083 0.0160509 0.0109482 0.0109226 0.0108392 0.0103611 0.00901363 0.00698627
threshold=24.500000000000004 32.500000000000007 29.500000000000004 28.500000000000004 0.018873510844104387 0.0012329976834246597 0.40070771702092084 18.500000000000004 22.500000000000004 -0.00013885499999999998 0.0030406004568924731 -0.021982195352592878 0.0075767026044803931 0.054489881089716509
decision_type=2 2 2 2 2 2 2 2 2 2 2 2 2 2
left_child=6 2 3 -2 12 -6 7 13 -9 -8 -4 -11 -3 -1
right_child=1 4 10 -5 5 -7 9 8 -10 11 -12 -13 -14 -15
leaf_value=-0.00032088664941957686 -0.00019080001682500371 0.00036624800622959801 -0.00086034652198291133 0.00039206048875686653 4.363414328308842e-05 -0.00067628828245447088 -0.001074714274987919 0.00081886132940346636 -0.00017981278506135968 -0.00023307577137870574 0.00015639964817399168 0.00015198644434963972 0.0015512994494010506 -0.0010288499036049848
leaf_weight=1203 5754 1511 766 1197 2041 450 106 281 321 1050 176 10412 93 226
leaf_count=1203 5754 1511 766 1197 2041 450 106 281 321 1050 176 10412 93 226
internal_value=4.19912e-12 -6.48704e-05 -0.000159643 -9.04283e-05 0.000117802 -8.64201e-05 5.71856e-05 -0.000219678 0.000286346 0.000105795 -0.000670381 0.000116712 0.000434957 -0.000432853
internal_weight=25587 11988 7893 6951 4095 2491 13599 2031 602 11568 942 11462 1604 1429
internal_count=25587 11988 7893 6951 4095 2491 13599 2031 602 11568 942 11462 1604 1429
is_linear=0
shrinkage=0.116831


Tree=20
num_leaves=10
num_cat=0
split_feature=19 0 30 10 0 13 10 4 29
split_gain=0.00715842 0.00820557 0.00680889 0.00613036 0.00812692 0.0207242 0.0155587 0.00490568 0.0029724
threshold=-0.049411494633029455 264366747.50000003 21.518221887384488 0.16435753811810902 203604014.00000003 0.26516500000000004 0.26293796543759912 0.00031505464432979308 -0.00034706294249389009
decision_type=2 2 2 2 2 2 2 2 2
left_child=1 2 -1 7 5 -5 -6 -2 -4
right_child=3 -3 8 4 6 -7 -8 -9 -10
leaf_value=-0.00015436661321812872 0.0013327569096769052 -0.00071010296247972038 0.0012168537770113654 0.0012077708456582712 -2.0215669182272246e-05 -2.0463067731338855e-06 -0.00062051240508568942 5.4704179305008046e-05 0.00055579109299037845
leaf_weight=156 83 85 128 195 1932 21741 848 81 338
leaf_count=156 83 85 128 195 1932 21741 848 81 338
internal_value=2.80162e-12 0.000366584 0.000513719 -1.0417e-05 -1.5141e-05 8.70836e-06 -0.000203328 0.000701524 0.000737371
internal_weight=25587 707 622 24880 24716 21936 2780 164 466
internal_count=25587 707 622 24880 24716 21936 2780 164 466
is_linear=0
shrinkage=0.116831


Tree=21
num_leaves=8
num_cat=0
split_feature=33 11 32 5 22 24 30
split_gain=0.00657463 0.0114119 0.00729185 0.00831063 0.00668538 0.00169507 0.00157057
threshold=-2.1051629113099533 6.8005643267870495 40.672721050350461 24.482742020682192 0.05822865110477516 0.0044034000879748514 25.42034106751527
decision_type=2 2 2 2 2 2 2
left_child=1 -1 3 -2 -5 -3 -7
right_child=2 5 -4 4 -6 6 -8
leaf_value=0.0016103762477727788 -0.0011322863325843701 0.0004847344224931736 0.00095942213657863136 8.466302486280271e-06 -0.00023508150282542089 -0.00045967220796457731 0.00020487434223994642
leaf_weight=92 90 117 106 23336 1647 84 115
leaf_count=92 90 117 106 23336 1647 84 115
internal_value=2.39967e-12 0.000465237 -7.53869e-06 -1.16267e-05 -7.58955e-06 0.000131842 -7.56378e-05
internal_weight=25587 408 25179 25073 24983 316 199
internal_count=25587 408 25179 25073 24983 316 199
is_linear=0
shrinkage=0.116831


Tree=22
num_leaves=11
num_cat=0
split_feature=19 24 6 2 2 22 6 22 20 24
split_gain=0.00597353 0.00831633 0.0162079 0.00659242 0.0141172 0.01056 0.00819256 0.00659228 0.0122271 0.00663482
threshold=0.051100333189460397 0.011273597281680462 0.0021810231243042286 27.500000000000004 21.500000000000004 0.029016727712340592 0.00023742680938777243 0.084783981820347978 0.010793135564897362 0.0081481203653895936
decision_type=2 2 2 2 2 2 2 2 2 2
left_child=1 7 -3 4 -2 -6 -5 8 -1 -9
right_child=3 2 -4 6 5 -7 -8 9 -10 -11
leaf_value=2.7427688059569224e-06 0.00022775110496087338 -8.8009172156257705e-05 0.0017871053754496523 0.00084281518279306163 -0.0022603664728795842 -0.00062845508181298703 -0.00062390429452650344 -0.0010822222919631293 0.0013823682089610888 0.00020023391861834252
leaf_weight=24406 151 157 105 112 85 149 97 150 88 87
leaf_count=24406 151 157 105 112 85 149 97 150 88 87
internal_value=3.24932e-12 8.7026e-06 0.000663468 -0.000366168 -0.000652937 -0.00122124 0.000162089 1.76602e-06 7.69937e-06 -0.000611447
internal_weight=25587 24993 262 594 385 234 209 24731 24494 237
internal_count=25587 24993 262 594 385 234 209 24731 24494 237
is_linear=0
shrinkage=0.116831


Tree=23
num_leaves=9
num_cat=0
split_feature=33 0 13 10 2 31 19 13
split_gain=0.00579638 0.00606254 0.0174053 0.0125354 0.00963717 0.00932946 0.00854056 0.00609018
threshold=-2.5854169675022391 203604014.00000003 0.26516500000000004 0.26877177299111593 32.500000000000007 23.91589577860768 0.024584961573301371 0.2607850000000001
decision_type=2 2 2 2 2 2 2 2
left_child=-1 2 7 4 -3 -5 -4 -2
right_child=1 3 6 5 -6 -7 -8 -9
leaf_value=0.00087896175861792471 0.00047110370394921782 -0.00014232666962042719 3.5670091152813192e-05 -0.00042758799371305227 0.00045704959679691907 -0.0017067318338497308 -0.00017834912250705486 0.0016998458176682889
leaf_weight=102 117 1928 19242 620 452 89 2933 104
leaf_count=102 117 1928 19242 620 452 89 2933 104
internal_value=2.67378e-12 -3.51792e-06 1.76446e-05 -0.000156951 -2.84955e-05 -0.000588158 7.36261e-06 0.00104934
internal_weight=25587 25485 22396 3089 2380 709 22175 221
internal_count=25587 25485 22396 3089 2380 709 22175 221
is_linear=0
shrinkage=0.116831


Tree=24
num_leaves=10
num_cat=0
split_feature=19 31 9 0 2 10 6 1 24
split_gain=0.00552161 0.00680485 0.00726709 0.00559191 0.00543338 0.0051517 0.00306246 0.00225826 0.00139428
threshold=-0.049411494633029455 16.5473071247559 8.9117192466951582 44439.261000000006 49.500000000000007 0.16435753811810902 0.00030601728112689971 1.5900000000000002e-06 0.0028507696298146006
decision_type=2 2 2 2 2 2 2 2 2
left_child=1 6 -3 -2 5 -5 7 -1 -6
right_child=3 2 -4 4 8 -7 -8 -9 -10
leaf_value=0.00028976452330025114 0.00085840234219291449 -0.00069179110317121536 0.00050009198305655264 0.00063509855503642379 0.00033745977305291077 -2.1901824142409423e-05 0.0012621271142305459 0.00097514697528346605 0.00097496091691804125
leaf_weight=258 101 147 133 164 111 24423 81 88 81
leaf_count=258 101 147 133 164 111 24423 81 88 81
internal_value=1.88168e-12 0.000321957 -0.000125647 -9.14885e-06 -1.2685e-05 -1.75195e-05 0.000615467 0.000464082 0.000606406
internal_weight=25587 707 280 24880 24779 24587 427 346 192
internal_count=25587 707 280 24880 24779 24587 427 346 192
is_linear=0
shrinkage=0.116831


Tree=25
num_leaves=12
num_cat=0
split_feature=24 22 2 30 18 0 2 2 33 20 15
split_gain=0.0053198 0.0143469 0.0122695 0.0117404 0.011561 0.0115336 0.0114778 0.0670225 0.00867344 0.00769605 0.00717419
threshold=0.0071228940712561315 0.063236953049682118 14.500000000000002 1.0000000180025095e-35 0.0032607401215858371 306106677.00000006 11.500000000000002 10.500000000000002 -0.14737532021661653 -0.009555115891275277 0.0083533675767050296
decision_type=2 2 2 2 2 2 2 2 2 2 2
left_child=1 3 8 -1 -5 6 7 -2 -3 -8 -4
right_child=5 2 10 4 -6 -7 9 -9 -10 -11 -12
leaf_value=-0.0013994674823682302 -0.00034927675406206223 -0.00024006445709285457 0.00092914152322970574 6.5527886432089756e-05 -0.00011195664444061492 0.0011701992661819294 0.00055264338693991946 0.0019917608310004655 -0.0014624557632887472 -0.0001095494748355063 -0.00036778061382735223
leaf_weight=82 460 122 81 13807 7862 142 271 262 226 2065 207
leaf_count=82 460 122 81 13807 7862 142 271 262 226 2065 207
internal_value=4.2054e-12 -2.01407e-05 -0.000567096 -4.14767e-06 1.13251e-06 0.000140903 9.31069e-05 0.000500241 -0.00103392 -3.27283e-05 -3.02118e-06
internal_weight=25587 22387 636 21751 21669 3200 3058 722 348 2336 288
internal_count=25587 22387 636 21751 21669 3200 3058 722 348 2336 288
is_linear=0
shrinkage=0.116831


Tree=26
num_leaves=12
num_cat=0
split_feature=29 17 4 2 33 2 15 21 27 15 18
split_gain=0.00504205 0.010791 0.0103875 0.00972416 0.0165435 0.015364 0.0113414 0.0108193 0.00686344 0.00682071 0.00548507
threshold=0.00031286016939189123 0.019556001269112059 0.0025226412095016308 8.5000000000000018 0.98148657859769439 10.500000000000002 0.010125577987310624 0.60616851244022629 0.00399268463127636 0.010023232941720925 0.0047764296763720413
decision_type=2 2 2 2 2 2 2 2 2 2 2
left_child=1 8 -3 4 -2 7 -7 -5 10 -10 -1
right_child=3 2 -4 5 -6 6 -8 -9 9 -11 -12
leaf_value=3.8656085430132726e-05 0.0018405031587984905 -0.00018211853503884834 0.0013816074291888771 -0.0012903219916195075 -0.0003151417161009309 2.8983467196109782e-05 -0.00040066064468532721 0.00026411379992722771 0.0001124110943656693 0.00072838075261747424 -9.9116841947063952e-05
leaf_weight=13682 92 93 154 249 103 3244 1131 81 875 341 5542
leaf_count=13682 92 93 154 249 103 3244 1131 81 875 341 5542
internal_value=3.41136e-12 2.52407e-05 0.000792836 -0.000106562 0.000701881 -0.000140068 -8.20857e-05 -0.000908779 1.5965e-05 0.000285146 -1.06185e-06
internal_weight=25587 20687 247 4900 195 4705 4375 330 20440 1216 19224
internal_count=25587 20687 247 4900 195 4705 4375 330 20440 1216 19224
is_linear=0
shrinkage=0.116831


Tree=27
num_leaves=14
num_cat=0
split_feature=2 2 19 10 2 2 24 22 15 20 22 15 1
split_gain=0.00525408 0.0122406 0.0195066 0.012837 0.0112372 0.0351982 0.0320516 0.020471 0.019917 0.0171094 0.0149201 0.0111155 0.00782367
threshold=24.500000000000004 26.500000000000004 0.038589207621576145 0.16607720714120122 17.500000000000004 16.500000000000004 0.0049044899433449722 0.05822865110477516 0.0099757279115214783 -0.00047143313687364458 0.05254179253830097 0.0052937369815910266 1.0000000180025095e-35
decision_type=2 2 2 2 2 2 2 2 2 2 2 2 2
left_child=4 2 11 -3 5 7 -7 -1 10 -10 -6 -2 -5
right_child=1 3 -4 12 8 6 -8 -9 9 -11 -12 -13 -14
leaf_value=7.4913564476146766e-05 0.00014322427930331703 0.0012753136661457472 -0.0016900307537628416 7.8780576330156397e-05 0.00027366237897274802 -0.0030027232403238881 -0.00028409359200704361 -0.00049782709154287523 -0.00064359856734531689 0.00025236280305031164 0.0011967905656222397 -0.0003654825585545142 -0.00014504879120195782
leaf_weight=7883 862 108 126 5628 3092 101 143 955 609 557 259 1833 3431
leaf_count=7883 862 108 126 5628 3092 101 143 955 609 557 259 1833 3431
internal_value=2.24465e-12 -5.63868e-05 -0.0002692 9.10315e-06 4.9707e-05 -2.51907e-05 -0.00140943 1.30254e-05 0.000200298 -0.000215596 0.000345011 -0.000202772 -5.99242e-06
internal_weight=25587 11988 2821 9167 13599 9082 244 8838 4517 1166 3351 2695 9059
internal_count=25587 11988 2821 9167 13599 9082 244 8838 4517 1166 3351 2695 9059
is_linear=0
shrinkage=0.116831


Tree=28
num_leaves=15
num_cat=0
split_feature=1 30 2 2 2 10 24 18 1 6 22 2 30 10
split_gain=0.00528311 0.0184895 0.0129901 0.0171248 0.0082553 0.00703004 0.0148892 0.0072726 0.0122774 0.0100086 0.00575902 0.00611144 0.00554303 0.00418952
threshold=-1.0000000180025095e-35 31.75109901490163 29.500000000000004 17.500000000000004 32.500000000000007 0.16730250243151942 0.0058920071927017854 0.0087724872354464373 4.006500000000001e-05 0.0020716324362205995 0.05254179253830097 22.500000000000004 21.190871020580186 1.1137964959395068
decision_type=2 2 2 2 2 2 2 2 2 2 2 2 2 2
left_child=1 2 3 -1 -4 6 12 8 -7 -9 13 -12 -2 -3
right_child=5 10 4 -5 -6 7 -8 9 -10 -11 11 -13 -14 -15
leaf_value=-0.00058045312822457308 -0.00069857354108874301 0.00083743150397833142 -0.0013949355719617561 3.4174731393647708e-05 -0.00040281060147616133 0.00011034443077553292 0.0015796188140489828 -0.00019831618359516506 -0.00013170198599185863 0.00019224733521759711 0.0016741646588460148 0.00037814120738320113 0.00060514622320576722 4.2762992200818612e-05
leaf_weight=867 96 115 190 2161 288 12302 122 3840 3727 1168 88 114 83 426
leaf_count=867 96 115 190 2161 288 12302 122 3840 3727 1168 88 114 83 426
internal_value=1.97278e-12 -0.000118967 -0.00023116 -0.00014181 -0.00079717 2.36898e-05 0.000584311 1.56683e-05 5.40648e-05 -0.000107226 0.000410439 0.000942746 -9.40554e-05 0.000211685
internal_weight=25587 4249 3506 3028 478 21338 301 21037 16029 5008 743 202 179 541
internal_count=25587 4249 3506 3028 478 21338 301 21037 16029 5008 743 202 179 541
is_linear=0
shrinkage=0.116831


Tree=29
num_leaves=14
num_cat=0
split_feature=30 1 1 2 24 31 24 7 7 9 19 15 0
split_gain=0.00502765 0.0110141 0.0144736 0.0133981 0.0096486 0.00683437 0.0064209 0.0104883 0.00655507 0.0212812 0.0104007 0.00467425 0.00371374
threshold=22.974842115091842 -5.784999999999999e-05 1.0000000180025095e-35 41.000000000000007 0.0050931609333531502 17.569422565338979 0.011273597281680462 8.9856774789312279 0.24454447137496896 0.24361673305602363 -0.05516481163100511 0.0081405074821189732 5230776.8500000006
decision_type=2 2 2 2 2 2 2 2 2 2 2 2 2
left_child=1 5 4 -4 -3 11 8 -8 9 -2 -10 -1 -7
right_child=6 2 3 -5 -6 12 7 -9 10 -11 -12 -13 -14
leaf_value=-0.00060329445136759281 0.00012534763992327392 -2.03048778151978e-05 -0.00016827123275872779 -0.0014416964813561259 0.00025535696926365733 0.00026929223212565937 0.001735111691710508 3.1115302147009136e-05 0.00085271249190373968 0.002148636552416457 9.19764814379267e-06 -0.001628760701135432 -0.00049022702812768961
leaf_weight=162 457 5686 4057 116 2493 140 81 126 203 84 11649 97 236
leaf_count=162 457 5686 4057 116 2493 140 81 126 203 84 11649 97 236
internal_value=1.99793e-12 -5.10109e-05 -2.66161e-05 -0.00020367 6.37182e-05 -0.000525537 5.25776e-05 0.000697897 4.17989e-05 0.0004395 2.36453e-05 -0.00098735 -0.000207427
internal_weight=25587 12987 12352 4173 8179 635 12600 207 12393 541 11852 259 376
internal_count=25587 12987 12352 4173 8179 635 12600 207 12393 541 11852 259 376
is_linear=0
shrinkage=0.116831


Tree=30
num_leaves=14
num_cat=0
split_feature=0 7 19 12 11 10 20 33 18 2 2 22 11
split_gain=0.00498227 0.0236341 0.0257781 0.0168809 0.0188735 0.0160472 0.0105377 0.00813243 0.00953334 0.00859948 0.00788847 0.00495113 0.00389221
threshold=6346461.6500000013 6.5444947252381516 -0.024123676730281925 6.7943883977549957 8.9453417914867632 89.413914504544323 0.0016843833768310781 -1.7115929083768815 -0.024445010867903679 32.500000000000007 25.500000000000004 0.024833608500306265 93.847289838092806
decision_type=2 2 2 2 2 2 2 2 2 2 2 2 2
left_child=1 2 -1 10 -5 7 -4 8 -2 -9 -3 -7 -13
right_child=5 3 6 4 -6 11 -8 9 -10 -11 -12 12 -14
leaf_value=0.0024970145568424754 -9.7630795619917996e-05 -0.00031281337143279641 0.00074848948186153588 0.0016243502395349018 2.9839768019358482e-05 -0.0016706172610537816 -0.00077484730476519957 -0.00011825558645278436 0.0011271223617169144 0.00019486483839122943 -0.0012038054908701161 -0.0010472626129144188 -2.7627685735565911e-05
leaf_weight=103 174 524 264 102 15307 85 81 6935 173 1447 183 120 89
leaf_count=103 174 524 264 102 15307 85 81 6935 173 1447 183 120 89
internal_value=2.42994e-12 3.80501e-05 0.00087507 1.47822e-05 4.03946e-05 -6.98506e-05 0.000390836 -4.12566e-05 0.000512981 -6.4201e-05 -0.000543438 -0.000918819 -0.000613064
internal_weight=25587 16564 448 16116 15409 9023 345 8729 347 8382 707 294 209
internal_count=25587 16564 448 16116 15409 9023 345 8729 347 8382 707 294 209
is_linear=0
shrinkage=0.116831


Tree=31
num_leaves=15
num_cat=0
split_feature=29 33 25 24 17 4 6 23 31 2 22 19 33 18
split_gain=0.00465947 0.00927221 0.0221307 0.00771993 0.00666651 0.00926901 0.00647608 0.00509746 0.00507205 0.00473333 0.0250344 0.00545335 0.0045457 0.0042419
threshold=0.00039628581313989371 0.65274299676088898 0.59904875901837096 0.0056153214380959228 0.019556001269112059 0.0025226412095016308 -0.0002997716516009924 0.0043378601676508097 36.619743568325354 12.500000000000002 0.032538441895062352 -0.031856812465148814 1.4233191421591924 0.0046524968252200658
decision_type=2 2 2 2 2 2 2 2 2 2 2 2 2 2
left_child=4 9 3 -3 7 -6 -4 13 -7 10 -2 -11 -9 -1
right_child=1 2 6 -5 5 8 -8 12 -10 11 -12 -13 -14 -15
leaf_value=3.3330548122752103e-05 0.0017075668473868443 -0.0023315982276003538 -0.00088698878937564451 -0.00080098044792476755 -0.00025896792953557165 0.001724040748902027 -9.345776425190976e-05 0.00032651537683913286 0.00045780813291041806 0.00057861221808237621 -0.00025440546745382985 -0.00011493262688161998 -0.00031915281259247162 -8.3837692117748913e-05
leaf_weight=14356 134 88 157 92 109 90 1326 1105 83 173 263 1467 172 5972
leaf_count=14356 134 88 157 92 109 90 1326 1105 83 173 263 1467 172 5972
internal_value=2.67125e-12 -0.000121258 -0.000325949 -0.00154928 2.04987e-05 0.000584873 -0.000177466 1.31321e-05 0.00111654 4.58513e-05 0.000407822 -4.17721e-05 0.00023955 -1.09137e-06
internal_weight=25587 3700 1663 180 21887 282 1483 21605 173 2037 397 1640 1277 20328
internal_count=25587 3700 1663 180 21887 282 1483 21605 173 2037 397 1640 1277 20328
is_linear=0
shrinkage=0.116831


Tree=32
num_leaves=15
num_cat=0
split_feature=0 10 10 6 0 15 22 6 19 1 19 7 15 5
split_gain=0.00435158 0.0124627 0.0105535 0.0104569 0.0122114 0.0103535 0.0093915 0.00876506 0.00835139 0.00748214 0.0064775 0.00806804 0.00699075 0.00329958
threshold=203604014.00000003 1.1011444728032032 0.24930655357136999 -0.001450807061807912 243893806.00000003 0.0083161904948021396 0.026504342794857947 -0.0011461078400801467 0.019972830023974767 1.0900000000000002e-06 0.024584961573301371 9.427391254574891 0.0085468150213085011 64.952831914255697
decision_type=2 2 2 2 2 2 2 2 2 2 2 2 2 2
left_child=1 7 3 9 -5 8 -7 -1 -4 -2 12 -12 -3 -9
right_child=2 10 5 4 -6 6 -8 13 -10 -11 11 -13 -14 -15
leaf_value=-0.00036220489802467809 0.00022610389363900634 -1.5403063127592541e-05 -0.00018941116259471445 0.00067462779182567135 -0.00024996472267454497 -0.0017399713227032965 -0.00050452861782335689 0.00060180111298234517 0.0010434312849797679 0.0013683743945672976 -0.0006471442589242579 -8.1897440344971741e-05 0.00014469647699120018 0.0014113954510126163
leaf_weight=125 204 13844 700 241 1021 97 626 453 84 127 400 2492 5092 81
leaf_count=125 204 13844 700 241 1021 97 626 453 84 127 400 2492 5092 81
internal_value=2.248e-12 1.78891e-05 -0.000129765 7.98996e-05 -7.33983e-05 -0.000351395 -0.00067028 0.000518457 -5.73209e-05 0.000664377 2.77663e-06 -0.000160078 2.76486e-05 0.000724605
internal_weight=25587 22487 3100 1593 1262 1507 723 659 784 331 21828 2892 18936 534
internal_count=25587 22487 3100 1593 1262 1507 723 659 784 331 21828 2892 18936 534
is_linear=0
shrinkage=0.116831


Tree=33
num_leaves=15
num_cat=0
split_feature=1 30 2 1 2 10 2 13 19 10 24 0 0 6
split_gain=0.0042097 0.0139116 0.0109101 0.0104568 0.00873967 0.015405 0.00998557 0.00708639 0.00656477 0.00604067 0.0109351 0.00584403 0.00546225 0.0027264
threshold=-1.0000000180025095e-35 28.556668260621212 29.500000000000004 -0.00013885499999999998 17.500000000000004 71.14007161708119 22.500000000000004 1.3491950000000001 0.060628149484545098 0.16730250243151942 0.0058920071927017854 6926119.0000000009 6346461.6500000013 0.00047777873491381637
decision_type=2 2 2 2 2 2 2 2 2 2 2 2 2 2
left_child=1 2 3 -1 5 -3 -6 -4 9 10 -2 -10 -11 -13
right_child=8 4 7 -5 6 -7 -8 -9 11 12 -12 13 -14 -15
leaf_value=-0.0013402112371636891 -3.6722426195884742e-05 -0.0013910441456774214 -0.0017735902622510215 -0.00010968764536558666 0.00099219765444175253 0.00041253522768331719 0.00015523199241056299 -0.00056094762961315112 -0.0012224052228207198 6.1666733124399122e-05 0.001400881015795819 0.0003694902623611559 -6.7226974432241151e-05 -0.00058908533822969831
leaf_weight=98 177 116 83 2471 262 146 756 317 107 14211 122 81 6559 81
leaf_count=98 177 116 83 2471 262 146 756 317 107 14211 122 81 6559 81
internal_value=1.98633e-12 -0.000106196 -0.000245001 -0.000156629 0.000215766 -0.000385996 0.00037064 -0.000812571 2.11467e-05 2.84689e-05 0.000549858 -0.000552359 2.09631e-05 -0.000109798
internal_weight=25587 4249 2969 2569 1280 262 1018 400 21338 21069 299 269 20770 162
internal_count=25587 4249 2969 2569 1280 262 1018 400 21338 21069 299 269 20770 162
is_linear=0
shrinkage=0.116831


Tree=34
num_leaves=10
num_cat=0
split_feature=2 2 2 32 24 2 33 2 12
split_gain=0.00410003 0.0042357 0.0306803 0.0181102 0.0157148 0.0139965 0.0244834 0.0190402 0.00111725
threshold=49.500000000000007 41.000000000000007 44.500000000000007 26.002569915497791 0.0025540062714783291 32.500000000000007 0.11005467288595959 29.500000000000004 54.867833688384742
decision_type=2 2 2 2 2 2 2 2 2
left_child=1 5 3 -3 -4 7 -7 -1 -2
right_child=8 2 4 -5 -6 6 -8 -9 -10
leaf_value=5.2135683338893928e-06 0.0008410408567173295 -0.0018630798062646157 0.00074568860587382138 -0.00024862644084420831 -0.00014589220318780464 0.00067467884396670941 -0.00013915265955031784 -0.00053194415788418144 0.00027588128152040558
leaf_weight=20550 89 203 354 178 1135 1103 930 942 103
leaf_count=20550 89 203 354 178 1135 1103 930 942 103
internal_value=9.45502e-13 -4.06649e-06 -0.000173302 -0.00110882 6.60753e-05 9.38602e-06 0.00030239 -1.83302e-05 0.000537856
internal_weight=25587 25395 1870 381 1489 23525 2033 21492 192
internal_count=25587 25395 1870 381 1489 23525 2033 21492 192
is_linear=0
shrinkage=0.116831


Tree=35
num_leaves=9
num_cat=0
split_feature=0 30 1 1 2 1 10 6
split_gain=0.00392429 0.00420907 0.00751953 0.0125109 0.00802473 0.00568107 0.00976802 0.00806803
threshold=44439.261000000006 22.974842115091842 1.0000000180025095e-35 -1.1804999999999998e-05 41.000000000000007 1.0905000000000001e-05 0.16730250243151942 0.0025581889949256175
decision_type=2 2 2 2 2 2 2 2
left_child=-1 2 3 -2 -4 7 -7 -3
right_child=1 5 4 -5 -6 6 -8 -9
leaf_value=0.00072680868740479922 -0.00028507096079888631 -3.8692419900948371e-05 -0.00015134372928123592 7.7562042698989947e-05 -0.0011368670609157043 0.0012232924529457379 0.00013366062447612559 0.00035951958960032509
leaf_weight=101 1586 8169 4057 7166 116 116 3517 759
leaf_count=101 1586 8169 4057 7166 116 116 3517 759
internal_value=4.06302e-13 -2.88031e-06 -4.9686e-05 1.18472e-05 -0.000178739 4.52817e-05 0.000168452 -4.83905e-06
internal_weight=25587 25486 12925 8752 4173 12561 3633 8928
internal_count=25587 25486 12925 8752 4173 12561 3633 8928
is_linear=0
shrinkage=0.116831


Tree=36
num_leaves=5
num_cat=0
split_feature=33 32 30 22
split_gain=0.00392088 0.0043197 0.00609589 0.0045606
threshold=-2.5854169675022391 43.406662240620463 1.0000000180025095e-35 0.05822865110477516
decision_type=2 2 2 2
left_child=-1 2 -2 -4
right_child=1 -3 3 -5
leaf_value=0.00072290833890413856 -0.0010052789697440031 0.00082858444370838822 1.1034663084118779e-05 -0.00018543716696332743
leaf_weight=102 83 85 23586 1731
leaf_count=102 83 85 23586 1731
internal_value=6.32354e-13 -2.89334e-06 -5.67584e-06 -2.39871e-06
internal_weight=25587 25485 25400 25317
internal_count=25587 25485 25400 25317
is_linear=0
shrinkage=0.116831


Tree=37
num_leaves=15
num_cat=0
split_feature=24 2 2 22 24 10 7 20 2 16 31 0 15 29
split_gain=0.00378658 0.0140488 0.0294645 0.0279271 0.0214408 0.0107867 0.0130464 0.0215506 0.0145321 0.00851513 0.00903256 0.00863525 0.00612956 0.00238401
threshold=0.0049044899433449722 11.500000000000002 10.500000000000002 0.035323585570463813 0.007644848148313641 0.17028599321535867 0.24454447137496896 -0.0032980553633775718 13.500000000000002 -0.0033508990758633335 14.913902830819522 331139375.00000006 0.0097166020123329241 -1.204504219629417e-05
decision_type=2 2 2 2 2 2 2 2 2 2 2 2 2 2
left_child=5 2 3 -2 -4 12 7 -7 -8 11 -11 -3 13 -1
right_child=1 9 4 -5 -6 6 8 -9 -10 10 -12 -13 -14 -15
leaf_value=-2.1116636037826058e-05 0.00081535018570076656 -0.00021752049644273004 0.00049608356365168178 -0.00042139012118719841 0.0019046115196415924 0.002387080218469759 -0.00024814024093674017 2.2215526351900111e-05 2.4996625236334327e-05 0.00065320465590945251 3.7169217940460088e-05 0.00099340681858655776 -0.0015583190126681342 -0.00077339630299628288
leaf_weight=115 374 2548 432 747 224 81 3374 150 12543 351 4365 83 85 115
leaf_count=115 374 2548 432 747 224 81 3374 150 12543 351 4365 83 85 115
internal_value=1.05895e-12 6.03719e-05 0.000355151 -8.77559e-06 0.000977044 -3.34588e-05 -2.02506e-05 0.000851454 -3.29015e-05 -1.09257e-05 8.30192e-05 -0.000179319 -0.000710559 -0.000397257
internal_weight=25587 9124 1777 1121 656 16463 16148 231 15917 7347 4716 2631 315 230
internal_count=25587 9124 1777 1121 656 16463 16148 231 15917 7347 4716 2631 315 230
is_linear=0
shrinkage=0.116831


Tree=38
num_leaves=14
num_cat=0
split_feature=29 33 25 22 2 22 32 17 4 19 6 10 2
split_gain=0.00428525 0.00745437 0.0157076 0.00934713 0.00694617 0.0155839 0.00689465 0.00564336 0.00608272 0.00494097 0.00484439 0.00445995 0.00420116
threshold=0.00031286016939189123 0.64067477307127241 0.61557254681057993 0.037571121700110177 12.500000000000002 0.036866953335836387 34.483174660210913 0.019556001269112059 0.0025226412095016308 -0.052849605436402818 -0.00043585135157364499 0.26421651575091826 32.500000000000007
decision_type=2 2 2 2 2 2 2 2 2 2 2 2 2
left_child=7 4 3 -3 5 -2 -6 9 -9 11 -4 -1 -11
right_child=1 2 10 -5 6 -7 -8 8 -10 12 -12 -13 -14
leaf_value=-0.00033498821726826039 0.0010853562396660466 -0.00041222788110359751 -0.00073345120081097991 -0.0018052350235976393 -0.00010625921580151908 -0.00016679336909780908 0.00092591755363280741 -0.00016769846732480028 0.001028916586182404 -1.5861995847553067e-05 -8.1119698105394585e-05 0.00060935255414196394 0.00012693846955750803
leaf_weight=86 247 131 172 132 2216 301 92 93 154 16639 1609 331 3384
leaf_count=86 247 131 172 132 2216 301 92 93 154 16639 1609 331 3384
internal_value=1.26975e-12 -9.824e-05 -0.000268575 -0.00111138 2.36668e-05 0.000397588 -6.51152e-05 2.32695e-05 0.000578369 1.65616e-05 -0.000144119 0.000414596 8.27209e-06
internal_weight=25587 4900 2044 263 2856 548 2308 20687 247 20440 1781 417 20023
internal_count=25587 4900 2044 263 2856 548 2308 20687 247 20440 1781 417 20023
is_linear=0
shrinkage=0.116831


Tree=39
num_leaves=11
num_cat=0
split_feature=19 0 11 30 2 2 2 24 31 19
split_gain=0.00343647 0.00713009 0.012082 0.00370752 0.00359927 0.00969639 0.0066232 0.00318736 0.00215912 0.00149385
threshold=0.053721411976190188 7462670.1500000013 78.474132842607915 38.395511682559672 24.500000000000004 17.500000000000004 28.500000000000004 0.0059704681566315953 28.809078294336718 -0.027278495003243582
decision_type=2 2 2 2 2 2 2 2 2 2
left_child=3 7 -3 4 5 -1 -6 -2 9 -5
right_child=1 2 -4 8 6 -7 -8 -9 -10 -11
leaf_value=-2.7124641290701162e-05 -0.0013261631663256299 -0.00062299049802426302 0.00097722826863372151 0.00055294646932297774 -0.00013959015653183378 0.00018724001247346904 3.7488512254182341e-05 -0.00043827412316259785 0.00090381312022970938 1.5041482314338047e-05
leaf_weight=8901 88 139 120 115 5521 4258 6034 148 81 182
leaf_count=8901 88 139 120 115 5521 4258 6034 148 81 182
internal_value=5.91838e-13 -0.000304839 0.000118424 6.01368e-06 4.59657e-07 4.22396e-05 -4.712e-05 -0.000769352 0.000369141 0.000223321
internal_weight=25587 495 259 25092 24714 13159 11555 236 378 297
internal_count=25587 495 259 25092 24714 13159 11555 236 378 297
is_linear=0
shrinkage=0.116831


Tree=40
num_leaves=13
num_cat=0
split_feature=19 2 18 21 19 2 0 0 31 20 32 1
split_gain=0.00334063 0.0104948 0.00951436 0.0106733 0.00977261 0.00806951 0.00930879 0.00850983 0.00777725 0.0135961 0.00759868 0.00455178
threshold=-0.030329410604841452 8.5000000000000018 -0.015016369015918239 0.2304001908603214 -0.0067935819252799559 23.500000000000004 204767904.20000002 271091715.00000006 19.793782558760309 0.0033910915273135393 21.912033143176888 -6.3214999999999983e-05
decision_type=2 2 2 2 2 2 2 2 2 2 2 2
left_child=1 -1 3 11 -5 6 -4 -7 10 -10 -3 -2
right_child=2 8 5 4 -6 7 -8 -9 9 -11 -12 -13
leaf_value=0.0010935438521559918 -0.00085452470136174337 0.00067193750027856158 0.00011454354220187172 -0.00037809338242211012 -0.0014032323614849977 -8.8932572634816919e-05 -0.0003652356940540692 0.00033090346875781106 -0.00063731214976580025 0.00072581672823671215 7.3312441388167951e-05 -1.926563935454685e-05
leaf_weight=143 95 342 9254 529 167 9897 587 706 431 130 1883 1423
leaf_count=143 95 342 9254 529 167 9897 587 706 431 130 1883 1423
internal_value=1.50896e-12 0.000117413 -1.51779e-05 -0.000245233 -0.000624068 9.7361e-06 8.59255e-05 -6.09778e-05 6.73096e-05 -0.000321436 0.000165326 -7.15381e-05
internal_weight=25587 2929 22658 2214 696 20444 9841 10603 2786 561 2225 1518
internal_count=25587 2929 22658 2214 696 20444 9841 10603 2786 561 2225 1518
is_linear=0
shrinkage=0.116831


Tree=41
num_leaves=16
num_cat=0
split_feature=18 5 2 25 24 26 32 30 2 22 21 15 31 0 30
split_gain=0.00333409 0.0110131 0.0145397 0.00955389 0.00850861 0.00686787 0.00750436 0.00540477 0.00509019 0.00508669 0.00977838 0.00752133 0.0048805 0.00432163 0.00364991
threshold=0.014052584409394388 58.666374636521986 18.500000000000004 1.0540351618833153 0.0062431245330940412 0.01386611223826908 20.803306988077463 22.974842115091842 11.500000000000002 0.05734424887221231 0.27136259816561376 0.013335037637260337 28.31486955535722 6384736.4500000011 32.160818722731356
decision_type=2 2 2 2 2 2 2 2 2 2 2 2 2 2 2
left_child=5 2 4 7 -2 9 12 -3 -8 11 -11 -1 -7 -4 -5
right_child=1 3 13 14 -6 6 8 -9 -10 10 -12 -13 -14 -15 -16
leaf_value=4.6778925986780628e-06 -0.0021574623381925401 -0.00024387710455630023 -0.00059764977495359133 -0.00014365750437277111 -0.00066881711384904135 0.00081131259668112748 0.00058548417386236075 0.00031639239056589167 -3.3149808855761582e-05 9.0285203556380363e-05 -0.00062640938518078535 0.00082970098061391478 -0.00016546707440780363 0.00033457484492819417 -0.00061915973615998842
leaf_weight=19553 97 300 119 1048 114 391 225 1085 940 541 500 152 85 158 279
leaf_count=19553 97 300 119 1048 114 391 225 1085 940 541 500 152 85 158 279
internal_value=7.32631e-13 -0.000111548 -0.000622493 -1.96077e-05 -0.00135317 1.59446e-05 0.000246028 0.000195034 8.63289e-05 -2.25484e-06 -0.000253949 1.10419e-05 0.000636888 -6.59116e-05 -0.000243631
internal_weight=25587 3200 488 2712 211 22387 1641 1385 1165 20746 1041 19705 476 277 1327
internal_count=25587 3200 488 2712 211 22387 1641 1385 1165 20746 1041 19705 476 277 1327
is_linear=0
shrinkage=0.116831


Tree=42
num_leaves=16
num_cat=0
split_feature=15 24 2 30 2 19 2 2 6 2 24 30 9 7 20
split_gain=0.00315184 0.00631104 0.0155225 0.0230493 0.0145933 0.0114716 0.0111112 0.00817662 0.00501872 0.00533616 0.00396588 0.00344761 0.00344499 0.00394717 0.000993275
threshold=0.0050917994977746897 0.0039726560583560628 12.500000000000002 14.060209223943357 13.500000000000002 -0.0047799272728815114 24.500000000000004 17.500000000000004 -0.00075714808006209467 44.500000000000007 0.0022915660774640166 13.458275870199556 64122.32702632479 1658.585658542994 -0.0017105135010678783
decision_type=2 2 2 2 2 2 2 2 2 2 2 2 2 2 2
left_child=8 4 3 -3 5 -2 -6 -4 12 11 -11 -10 13 -1 -14
right_child=1 2 7 -5 6 -7 -8 -9 9 10 -12 -13 14 -15 -16
leaf_value=0.00038323825792406599 -0.00023059601156071236 0.0013560930431425152 -0.00024694438818085701 0.00016254781668202135 0.00019067613245949376 -0.00092847447582929902 -0.00012835621502857764 1.3426362236346934e-05 -0.00028572646558057727 0.00076465999213517002 -0.00013407248026144815 4.4078824659342516e-05 -0.00036557577766114255 0.0012294488474496245 0.00019688815279054325
leaf_weight=413 1427 237 2118 3241 2307 415 4208 7392 514 222 96 2733 81 92 91
leaf_count=413 1427 237 2118 3241 2307 415 4208 7392 514 222 96 2733 81 92 91
internal_value=-1.01152e-13 -1.82797e-05 3.26787e-05 0.000243879 -9.74764e-05 -0.000387827 -1.5385e-05 -4.45616e-05 9.19801e-05 3.66024e-05 0.000493345 -8.12935e-06 0.000383592 0.000537399 -6.79931e-05
internal_weight=25587 21345 12988 3478 8357 1842 6515 9510 4242 3565 318 3247 677 505 172
internal_count=25587 21345 12988 3478 8357 1842 6515 9510 4242 3565 318 3247 677 505 172
is_linear=0
shrinkage=0.116831


Tree=43
num_leaves=11
num_cat=0
split_feature=19 2 2 0 7 19 12 10 31 22
split_gain=0.00312343 0.00609499 0.00506454 0.00310403 0.0183905 0.018351 0.0123344 0.0110903 0.00711422 0.00396197
threshold=0.060628149484545098 21.500000000000004 26.500000000000004 6346461.6500000013 6.5444947252381516 -0.024123676730281925 6.7943883977549957 89.413914504544323 20.252859461214758 0.024833608500306265
decision_type=2 2 2 2 2 2 2 2 2 2
left_child=3 -2 -3 4 5 -1 -6 8 -5 -9
right_child=1 2 -4 7 6 -7 -8 9 -10 -11
leaf_value=0.0021411497883408711 0.00043897036947971229 -0.0013562205112634563 -0.00020013708604507284 7.0711560028163147e-05 -0.0004640803973815005 0.00036409830191241004 3.571633513046622e-05 -0.0014562576978397119 -0.00014316215302011769 -0.00049022625559403776
leaf_weight=103 88 94 115 4599 705 345 15320 83 3943 192
leaf_count=103 88 94 115 4599 705 345 15320 83 3943 192
internal_value=1.40858e-12 -0.00037667 -0.000720098 4.42353e-06 3.43684e-05 0.000772662 1.37284e-05 -5.15231e-05 -2.80129e-05 -0.000781792
internal_weight=25587 297 209 25290 16473 448 16025 8817 8542 275
internal_count=25587 297 209 25290 16473 448 16025 8817 8542 275
is_linear=0
shrinkage=0.116831


Tree=44
num_leaves=16
num_cat=0
split_feature=29 15 24 25 1 27 15 14 10 1 6 30 6 18 12
split_gain=0.00304084 0.00607347 0.0113748 0.00692479 0.00645422 0.00512187 0.00694126 0.00852904 0.00466928 0.00579083 0.00425624 0.00409797 0.00547371 0.00500288 0.00163248
threshold=0.00031286016939189123 0.010125577987310624 0.0059270779917334881 0.63230648799848421 -3.3704999999999997e-05 0.0039056514777234532 0.010023232941720925 40.638350913371035 2312.1715739652223 2.6825000000000005e-05 0.0015614202832832495 23.762598953256742 0.0026252239288264514 0.0097697434946086865 70213.324191427542
decision_type=2 2 2 2 2 2 2 2 2 2 2 2 2 2 2
left_child=5 8 3 -3 -4 11 10 -8 9 -2 -7 13 -13 -1 -10
right_child=1 2 4 -5 -6 6 7 -9 14 -11 -12 12 -14 -15 -16
leaf_value=-1.9731571351686308e-05 0.00012564426964673108 -0.0015848036234604426 -0.00084489322112356498 -0.00047797214667942762 1.8109181163044766e-05 0.00020254798963913474 -0.00033506804450254965 0.00096474154450010242 -0.00046564771943786391 -0.00029532182246785573 -0.00039406801983945513 4.098859273150914e-05 0.00042944089452484347 -0.0003110683484837699 -2.4885110233618121e-06
leaf_weight=9991 2519 123 137 207 866 745 90 294 360 542 209 7955 528 875 146
leaf_count=9991 2519 123 137 207 866 745 90 294 360 542 209 7955 528 875 146
internal_value=0 -8.27555e-05 -0.000295528 -0.000890519 -9.97685e-05 1.96018e-05 0.00024067 0.000660099 -3.24167e-06 5.11054e-05 7.18428e-05 4.31475e-06 6.51667e-05 -4.31919e-05 -0.000332009
internal_weight=25587 4900 1333 330 1003 20687 1338 384 3567 3061 954 19349 8483 10866 506
internal_count=25587 4900 1333 330 1003 20687 1338 384 3567 3061 954 19349 8483 10866 506
is_linear=0
shrinkage=0.116831


Tree=45
num_leaves=10
num_cat=0
split_feature=2 2 2 32 24 2 33 2 0
split_gain=0.00297635 0.00356992 0.0208855 0.013703 0.0104004 0.00963378 0.0189672 0.0142628 0.00100596
threshold=49.500000000000007 41.000000000000007 44.500000000000007 26.002569915497791 0.002574134018597918 32.500000000000007 0.11005467288595959 29.500000000000004 5394173.2999999961
decision_type=2 2 2 2 2 2 2 2 2
left_child=1 5 3 -3 -4 7 -7 -1 -2
right_child=8 2 4 -5 -6 6 -8 -9 -10
leaf_value=6.26802199909502e-06 0.00019083913534510705 -0.0015867984409965337 0.00058348153304816361 -0.00018246152974950083 -0.00013632383848342445 0.00057964971342706743 -0.00013665925762345067 -0.00045864110630884002 0.00072568632356357005
leaf_weight=20550 96 203 362 178 1127 1103 930 942 96
leaf_count=20550 96 203 362 178 1127 1103 930 942 96
internal_value=-1.48149e-13 -3.46472e-06 -0.000158832 -0.000930704 3.86725e-05 8.88538e-06 0.000251973 -1.41091e-05 0.000458263
internal_weight=25587 25395 1870 381 1489 23525 2033 21492 192
internal_count=25587 25395 1870 381 1489 23525 2033 21492 192
is_linear=0
shrinkage=0.116831


Tree=46
num_leaves=9
num_cat=0
split_feature=33 0 13 30 24 31 13 19
split_gain=0.00291601 0.00355842 0.00962222 0.0074668 0.00745476 0.00694082 0.00502055 0.0038607
threshold=-2.5854169675022391 203604014.00000003 0.26516500000000004 29.215202410098751 0.0039156433243235618 21.721453645764573 0.2607850000000001 0.030876421054864437
decision_type=2 2 2 2 2 2 2 2
left_child=-1 2 6 5 -5 -3 -2 -4
right_child=1 3 7 4 -6 -7 -8 -9
leaf_value=0.00062342733164605011 0.0002558057582059749 -7.411638669360729e-05 2.1116022949625303e-05 -0.00042211601409054318 0.00051441279535053197 -0.00049074489625804596 0.0013714382024203504 -0.00015190134389342778
leaf_weight=102 117 1704 20247 160 422 803 104 1928
leaf_count=102 117 1704 20247 160 422 803 104 1928
internal_value=-3.2518e-13 -2.49518e-06 1.3718e-05 -0.000120045 0.000256948 -0.000207564 0.000780809 6.07307e-06
internal_weight=25587 25485 22396 3089 582 2507 221 22175
internal_count=25587 25485 22396 3089 582 2507 221 22175
is_linear=0
shrinkage=0.116831


Tree=47
num_leaves=15
num_cat=0
split_feature=2 6 15 22 2 24 33 29 19 19 30 20 2 6
split_gain=0.00293785 0.0224065 0.0176533 0.0400472 0.0131666 0.0323058 0.0235554 0.0203008 0.0121721 0.0119969 0.00753617 0.0232592 0.00735458 0.00636629
threshold=10.500000000000002 -0.00077553458547588514 0.0081405074821189732 0.035738377066273204 11.500000000000002 0.007644848148313641 -0.75253725984339648 0.00039628581313989371 -0.015033303014789888 -0.016371696328797421 13.109669740721047 -0.0025994863598078339 9.5000000000000018 0.0014460105372937264
decision_type=2 2 2 2 2 2 2 2 2 2 2 2 2 2
left_child=1 8 9 -4 5 6 -2 -7 12 -3 11 -6 -1 -12
right_child=4 2 3 -5 10 7 -8 -9 -10 -11 13 -13 -14 -15
leaf_value=0.00010563107488791566 0.0014914180338601991 6.2479383835411381e-05 0.0012729987738551759 -0.00021817930896233129 -0.0018783208035728621 0.0026359395074064961 -8.6007319745341388e-05 0.00039635728452874623 -0.0016912182672446949 -0.00098485628273389607 3.7028821140650557e-05 -0.00013168683584308921 -0.00078672164922581383 -0.00014524629954930655
leaf_weight=204 148 347 424 585 112 125 1018 99 134 262 17247 1469 330 3083
leaf_count=204 148 347 424 585 112 125 1018 99 134 262 17247 1469 330 3083
internal_value=1.6255e-13 -0.00012639 0.000108631 0.000408441 1.23998e-05 0.000361084 0.000114215 0.00164612 -0.000695648 -0.000388099 -9.72015e-06 -0.000255421 -0.000445823 9.3872e-06
internal_weight=25587 2286 1618 1009 23301 1390 1166 224 668 609 21911 1581 534 20330
internal_count=25587 2286 1618 1009 23301 1390 1166 224 668 609 21911 1581 534 20330
is_linear=0
shrinkage=0.116831


Tree=48
num_leaves=9
num_cat=0
split_feature=0 19 0 24 19 29 22 22
split_gain=0.00263539 0.0125453 0.00424219 0.0114962 0.00475307 0.00368939 0.00355095 0.00289378
threshold=337051747.00000006 0.015266438926961447 316120718.00000006 0.0052995391947777163 -0.051266083049772641 -0.00037651992449493505 0.027260297272875923 0.065408693138362464
decision_type=2 2 2 2 2 2 2 2
left_child=2 6 4 -4 5 -1 -2 -6
right_child=1 -3 3 -5 7 -7 -8 -9
leaf_value=0.00076840848213806281 0.00041180791346826407 0.0014713890520687298 -0.001154449932380727 0.0002921324765785221 1.5808005029318609e-06 0.00013136918108837433 -0.00057010806310010917 -0.00020343493884176505
leaf_weight=182 86 93 152 148 23436 390 121 979
leaf_count=182 86 93 152 148 23436 390 121 979
internal_value=4.73943e-13 0.000344239 -4.08398e-06 -0.000440803 1.15937e-06 0.000334064 -0.000162162 -6.63998e-06
internal_weight=25587 300 25287 300 24987 572 207 24415
internal_count=25587 300 25287 300 24987 572 207 24415
is_linear=0
shrinkage=0.116831


Tree=49
num_leaves=11
num_cat=0
split_feature=30 1 1 2 9 22 10 30 2 29
split_gain=0.00256323 0.00250513 0.0105802 0.00956496 0.00539009 0.00621468 0.00548552 0.00231649 0.00201537 0.00124337
threshold=38.745027529180497 -1.0000000180025095e-35 -3.4899999999999996e-06 17.500000000000004 0.17061253336588675 0.03314261926844439 0.2407050378886004 23.382968471012074 19.500000000000004 -0.00010469739337280126
decision_type=2 2 2 2 2 2 2 2 2 2
left_child=1 2 3 -1 5 -3 -6 -4 -2 -10
right_child=8 4 7 -5 6 -7 -8 -9 9 -11
leaf_value=-0.00037409309332001039 -0.00012675941437027255 5.424731042875964e-05 -0.0005450945674968004 5.2930429506166618e-05 -0.00064525824353889967 0.00099559611592955183 9.7793959462500613e-06 -0.0013677888017581249 0.0008954512892358575 0.00031229270874405724
leaf_weight=933 89 234 96 3078 176 162 20517 91 81 130
leaf_count=933 89 234 96 3078 176 162 20517 91 81 130
internal_value=-1.76587e-13 -4.02768e-06 -8.64476e-05 -4.63997e-05 1.23789e-05 0.000439345 4.20811e-06 -0.000945443 0.000339493 0.000536159
internal_weight=25587 25287 4198 4011 21089 396 20693 187 300 211
internal_count=25587 25287 4198 4011 21089 396 20693 187 300 211
is_linear=0
shrinkage=0.116831


Tree=50
num_leaves=9
num_cat=0
split_feature=0 2 6 22 19 2 24 30
split_gain=0.00245413 0.00368678 0.0160169 0.0132452 0.0114942 0.0107134 0.0249482 0.00597795
threshold=44439.261000000006 10.500000000000002 -0.00140439208235466 0.038958728877425249 -0.019660311335889021 11.500000000000002 0.007644848148313641 13.109669740721047
decision_type=2 2 2 2 2 2 2 2
left_child=-1 2 4 -4 -2 6 -3 -7
right_child=1 5 3 -5 -6 7 -8 -9
leaf_value=0.00057476226665078135 -0.00049365165336819831 0.00011172259858962769 0.00023082113637322359 -0.00041667743986656885 -0.0020376156172960411 -0.00022711445764062865 0.0014744985212359295 8.7559235052475923e-06
leaf_weight=101 304 1154 1194 675 84 1581 218 20276
leaf_count=101 304 1154 1194 675 84 1581 218 20276
internal_value=4.77129e-13 -2.27776e-06 -0.000144832 -3.02667e-06 -0.000827912 1.15733e-05 0.000328257 -8.30548e-06
internal_weight=25587 25486 2257 1869 388 23229 1372 21857
internal_count=25587 25486 2257 1869 388 23229 1372 21857
is_linear=0
shrinkage=0.116831


Tree=51
num_leaves=9
num_cat=0
split_feature=33 32 32 18 19 2 14 26
split_gain=0.00241883 0.00832047 0.00301049 0.00415212 0.0129437 0.00470888 0.00110958 0.00176869
threshold=-2.1051629113099533 31.821211528655422 40.672721050350461 -0.015016369015918239 -0.006156562897624728 23.500000000000004 23.352129136729641 0.010245933743062393
decision_type=2 2 2 2 2 2 2 2
left_child=1 -1 3 4 -2 -5 7 -3
right_child=2 6 -4 5 -6 -7 -8 -9
leaf_value=0.0013422585616007471 -3.838214619415952e-05 -0.00014644524556187103 0.00061673714399839211 6.478960258733915e-05 -0.00072383113597864043 -4.3652462293035912e-05 -0.0003023230434482365 0.00050815041782767379
leaf_weight=81 2774 119 106 11022 435 10842 101 107
leaf_count=81 2774 119 106 11022 435 10842 101 107
internal_value=0 0.00028219 -4.5726e-06 -7.19928e-06 -0.000131299 1.1015e-05 1.96039e-05 0.000163474
internal_weight=25587 408 25179 25073 3209 21864 327 226
internal_count=25587 408 25179 25073 3209 21864 327 226
is_linear=0
shrinkage=0.116831


Tree=52
num_leaves=10
num_cat=0
split_feature=2 33 14 32 2 2 2 7 24
split_gain=0.00243567 0.00275785 0.0109709 0.0158346 0.00935926 0.00459845 0.0249155 0.0146648 0.000935605
threshold=49.500000000000007 0.65274299676088898 52.609630572979555 23.179379531770071 18.500000000000004 16.500000000000004 17.500000000000004 0.24454447137496896 0.0028507696298146006
decision_type=2 2 2 2 2 2 2 2 2
left_child=1 5 4 -4 -3 7 -7 -1 -2
right_child=8 2 3 -5 -6 6 -8 -9 -10
leaf_value=0.0011695345974301623 0.00019424433892668388 -0.00054911551013076194 -1.7991845128779544e-05 0.0013326955832329546 5.589661659956433e-05 -0.0013277136828299396 3.2319448350048463e-06 7.6382472042422011e-05 0.00071646244522948572
leaf_weight=173 111 1011 5671 121 533 195 12415 5276 81
leaf_count=173 111 1011 5671 121 533 195 12415 5276 81
internal_value=4.90617e-13 -3.13426e-06 -6.35412e-05 1.02252e-05 -0.000340261 2.14045e-05 -1.73497e-05 0.000111089 0.000414555
internal_weight=25587 25395 7336 5792 1544 18059 12610 5449 192
internal_count=25587 25395 7336 5792 1544 18059 12610 5449 192
is_linear=0
shrinkage=0.116831


Tree=53
num_leaves=11
num_cat=0
split_feature=19 6 22 25 2 2 0 2 24 2
split_gain=0.00232932 0.00476451 0.00556351 0.00255502 0.0116766 0.010801 0.00459288 0.00370229 0.0161437 0.00842825
threshold=0.060628149484545098 0.00088432305935402724 0.031108861896971728 0.42451794811056592 18.500000000000004 22.500000000000004 207717036.55000004 12.500000000000002 0.0037456450374514735 13.500000000000002
decision_type=2 2 2 2 2 2 2 2 2 2
left_child=3 2 -2 4 6 -6 -1 8 -5 -9
right_child=1 -3 -4 7 5 -7 -8 9 -10 -11
leaf_value=-0.00027602930319370035 -0.00061201850903056659 -0.00085929182000067498 0.00073348850389315249 -0.00021758381991444114 0.00072303284624925575 -1.176641978536408e-05 -0.0011528939379463882 -0.00041004736281528153 0.00025628800172319713 1.1891151323624406e-05
leaf_weight=1570 81 129 87 1408 309 2347 86 674 3238 15658
leaf_count=1570 81 129 87 1408 309 2347 86 674 3238 15658
internal_value=4.42877e-13 -0.000325282 8.47619e-05 3.82004e-06 -7.80876e-05 7.37204e-05 -0.000321567 2.0656e-05 0.000112678 -5.52169e-06
internal_weight=25587 297 168 25290 4312 2656 1656 20978 4646 16332
internal_count=25587 297 168 25290 4312 2656 1656 20978 4646 16332
is_linear=0
shrinkage=0.116831


Tree=54
num_leaves=10
num_cat=0
split_feature=11 0 10 11 0 2 9 15 0
split_gain=0.0023365 0.00290731 0.0109373 0.00905977 0.00765299 0.0139858 0.0065311 0.00395739 0.00169955
threshold=80975.22175065511 805242.97000000009 2101.894688533052 2208.2592537435339 725762.79500000016 22.500000000000004 2036.8903466438451 0.011497640014589862 52855.272500000006
decision_type=2 2 2 2 2 2 2 2 2
left_child=1 4 6 -4 7 -6 -3 -1 -2
right_child=8 2 3 -5 5 -7 -8 -9 -10
leaf_value=2.2577574329920137e-05 -0.00072191751724033008 -1.5690154037210017e-05 -0.0011592912512816689 -0.00020464370249779283 0.0010080410727642804 0.00010716241907813527 0.00060608047499411755 -0.00065948455588252263 -3.6078916508524715e-05
leaf_weight=7259 105 15832 197 436 307 1006 234 118 93
leaf_count=7259 105 15832 197 436 307 1006 234 118 93
internal_value=-1.19298e-13 3.11776e-06 -2.5402e-05 -0.000501746 5.79224e-05 0.000317802 -6.63411e-06 1.16675e-05 -0.000399781
internal_weight=25587 25389 16699 633 8690 1313 16066 7377 198
internal_count=25587 25389 16699 633 8690 1313 16066 7377 198
is_linear=0
shrinkage=0.116831


Tree=55
num_leaves=12
num_cat=0
split_feature=33 11 15 0 10 22 30 6 7 18 2
split_gain=0.00215495 0.00838576 0.0038817 0.00336242 0.00868991 0.00738389 0.00848369 0.00569069 0.00487451 0.00395773 0.00333145
threshold=-1.7115929083768815 0.25677539330136029 0.0048426937124398791 201228787.10000002 1.1011444728032032 0.044235047934870923 27.662288921217357 -0.0011461078400801467 0.26689862300031814 -0.037305018326395871 13.500000000000002
decision_type=2 2 2 2 2 2 2 2 2 2 2
left_child=1 -1 -3 4 7 6 -5 -2 -7 -6 -4
right_child=3 2 10 5 9 8 -8 -9 -10 -11 -12
leaf_value=0.001281098062222513 -0.00027657945591771715 0.00083888684862526831 -0.0005436140562089741 -0.00012719902880335525 -0.00077609745977808182 -0.00030111558135337556 0.00043931138691397136 0.00064267765230155243 -0.0010732826655532345 3.3627843712110706e-07 8.8585565156690482e-05
leaf_weight=84 115 82 132 2026 90 535 439 458 141 20661 824
leaf_count=84 115 82 132 2026 90 535 439 458 141 20661 824
internal_value=-9.6612e-14 0.000158323 6.74626e-05 -7.26092e-06 9.36216e-06 -0.000120114 -2.63073e-05 0.000458185 -0.000462174 -3.03123e-06 1.29438e-06
internal_weight=25587 1122 1038 24465 21324 3141 2465 573 676 20751 956
internal_count=25587 1122 1038 24465 21324 3141 2465 573 676 20751 956
is_linear=0
shrinkage=0.116831


Tree=56
num_leaves=16
num_cat=0
split_feature=18 2 5 2 25 33 24 32 20 2 2 25 14 2 1
split_gain=0.00210578 0.0102473 0.0129649 0.0113872 0.023657 0.010039 0.00953178 0.00632463 0.0044227 0.0136023 0.0131198 0.00402703 0.00852752 0.00713215 0.00212943
threshold=0.014052584409394388 17.500000000000004 60.530604656298998 20.500000000000004 1.1196301269562083 1.1095106185650583 0.0062431245330940412 12.703964285788546 0.0050341764159205224 13.500000000000002 10.500000000000002 0.66931807774189223 49.330867668893909 19.500000000000004 8.2525000000000014e-05
decision_type=2 2 2 2 2 2 2 2 2 2 2 2 2 2 2
left_child=8 2 6 4 -3 -4 -2 -5 11 10 -10 12 -1 -13 -11
right_child=1 3 5 7 -6 -7 -8 -9 9 14 -12 13 -14 -15 -16
leaf_value=-0.0001496592371838169 -0.0016308382905544979 0.002225424939302386 0.00050635912422109213 0.0002615489387934288 -0.00048568825046977227 -0.00033044301145362221 -0.00039979223498884457 -0.00020267624083923963 -3.5627720950535046e-05 -0.00033527946037492759 0.0017139930308021293 0.00016394979608608435 7.6322717264691345e-05 -1.9374516244343841e-05 0.00034190413827376589
leaf_weight=5372 154 96 261 706 81 782 194 926 99 241 143 4567 3959 7920 86
leaf_count=5372 154 96 261 706 81 782 194 926 99 241 143 4567 3959 7920 86
internal_value=0 -8.865e-05 -0.000327071 9.46796e-05 0.000984746 -0.000121042 -0.000944566 -1.85334e-06 1.26716e-05 0.000334227 0.000998239 4.28567e-06 -5.37786e-05 4.76746e-05 -0.000157182
internal_weight=25587 3200 1391 1809 177 1043 348 1632 22387 569 242 21818 9331 12487 327
internal_count=25587 3200 1391 1809 177 1043 348 1632 22387 569 242 21818 9331 12487 327
is_linear=0
shrinkage=0.116831


Tree=57
num_leaves=12
num_cat=0
split_feature=2 22 31 2 6 24 2 31 2 14 14
split_gain=0.00218881 0.0063251 0.00525504 0.00425964 0.0170882 0.0158388 0.00847431 0.0149867 0.0102605 0.00311679 0.00265055
threshold=47.500000000000007 0.042088796992064963 18.411027183826501 41.000000000000007 0.0010667091669280431 0.0028507696298146006 32.500000000000007 21.457560882877086 29.500000000000004 67.285239462160874 57.268916494149529
decision_type=2 2 2 2 2 2 2 2 2 2 2
left_child=3 2 -2 6 5 -5 8 -8 -1 -6 -4
right_child=1 -3 10 4 9 -7 7 -9 -10 -11 -12
leaf_value=2.7420400155548864e-06 -0.00052826299928025559 0.0010552862559708859 0.00070003413690375752 0.00059946202273291368 -0.00065594698809924275 -0.00030152314692969025 0.00051241457274399751 -0.00012771343855614531 -0.00039157866000913031 -0.001596989775566251 1.4731642518734525e-05
leaf_weight=20550 149 103 137 374 82 925 1152 881 942 116 176
leaf_count=20550 149 103 137 374 82 925 1152 881 942 116 176
internal_value=1.89587e-13 0.0002274 4.28274e-05 -5.13471e-06 -0.000196225 -4.21171e-05 7.0252e-06 0.000235015 -1.45411e-05 -0.00120727 0.000314688
internal_weight=25587 565 462 25022 1497 1299 23525 2033 21492 198 313
internal_count=25587 565 462 25022 1497 1299 23525 2033 21492 198 313
is_linear=0
shrinkage=0.116831


Tree=58
num_leaves=10
num_cat=0
split_feature=0 19 19 11 0 22 20 32 18
split_gain=0.00213927 0.0103837 0.00314414 0.00586047 0.00811723 0.00294064 0.00272401 0.0068178 0.00575303
threshold=337051747.00000006 0.015266438926961447 0.060628149484545098 78.474132842607915 7462670.1500000013 0.027260297272875923 0.0051684284923262389 21.47702949319061 0.014669342434823653
decision_type=2 2 2 2 2 2 2 2 2
left_child=2 5 6 -4 -5 -2 8 -8 -1
right_child=1 -3 3 4 -6 -7 7 -9 -10
leaf_value=1.1991095997507434e-07 0.00037175643192343348 0.0013356091736455031 -0.0011213443752410841 -0.00080485150440308363 0.00079594060000406474 -0.00052180269605045656 8.1183693849484472e-05 0.0011407136354506908 -0.00030051824454013396
leaf_weight=21728 86 93 98 85 88 121 2297 86 905
leaf_count=21728 86 93 98 85 88 121 2297 86 905
internal_value=0 0.000310149 -3.67954e-06 -0.000399488 9.42424e-06 -0.000150566 6.08281e-07 0.000119421 -1.19014e-05
internal_weight=25587 300 25287 271 173 207 25016 2383 22633
internal_count=25587 300 25287 271 173 207 25016 2383 22633
is_linear=0
shrinkage=0.116831


Tree=59
num_leaves=14
num_cat=0
split_feature=0 7 19 0 0 30 11 15 30 12 12 12 6
split_gain=0.00206624 0.0157686 0.0238653 0.0103567 0.0126648 0.0117776 0.0114864 0.00977639 0.00796222 0.00749262 0.00651499 0.0111638 0.006744
threshold=6346461.6500000013 6.4955844267650908 -0.022994020487975272 7245177.9500000011 132002942.55000001 14.768803971293655 10.068797168959188 0.010213715435228138 22.974842115091842 1.4190224248616816 6.7943883977549957 8.6196605537734232 -0.002144503319071065
decision_type=2 2 2 2 2 2 2 2 2 2 2 2 2
left_child=1 2 -1 6 5 -5 -2 -4 -8 -6 12 -12 -3
right_child=3 10 7 4 9 -7 8 -9 -10 -11 11 -13 -14
leaf_value=0.0024168564462280634 0.0010237263718863242 0.00052152674856758695 0.00071537896837858231 0.0015715075791067675 -1.6070680347967871e-05 0.00027142798264755553 -0.00061773572456434711 -0.00083844245967762453 -0.00011651632627917601 -0.00069683720373040024 0.0012490515192693768 1.6708724097984724e-05 -0.00045165032429630097
leaf_weight=92 86 113 174 108 6071 797 840 81 892 229 101 15308 695
leaf_count=92 86 113 174 108 6071 797 840 81 892 229 101 15308 695
internal_value=-1.26705e-13 2.45037e-05 0.000803784 -4.49828e-05 1.78918e-05 0.000426576 -0.000294164 0.000221812 -0.000359602 -4.0816e-05 7.82925e-06 2.47863e-05 -0.00031555
internal_weight=25587 16564 347 9023 7205 905 1818 255 1732 6300 16217 15409 808
internal_count=25587 16564 347 9023 7205 905 1818 255 1732 6300 16217 15409 808
is_linear=0
shrinkage=0.116831


Tree=60
num_leaves=16
num_cat=0
split_feature=2 30 15 6 19 31 24 2 24 33 7 15 24 22 19
split_gain=0.00216584 0.0166429 0.0435237 0.0166158 0.0211633 0.0164946 0.00913501 0.00662664 0.0176709 0.0182699 0.0180528 0.00524884 0.0104829 0.00552545 0.00387418
threshold=10.500000000000002 15.268478563334456 0.0086111820979067263 -3.1506124412222528e-05 -0.015568818020915696 18.048312131369737 0.0053983252276197788 11.500000000000002 0.007644848148313641 -0.1778128778834292 53.139199638928751 0.0091088890252591821 0.0051473575812639579 0.060080677504194421 -0.018535305165737811
decision_type=2 2 2 2 2 2 2 2 2 2 2 2 2 2 2
left_child=1 2 14 4 -3 -5 -4 8 9 -2 -10 13 -13 -9 -1
right_child=7 3 6 5 -6 -7 -8 11 10 -11 -12 12 -14 -15 -16
leaf_value=0.00010945468949070055 0.00079925960893108554 -0.00033537009150631173 0.0027969987978561503 0.0011318509572012913 -0.0017475158506928118 -0.00014679150542873046 0.0011569425145980764 1.7387830797889781e-05 0.0024647344522410555 -0.00022004243538416163 0.00033279466700057752 -0.00038811819278668003 -9.0112675910794461e-06 0.00051136705241730735 -0.00084472586790418033
leaf_weight=94 338 695 83 166 183 808 105 16440 92 828 132 1348 3808 315 152
leaf_count=94 338 695 83 166 183 808 105 16440 92 828 132 1348 3808 315 152
internal_value=5.55017e-13 -0.00010852 0.000542674 -0.000261122 -0.000629701 7.11291e-05 0.00188101 1.06466e-05 0.000258014 7.54328e-05 0.00120841 -5.04594e-06 -0.000108126 2.66748e-05 -0.00048012
internal_weight=25587 2286 434 1852 878 974 188 23301 1390 1166 224 21911 5156 16755 246
internal_count=25587 2286 434 1852 878 974 188 23301 1390 1166 224 21911 5156 16755 246
is_linear=0
shrinkage=0.116831


end of trees

feature_importances:
Column_2=129
Column_19=50
Column_0=49
Column_24=48
Column_22=37
Column_30=35
Column_15=31
Column_10=30
Column_6=29
Column_33=27
Column_1=24
Column_18=20
Column_32=19
Column_31=15
Column_20=12
Column_7=11
Column_11=11
Column_14=11
Column_25=11
Column_29=10
Column_12=8
Column_13=7
Column_9=6
Column_21=6
Column_4=4
Column_5=4
Column_26=4
Column_17=3
Column_16=2
Column_27=2
Column_8=1
Column_23=1

parameters:
[boosting: gbdt]
[objective: regression]
[metric: l2]
[tree_learner: serial]
[device_type: cpu]
[data_sample_strategy: bagging]
[data: ]
[valid: ]
[num_iterations: 61]
[learning_rate: 0.116831]
[num_leaves: 31]
[num_threads: 1]
[seed: 0]
[deterministic: 0]
[force_col_wise: 0]
[force_row_wise: 0]
[histogram_pool_size: -1]
[max_depth: 4]
[min_data_in_leaf: 81]
[min_sum_hessian_in_leaf: 0.001]
[bagging_fraction: 0.892632]
[pos_bagging_fraction: 1]
[neg_bagging_fraction: 1]
[bagging_freq: 0]
[bagging_seed: 3]
[bagging_by_query: 0]
[feature_fraction: 0.986959]
[feature_fraction_bynode: 1]
[feature_fraction_seed: 2]
[extra_trees: 0]
[extra_seed: 6]
[early_stopping_round: 0]
[early_stopping_min_delta: 0]
[first_metric_only: 0]
[max_delta_step: 0]
[lambda_l1: 1.15214e-08]
[lambda_l2: 4.00656e-05]
[linear_lambda: 0]
[min_gain_to_split: 0]
[drop_rate: 0.1]
[max_drop: 50]
[skip_drop: 0.5]
[xgboost_dart_mode: 0]
[uniform_drop: 0]
[drop_seed: 4]
[top_rate: 0.2]
[other_rate: 0.1]
[min_data_per_group: 100]
[max_cat_threshold: 32]
[cat_l2: 10]
[cat_smooth: 10]
[max_cat_to_onehot: 4]
[top_k: 20]
[monotone_constraints: ]
[monotone_constraints_method: basic]
[monotone_penalty: 0]
[feature_contri: ]
[forcedsplits_filename: ]
[refit_decay_rate: 0.9]
[cegb_tradeoff: 1]
[cegb_penalty_split: 0]
[cegb_penalty_feature_lazy: ]
[cegb_penalty_feature_coupled: ]
[path_smooth: 0]
[interaction_constraints: ]
[verbosity: 1]
[saved_feature_importance_type: 0]
[use_quantized_grad: 0]
[num_grad_quant_bins: 4]
[quant_train_renew_leaf: 0]
[stochastic_rounding: 1]
[linear_tree: 0]
[max_bin: 255]
[max_bin_by_feature: ]
[min_data_in_bin: 3]
[bin_construct_sample_cnt: 200000]
[data_random_seed: 1]
[is_enable_sparse: 1]
[enable_bundle: 1]
[use_missing: 1]
[zero_as_missing: 0]
[feature_pre_filter: 1]
[pre_partition: 0]
[two_round: 0]
[header: 0]
[label_column: ]
[weight_column: ]
[group_column: ]
[ignore_column: ]
[categorical_feature: ]
[forcedbins_filename: ]
[precise_float_parser: 0]
[parser_config_file: ]
[objective_seed: 5]
[num_class: 1]
[is_unbalance: 0]
[scale_pos_weight: 1]
[sigmoid: 1]
[boost_from_average: 1]
[reg_sqrt: 0]
[alpha: 0.9]
[fair_c: 1]
[poisson_max_delta_step: 0.7]
[tweedie_variance_power: 1.5]
[lambdarank_truncation_level: 30]
[lambdarank_norm: 1]
[label_gain: ]
[lambdarank_position_bias_regularization: 0]
[eval_at: ]
[multi_error_top_k: 1]
[auc_mu_weights: ]
[num_machines: 1]
[local_listen_port: 12400]
[time_out: 120]
[machine_list_filename: ]
[machines: ]
[gpu_platform_id: -1]
[gpu_device_id: -1]
[gpu_use_dp: 0]
[num_gpu: 1]

end of parameters

pandas_categorical:null
