tree
version=v4
num_class=1
num_tree_per_iteration=1
label_index=0
max_feature_idx=15
objective=regression
feature_names=Column_0 Column_1 Column_2 Column_3 Column_4 Column_5 Column_6 Column_7 Column_8 Column_9 Column_10 Column_11 Column_12 Column_13 Column_14 Column_15
feature_infos=[-4.0862364768981934:5.7160816192626953] [-0.24360571801662445:0.74115288257598877] [-0.23254196345806122:0.75159776210784912] [-0.27167528867721558:0.76306337118148804] [0:0.063718840479850769] [0:0.092707403004169464] [-0.031556487083435059:0.032288052141666412] [0:0.081943012773990631] [0:0.088186606764793396] [0:98.629920959472656] [10:94] [-0.53906559944152832:1.5848277807235718] [-0.90096884965896606:1] [-0.97492790222167969:0.97492790222167969] [-0.13770820200443268:0.41915693879127502] [0:27.995229721069336]
tree_sizes=886 868 811 871 836 860 876 742 876 751 818 864 851 837 873 848 823 833 830 859 826 736 850 827 826 831 854 748 743 846 868 826 830 829 842 746 856 839 837 749 844 825 745 842 841 829 829 827 833 834 744 731 859 812 838 833 826 822 748 825 819 748 742 823 828 830 732 819

Tree=0
num_leaves=8
num_cat=0
split_feature=13 4 10 10 10 10 11
split_gain=0.329795 0.257256 0.167467 0.132519 0.17969 0.0570059 0.00597562
threshold=-0.60785761475563038 0.0048866111319512138 48.500000000000007 48.500000000000007 79.500000000000014 61.500000000000007 0.32779818773269659
decision_type=2 2 2 2 2 2 2
left_child=3 5 -3 6 -5 -2 -1
right_child=1 2 -4 4 -6 -7 -8
leaf_value=0.0010276975007029012 0.00086070737014027959 0.0018310338904457624 0.001153793230318002 0.00053246024990357419 0.0010276975007029012 0.0010553241818785639 0.0011360428652574283
leaf_weight=434 4881 1605 7304 4990 371 3334 1139
leaf_count=434 4881 1605 7304 4990 371 3334 1139
internal_value=0.0010277 0.00113915 0.00132306 0.000752469 0.000636177 0.00099094 0.0010277
internal_weight=24058 17124 8909 6934 5361 8215 1573
internal_count=24058 17124 8909 6934 5361 8215 1573
is_linear=0
shrinkage=1


Tree=1
num_leaves=8
num_cat=0
split_feature=13 5 10 4 10 10 10
split_gain=0.29639 0.295694 0.318473 0.236021 0.14697 0.140032 0.0523421
threshold=-0.60785761475563038 0.013290649279952051 79.500000000000014 0.0048866111319512138 48.500000000000007 38.500000000000007 61.500000000000007
decision_type=2 2 2 2 2 2 2
left_child=1 5 -3 6 -5 -1 -2
right_child=3 2 -4 4 -6 -7 -8
leaf_value=0.00074984547035650533 -0.00015909102852957059 -0.00090293722760218171 0 0.00076533731514904038 0.00012013097310693386 -0.00011543517963099985 2.6319869397837996e-05
leaf_weight=464 4881 2257 280 1605 7304 3933 3334
leaf_count=464 4881 2257 280 1605 7304 3933 3334
internal_value=0 -0.000259212 -0.000666658 0.00010734 0.00028363 0 -3.25944e-05
internal_weight=24058 6934 2537 17124 8909 4397 8215
internal_count=24058 6934 2537 17124 8909 4397 8215
is_linear=0
shrinkage=0.0473034


Tree=2
num_leaves=8
num_cat=0
split_feature=10 8 8 9 15 5 2
split_gain=0.213677 0.54186 0.256134 0.170152 0.0803745 0.0325579 0.028427
threshold=39.500000000000007 0.015601860359311106 0.018820954486727718 50.13581848144532 17.854054450988773 0.031900327652692802 -0.050805129110813134
decision_type=2 2 2 2 2 2 2
left_child=1 6 3 -2 -4 -3 -1
right_child=2 5 4 -5 -6 -7 -8
leaf_value=0 -0.00031574621209909913 -0.0003179799797016775 0 0 0.0004070378357046548 0 0.00099382550055678075
leaf_weight=68 7442 969 1432 9670 2666 111 1700
leaf_count=68 7442 969 1432 9670 2666 111 1700
internal_value=0 0.000387739 -4.85249e-05 -0.000145287 0.000252784 -0.000152539 0.00095589
internal_weight=24058 2848 21210 17112 4098 1080 1768
internal_count=24058 2848 21210 17112 4098 1080 1768
is_linear=0
shrinkage=0.0473034


Tree=3
num_leaves=8
num_cat=0
split_feature=13 5 10 8 10 10 10
split_gain=0.268691 0.27277 0.159013 0.20623 0.19956 0.0838691 0.0177236
threshold=1.0000000180025095e-35 0.013155177701264622 48.500000000000007 0.017739874310791496 79.500000000000014 86.500000000000014 49.500000000000007
decision_type=2 2 2 2 2 2 2
left_child=2 6 3 -1 -4 -3 -2
right_child=1 5 4 -5 -6 -7 -8
leaf_value=0.00036137621380323819 0.00013886780033010949 0.00056512984674015004 -0.00031307495109227269 -0.00047698688704826643 0.00027326215514610877 0 -4.4253863115331802e-05
leaf_weight=2609 1563 3619 9942 605 728 133 4859
leaf_count=2609 1563 3619 9942 605 728 133 4859
internal_value=0 0.000187532 -0.000132411 7.25655e-05 -0.000233611 0.00050797 0
internal_weight=24058 10174 13884 3214 10670 3752 6422
internal_count=24058 10174 13884 3214 10670 3752 6422
is_linear=0
shrinkage=0.0473034


Tree=4
num_leaves=8
num_cat=0
split_feature=10 7 10 10 10 5 2
split_gain=0.177478 0.417232 0.212383 0.208062 0.162042 0.0544455 0.0452557
threshold=39.500000000000007 0.026873034425079826 60.500000000000007 74.500000000000014 49.500000000000007 0.031900327652692802 -0.046651517972350114
decision_type=2 2 2 2 2 2 2
left_child=1 6 4 -4 -2 -3 -1
right_child=2 5 3 -5 -6 -7 -8
leaf_value=0 0 -0.0005094129160413336 0.00021951380347697417 -0.00018793992740569107 -0.00035722017225138161 0 0.0008284948753404769
leaf_weight=131 3121 644 8263 3338 6488 112 1961
leaf_count=131 3121 644 8263 3338 6488 112 1961
internal_value=0 0.000353808 -4.37558e-05 6.59841e-05 -0.000220059 -0.000244796 0.000771374
internal_weight=24058 2848 21210 11601 9609 756 2092
internal_count=24058 2848 21210 11601 9609 756 2092
is_linear=0
shrinkage=0.0473034


Tree=5
num_leaves=8
num_cat=0
split_feature=13 4 8 3 7 9 6
split_gain=0.254051 0.211535 0.175545 0.141778 0.119034 0.0454429 8.78143e-05
threshold=-0.60785761475563038 0.0048866111319512138 0.012671655509620907 0.027532533742487434 0.021540754474699501 70.331371307373061 0.00096050178399309527
decision_type=2 2 2 2 2 2 2
left_child=2 5 6 -4 -3 -2 -1
right_child=1 4 3 -5 -6 -7 -8
leaf_value=-8.496226449512226e-06 -0.00012048682754903827 1.0222725910714298e-06 -0.00082931300253573674 0 0.00046194749686725046 8.8466381495487235e-05 0
leaf_weight=2722 6648 4661 1606 1305 4248 1567 1301
leaf_count=2722 6648 4661 1606 1305 4248 1567 1301
internal_value=0 0.000100782 -0.000238535 -0.000520063 0.00026806 -2.93797e-05 0
internal_weight=24058 17124 6934 2911 8909 8215 4023
internal_count=24058 17124 6934 2911 8909 8215 4023
is_linear=0
shrinkage=0.0473034


Tree=6
num_leaves=8
num_cat=0
split_feature=13 5 4 7 3 9 9
split_gain=0.23519 0.250546 0.194366 0.103473 0.0700933 0.0417221 0.000770319
threshold=-0.60785761475563038 0.013290649279952051 0.0048866111319512138 0.021540754474699501 0.012452766764909031 70.331371307373061 61.054353713989265
decision_type=2 2 2 2 2 2 2
left_child=1 6 5 -4 -3 -2 -1
right_child=2 4 3 -5 -6 -7 -8
leaf_value=-2.327933048657839e-05 -0.00011478744111626993 -0.00091264684127344156 9.7392190692049713e-07 0.0004400961035592861 0 8.4281789705070517e-05 8.469417622197625e-06
leaf_weight=2995 6648 1299 4661 4248 1238 1567 1402
leaf_count=2995 6648 1299 4661 4248 1238 1567 1402
internal_value=0 -0.000229291 9.71774e-05 0.000257615 -0.000603875 -2.55656e-05 0
internal_weight=24058 6934 17124 8909 2537 8215 4397
internal_count=24058 6934 17124 8909 2537 8215 4397
is_linear=0
shrinkage=0.0473034


Tree=7
num_leaves=7
num_cat=0
split_feature=3 9 6 8 3 5
split_gain=0.102991 0.0910458 0.0764548 0.0698392 0.0430083 0.0289304
threshold=0.12760812789201739 34.532400131225593 -0.0018846052116714416 0.017222159542143348 -0.026131695136427876 0.022239664569497112
decision_type=2 2 2 2 2 2
left_child=1 5 -2 -4 -3 -1
right_child=2 4 3 -5 -6 -7
leaf_value=-0.00030538621599090045 0 0.00012010895795274843 0 0.00069968708453093872 -3.4094861784024041e-05 0
leaf_weight=3064 732 5628 389 1104 12942 199
leaf_count=3064 732 5628 389 1104 12942 199
internal_value=0 -2.81461e-05 0.000309513 0.000507293 0 -0.000260258
internal_weight=24058 21833 2225 1493 18570 3263
internal_count=24058 21833 2225 1493 18570 3263
is_linear=0
shrinkage=0.0473034


Tree=8
num_leaves=8
num_cat=0
split_feature=13 4 7 10 10 8 10
split_gain=0.223358 0.181474 0.148901 0.136456 0.175802 0.174551 0.0337225
threshold=1.0000000180025095e-35 0.0049885630141943702 0.021437253803014759 48.500000000000007 79.500000000000014 0.017739874310791496 61.500000000000007
decision_type=2 2 2 2 2 2 2
left_child=3 6 -3 5 -5 -1 -2
right_child=1 2 -4 4 -6 -7 -8
leaf_value=0.00033678045235506363 -0.000131960461176167 0 0.00064922086805891017 -0.00029123589548768204 0.00024574883633969716 -0.00042138471875856738 0.00010702601433734759
leaf_weight=2609 2913 2640 2462 9942 728 605 2159
leaf_count=2609 2913 2640 2462 9942 728 605 2159
internal_value=0 0.000171281 0.000371605 -0.000120414 -0.000215139 6.30669e-05 0
internal_weight=24058 10174 5102 13884 10670 3214 5072
internal_count=24058 10174 5102 13884 10670 3214 5072
is_linear=0
shrinkage=0.0473034


Tree=9
num_leaves=7
num_cat=0
split_feature=13 4 7 0 12 9
split_gain=0.20725 0.168655 0.13299 0.135968 0.0887283 0.0354847
threshold=-0.60785761475563038 0.0048866111319512138 0.015982469543814663 0.42668032646179205 1.0000000180025095e-35 70.331371307373061
decision_type=2 2 2 2 2 2
left_child=2 5 -1 -4 -3 -2
right_child=1 4 3 -5 -6 -7
leaf_value=0 -0.00010437356953257788 0.0003631490677282579 -0.00056399315584378562 0 0 7.8680910543412871e-05
leaf_weight=2780 6648 5458 2889 1265 3451 1567
leaf_count=2780 6648 5458 2889 1265 3451 1567
internal_value=0 9.25239e-05 -0.000213865 -0.000384686 0.000241885 -1.82066e-05
internal_weight=24058 17124 6934 4154 8909 8215
internal_count=24058 17124 6934 4154 8909 8215
is_linear=0
shrinkage=0.0473034


Tree=10
num_leaves=8
num_cat=0
split_feature=10 8 8 5 2 10 2
split_gain=0.154121 0.443144 0.185593 0.113601 0.0634847 0.0302215 0.0223589
threshold=39.500000000000007 0.015601860359311106 0.018820954486727718 0.010048670228570701 0.03597789257764817 25.500000000000004 -0.050805129110813134
decision_type=2 2 2 2 2 2 2
left_child=1 6 3 -2 -4 -3 -1
right_child=2 5 4 -5 -6 -7 -8
leaf_value=0 0 0 0.00035516529882215398 -0.00024961434577157158 0 -0.00033361232794135935 0.00088612611602477333
leaf_weight=68 8808 302 2590 8304 1508 778 1700
leaf_count=68 8808 302 2590 8304 1508 778 1700
internal_value=0 0.000331129 -3.91954e-05 -0.000124022 0.000212276 -0.000132536 0.00085248
internal_weight=24058 2848 21210 17112 4098 1080 1768
internal_count=24058 2848 21210 17112 4098 1080 1768
is_linear=0
shrinkage=0.0473034


Tree=11
num_leaves=8
num_cat=0
split_feature=13 4 7 8 10 10 10
split_gain=0.190602 0.153966 0.136886 0.116668 0.171147 0.10197 0.03203
threshold=1.0000000180025095e-35 0.0048099376726895579 0.021437253803014759 0.012671655509620907 79.500000000000014 39.500000000000007 61.500000000000007
decision_type=2 2 2 2 2 2 2
left_child=3 6 -3 5 -5 -1 -2
right_child=1 2 -4 4 -6 -7 -8
leaf_value=0.00051128308332705312 -0.00013051491164796239 0 0.00060643687604735111 -0.00037469420141657966 0.00012775182769330593 -4.4288152385027848e-05 0.00010476878673818774
leaf_weight=822 2840 2735 2477 5703 592 6767 2122
leaf_count=822 2840 2735 2477 5703 592 6767 2122
internal_value=0 0.000159911 0.000340611 -0.000109452 -0.000260562 0 0
internal_weight=24058 10174 5212 13884 6295 7589 4962
internal_count=24058 10174 5212 13884 6295 7589 4962
is_linear=0
shrinkage=0.0473034


Tree=12
num_leaves=8
num_cat=0
split_feature=13 5 10 5 10 10 10
split_gain=0.178526 0.214984 0.250008 0.152407 0.216415 0.0715582 0.046066
threshold=-0.60785761475563038 0.013290649279952051 79.500000000000014 0.020298596471548084 74.500000000000014 38.500000000000007 38.500000000000007
decision_type=2 2 2 2 2 2 2
left_child=1 5 -3 4 -2 -1 -5
right_child=3 2 -4 6 -6 -7 -8
leaf_value=0.00055884280464596893 9.6810147618586696e-05 -0.00076147229332295047 0 0 -0.00046052943273641869 -6.214663519275275e-05 0.00057389257608694388
leaf_weight=464 13372 2257 280 312 1695 3933 1745
leaf_count=464 13372 2257 280 312 1695 3933 1745
internal_value=0 -0.000196692 -0.000543458 8.75337e-05 6.16636e-06 0 0.000478842
internal_weight=24058 6934 2537 17124 15067 4397 2057
internal_count=24058 6934 2537 17124 15067 4397 2057
is_linear=0
shrinkage=0.0473034


Tree=13
num_leaves=8
num_cat=0
split_feature=13 5 5 10 10 9 10
split_gain=0.162401 0.183049 0.115814 0.16106 0.070518 0.0292282 0.0122366
threshold=1.0000000180025095e-35 0.013155177701264622 0.010188131593167784 79.500000000000014 86.500000000000014 49.76539611816407 39.500000000000007
decision_type=2 2 2 2 2 2 2
left_child=2 5 6 -4 -3 -2 -1
right_child=1 4 3 -5 -6 -7 -8
leaf_value=0.00022600387673872235 -0.00011872135961362721 0.00046852138494037456 -0.0003125944714444781 0.00019411330388135009 0 8.462996837179549e-05 0
leaf_weight=536 2799 3619 7486 647 133 3623 5215
leaf_count=536 2799 3619 7486 647 133 3623 5215
internal_value=0 0.000149385 -9.90983e-05 -0.000220517 0.000411918 0 0
internal_weight=24058 10174 13884 8133 3752 6422 5751
internal_count=24058 10174 13884 8133 3752 6422 5751
is_linear=0
shrinkage=0.0473034


Tree=14
num_leaves=8
num_cat=0
split_feature=13 4 8 10 10 10 10
split_gain=0.149432 0.142159 0.113933 0.17975 0.0989444 0.0376816 0.0110456
threshold=-0.60785761475563038 0.0048866111319512138 0.012671655509620907 79.500000000000014 48.500000000000007 61.500000000000007 38.500000000000007
decision_type=2 2 2 2 2 2 2
left_child=2 5 6 -4 -3 -2 -1
right_child=1 4 3 -5 -6 -7 -8
leaf_value=0.0002113021271920221 -0.00013157597299774128 0.00061680004953023476 -0.00057828568928783232 0 7.4828020079722033e-05 2.5159782058359279e-05 -4.0965119019923865e-05
leaf_weight=418 4881 1605 2623 288 7304 3334 3605
leaf_count=418 4881 1605 2623 288 7304 3334 3605
internal_value=0 8.17108e-05 -0.000178138 -0.000403935 0.000219728 -1.67169e-05 0
internal_weight=24058 17124 6934 2911 8909 8215 4023
internal_count=24058 17124 6934 2911 8909 8215 4023
is_linear=0
shrinkage=0.0473034


Tree=15
num_leaves=8
num_cat=0
split_feature=13 5 5 10 9 9 10
split_gain=0.13601 0.163837 0.1003 0.143721 0.0695674 0.0398943 0.0137804
threshold=1.0000000180025095e-35 0.01378073636442423 0.0093296449631452578 79.500000000000014 29.081070899963382 49.76539611816407 60.500000000000007
decision_type=2 2 2 2 2 2 2
left_child=2 5 6 -4 -3 -2 -1
right_child=1 4 3 -5 -6 -7 -8
leaf_value=0 -0.00012474381636874156 0 -0.00027450655887934085 0.00019940021186885183 0.00047850856686256827 0.0001058193793197234 0.00013480016213035327
leaf_weight=3140 2956 214 8301 675 3140 3864 1768
leaf_count=3140 2956 214 8301 675 3140 3864 1768
internal_value=0 0.000139049 -8.80441e-05 -0.000191963 0.000409818 0 1.62278e-05
internal_weight=24058 10174 13884 8976 3354 6820 4908
internal_count=24058 10174 13884 8976 3354 6820 4908
is_linear=0
shrinkage=0.0473034


Tree=16
num_leaves=8
num_cat=0
split_feature=10 10 10 8 10 9 10
split_gain=0.129708 0.27203 0.221853 0.129664 0.200364 0.118846 0.0414184
threshold=48.500000000000007 60.500000000000007 74.500000000000014 0.017739874310791496 39.500000000000007 72.886547088623061 38.500000000000007
decision_type=2 2 2 2 2 2 2
left_child=3 5 -3 4 -1 -2 -5
right_child=1 2 -4 6 -6 -7 -8
leaf_value=0.00067898735210862506 -0.00036867687284527812 0.00022201677944452122 -0.00020201203749094953 -0.00036410859349599251 0 0 0
leaf_weight=2132 6425 8263 3338 699 2042 748 411
leaf_count=2132 6425 8263 3338 699 2042 748 411
internal_value=0 -4.93808e-05 6.37178e-05 0.000215088 0.000357876 -0.00029099 0
internal_weight=24058 18774 11601 5284 4174 7173 1110
internal_count=24058 18774 11601 5284 4174 7173 1110
is_linear=0
shrinkage=0.0473034


Tree=17
num_leaves=8
num_cat=0
split_feature=13 5 5 0 4 4 9
split_gain=0.12776 0.166711 0.131154 0.088087 0.0410595 0.0345989 0.000433189
threshold=-0.60785761475563038 0.013290649279952051 0.020298596471548084 0.43613256514072424 0.02894475590437651 0.0048866111319512138 61.054353713989265
decision_type=2 2 2 2 2 2 2
left_child=1 6 5 -3 -4 -2 -1
right_child=2 3 4 -5 -6 -7 -8
leaf_value=0 -3.7632943564197053e-05 -0.0006448023894303379 0.00052059488372510827 0 0 9.3910469802119354e-05 2.6293448116774713e-05
leaf_weight=2995 7491 1809 1805 728 252 7576 1402
leaf_count=2995 7491 1809 1805 728 252 7576 1402
internal_value=0 -0.000162017 7.78803e-05 -0.000467735 0.000439494 5.67129e-07 0
internal_weight=24058 6934 17124 2537 2057 15067 4397
internal_count=24058 6934 17124 2537 2057 15067 4397
is_linear=0
shrinkage=0.0473034


Tree=18
num_leaves=8
num_cat=0
split_feature=10 10 12 10 7 10 10
split_gain=0.116485 0.242139 0.221276 0.203345 0.104178 0.191823 0.0122965
threshold=48.500000000000007 60.500000000000007 -0.56174489110708226 74.500000000000014 0.024350986815989021 39.500000000000007 38.500000000000007
decision_type=2 2 2 2 2 2 2
left_child=4 2 -2 -3 5 -1 -6
right_child=1 3 -4 -5 6 -7 -8
leaf_value=0.00068949376756508897 0 0.00021114722159554775 -0.00044809927592506045 -0.00019423025761912573 -0.00017017951540486105 0 0
leaf_weight=1855 2000 8263 5173 3338 950 1929 550
leaf_count=1855 2000 8263 5173 3338 950 1929 550
internal_value=0 -4.67805e-05 -0.000275284 5.82148e-05 0.000203843 0.000345871 0
internal_weight=24058 18774 7173 11601 5284 3784 1500
internal_count=24058 18774 7173 11601 5284 3784 1500
is_linear=0
shrinkage=0.0473034


Tree=19
num_leaves=8
num_cat=0
split_feature=13 8 10 10 3 8 10
split_gain=0.116302 0.115448 0.0965246 0.0787788 0.153715 0.117442 0.0441459
threshold=1.0000000180025095e-35 0.018277920782566074 61.500000000000007 48.500000000000007 -0.012985128443688152 0.017739874310791496 70.500000000000014
decision_type=2 2 2 2 2 2 2
left_child=3 6 -3 5 -5 -1 -2
right_child=1 2 -4 4 -6 -7 -8
leaf_value=0.00028364882380710809 9.253112862442254e-05 0 0.00064263741676038916 -0.00045585788000576904 0 -0.00031024444969186973 -0.00016989576131662905
leaf_weight=2609 6089 907 1562 2908 7762 605 1616
leaf_count=2609 6089 907 1562 2908 7762 605 1616
internal_value=0 0.000129565 0.000416892 -8.02652e-05 -0.000156208 4.08593e-05 0
internal_weight=24058 10174 2469 13884 10670 3214 7705
internal_count=24058 10174 2469 13884 10670 3214 7705
is_linear=0
shrinkage=0.0473034


Tree=20
num_leaves=8
num_cat=0
split_feature=13 7 10 15 1 9 6
split_gain=0.10955 0.106828 0.139675 0.104394 0.0976692 0.0631477 0.0150985
threshold=-0.60785761475563038 0.024746680632233623 39.500000000000007 13.133313655853273 -0.036774588748812669 61.953100204467781 -0.0013085025711916385
decision_type=2 2 2 2 2 2 2
left_child=4 2 -2 -3 5 -1 -6
right_child=1 3 -4 -5 6 -7 -8
leaf_value=-0.00062045462087537465 0.00046518215636846046 0 -5.9272826708522071e-05 0.0003519275209627664 -0.00015429732533807678 0 0
leaf_weight=1344 1268 478 10855 4523 1419 307 3864
leaf_count=1344 1268 478 10855 4523 1419 307 3864
internal_value=0 7.15074e-05 0 0.000255551 -0.000150745 -0.000477286 0
internal_weight=24058 17124 12123 5001 6934 1651 5283
internal_count=24058 17124 12123 5001 6934 1651 5283
is_linear=0
shrinkage=0.0473034


Tree=21
num_leaves=7
num_cat=0
split_feature=3 0 12 9 15 5
split_gain=0.0748067 0.0652086 0.093298 0.061457 0.041154 0.0237038
threshold=0.12760812789201739 -0.31059381365776056 1.0000000180025095e-35 34.532400131225593 16.883030891418461 0.022239664569497112
decision_type=2 2 2 2 2 2
left_child=3 -2 -3 5 -5 -1
right_child=1 2 -4 4 -6 -7
leaf_value=-0.0002550610622225329 0 0.00077433135867293549 0 -7.7031451812197425e-05 6.6277442340134156e-05 0
leaf_weight=3064 837 856 532 6822 11748 199
leaf_count=3064 837 856 532 6822 11748 199
internal_value=0 0.000266989 0.000468386 -2.00523e-05 0 -0.00021174
internal_weight=24058 2225 1388 21833 18570 3263
internal_count=24058 2225 1388 21833 18570 3263
is_linear=0
shrinkage=0.0473034


Tree=22
num_leaves=8
num_cat=0
split_feature=13 8 10 5 10 10 10
split_gain=0.0999567 0.109027 0.0991749 0.0887921 0.161467 0.0807704 0.000204126
threshold=-1.0000000180025095e-35 0.018277920782566074 39.500000000000007 0.010048670228570701 79.500000000000014 75.500000000000014 74.500000000000014
decision_type=2 2 2 2 2 2 2
left_child=3 2 -2 6 -5 -3 -1
right_child=1 5 -4 4 -6 -7 -8
leaf_value=1.1021596211059857e-05 0.00043194789024570752 0.00049272843588042616 -3.0399781157524592e-05 -0.00032943615958126596 0.00023953373675254344 0 0
leaf_weight=3760 1142 2206 9555 5936 497 777 185
leaf_count=3760 1142 2206 9555 5936 497 777 185
internal_value=0 9.00365e-05 0 -0.000104239 -0.000220031 0.000344902 0
internal_weight=24058 13680 10697 10378 6433 2983 3945
internal_count=24058 13680 10697 10378 6433 2983 3945
is_linear=0
shrinkage=0.0473034


Tree=23
num_leaves=8
num_cat=0
split_feature=10 10 12 10 8 10 10
split_gain=0.0933301 0.202124 0.196775 0.196066 0.10671 0.15352 0.0380665
threshold=48.500000000000007 60.500000000000007 -0.56174489110708226 74.500000000000014 0.017739874310791496 39.500000000000007 38.500000000000007
decision_type=2 2 2 2 2 2 2
left_child=4 2 -2 -3 5 -1 -6
right_child=1 3 -4 -5 6 -7 -8
leaf_value=0.00059622991526175526 0 0.00020270898213123773 -0.0004159905538221563 -0.00019717844566650541 -0.00034906482586320172 0 0
leaf_weight=2132 2000 8263 5173 3338 699 2042 411
leaf_count=2132 2000 8263 5173 3338 699 2042 411
internal_value=0 -4.20553e-05 -0.000251824 5.13562e-05 0.000182313 0.00031509 0
internal_weight=24058 18774 7173 11601 5284 4174 1110
internal_count=24058 18774 7173 11601 5284 4174 1110
is_linear=0
shrinkage=0.0473034


Tree=24
num_leaves=8
num_cat=0
split_feature=10 10 10 9 8 10 10
split_gain=0.0836624 0.179689 0.178812 0.100635 0.0994043 0.189404 0.017304
threshold=48.500000000000007 60.500000000000007 74.500000000000014 72.886547088623061 0.015507408417761328 39.500000000000007 38.500000000000007
decision_type=2 2 2 2 2 2 2
left_child=4 3 -3 -2 5 -1 -6
right_child=1 2 -4 -5 6 -7 -8
leaf_value=0.00067786049232916807 -0.00031319517664305852 0.00019312022586728938 -0.00018785139973519885 0 -0.000191027423468748 0 0
leaf_weight=1751 6425 8263 3338 748 1061 1864 608
leaf_count=1751 6425 8263 3338 748 1061 1864 608
internal_value=0 -3.91953e-05 4.72102e-05 -0.000237633 0.000173118 0.000324553 0
internal_weight=24058 18774 11601 7173 5284 3615 1669
internal_count=24058 18774 11601 7173 5284 3615 1669
is_linear=0
shrinkage=0.0473034


Tree=25
num_leaves=8
num_cat=0
split_feature=13 9 10 7 10 10 9
split_gain=0.0915563 0.0980994 0.155698 0.0737102 0.0716279 0.517166 0.0214288
threshold=1.0000000180025095e-35 49.442607879638679 61.500000000000007 0.024746680632233623 79.500000000000014 74.500000000000014 77.873954772949233
decision_type=2 2 2 2 2 2 2
left_child=4 3 -3 -2 5 -1 -6
right_child=1 2 -4 -5 6 -7 -8
leaf_value=0 -0.00018786404848075111 0 0.00048331546426687657 0.00021253231322870901 0.00037456517594574657 -0.0011071627883613574 0
leaf_weight=12057 2962 2868 3007 1337 631 1099 97
leaf_count=12057 2962 2868 3007 1337 631 1099 97
internal_value=0 0.000114991 0.000245482 0 -7.11758e-05 -0.000120182 0.00023611
internal_weight=24058 10174 5875 4299 13884 13156 728
internal_count=24058 10174 5875 4299 13884 13156 728
is_linear=0
shrinkage=0.0473034


Tree=26
num_leaves=8
num_cat=0
split_feature=10 10 10 8 10 10 0
split_gain=0.0755783 0.157184 0.15369 0.0918542 0.126111 0.0330682 0.0267896
threshold=48.500000000000007 60.500000000000007 74.500000000000014 0.017739874310791496 39.500000000000007 38.500000000000007 -0.018936502747237679
decision_type=2 2 2 2 2 2 2
left_child=3 6 -3 4 -1 -5 -2
right_child=1 2 -4 5 -6 -7 -8
leaf_value=0.00054398330147301186 -0.00036757872785324439 0.00017901824480115003 -0.00017237337447687033 -0.00032534162820291638 0 0 -1.1274507171816736e-05
leaf_weight=2132 3086 8263 3338 699 2042 411 4087
leaf_count=2132 3086 8263 3338 699 2042 411 4087
internal_value=0 -3.71588e-05 4.16195e-05 0.000164617 0.000289043 0 -0.000223261
internal_weight=24058 18774 11601 5284 4174 1110 7173
internal_count=24058 18774 11601 5284 4174 1110 7173
is_linear=0
shrinkage=0.0473034


Tree=27
num_leaves=7
num_cat=0
split_feature=13 5 5 3 15 3
split_gain=0.0866724 0.139008 0.106592 0.0846532 0.0261398 0.0129874
threshold=-0.60785761475563038 0.013290649279952051 0.020298596471548084 -0.0092852488160133344 14.300755977630617 -0.026131695136427876
decision_type=2 2 2 2 2 2
left_child=1 -1 5 -3 -4 -2
right_child=2 3 4 -5 -6 -7
leaf_value=0 7.9225114994466655e-05 -0.00078847039785789137 0 0 0.0004432804520316499 -7.2830254387798248e-06
leaf_weight=4397 4541 1008 201 1529 1856 10526
leaf_count=4397 4541 1008 201 1529 1856 10526
internal_value=0 -0.000134924 6.28809e-05 -0.000415157 0.000385828 0
internal_weight=24058 6934 17124 2537 2057 15067
internal_count=24058 6934 17124 2537 2057 15067
is_linear=0
shrinkage=0.0473034


Tree=28
num_leaves=7
num_cat=0
split_feature=3 6 9 8 15 2
split_gain=0.064486 0.0619887 0.0483361 0.0420631 0.0370522 0.025374
threshold=0.12760812789201739 -0.0018846052116714416 34.532400131225593 0.017222159542143348 16.883030891418461 -0.029747114516794678
decision_type=2 2 2 2 2 2
left_child=2 -2 5 -3 -4 -1
right_child=1 3 4 -5 -6 -7
leaf_value=0 0 0 -7.6255733413742478e-05 0.00057803803008306778 6.0667138025396878e-05 -0.00030316208484029375
leaf_weight=1379 732 389 6822 1104 11748 1884
leaf_count=1379 732 389 6822 1104 11748 1884
internal_value=0 0.000247292 -1.94085e-05 0.000428994 0 -0.000188856
internal_weight=24058 2225 21833 1493 18570 3263
internal_count=24058 2225 21833 1493 18570 3263
is_linear=0
shrinkage=0.0473034


Tree=29
num_leaves=8
num_cat=0
split_feature=13 1 5 10 9 10 10
split_gain=0.0794286 0.111027 0.0797368 0.0584534 0.0520015 0.0187084 0.017862
threshold=-1.0000000180025095e-35 -0.049167172983288758 0.012301296927034857 25.500000000000004 59.887922286987312 79.500000000000014 49.500000000000007
decision_type=2 2 2 2 2 2 2
left_child=1 3 6 -1 -4 -3 -2
right_child=2 5 4 -5 -6 -7 -8
leaf_value=0 0.00010316650694830443 -3.8933232602576165e-05 0.00031504227493997218 -0.00051955047559311819 0 0.00023604539247018639 -5.560869621164688e-05
leaf_weight=79 1991 8023 3841 1743 1776 533 6072
leaf_count=79 1991 8023 3841 1743 1776 533 6072
internal_value=0 -9.37833e-05 7.94958e-05 -0.000431792 0.000217152 0 0
internal_weight=24058 10378 13680 1822 5617 8556 8063
internal_count=24058 10378 13680 1822 5617 8556 8063
is_linear=0
shrinkage=0.0473034


Tree=30
num_leaves=8
num_cat=0
split_feature=13 8 10 8 10 10 10
split_gain=0.0730881 0.0751221 0.0751685 0.0659289 0.112783 0.0460484 0.0405222
threshold=1.0000000180025095e-35 0.018277920782566074 61.500000000000007 0.012671655509620907 79.500000000000014 49.500000000000007 70.500000000000014
decision_type=2 2 2 2 2 2 2
left_child=3 6 -3 5 -5 -1 -2
right_child=1 2 -4 4 -6 -7 -8
leaf_value=0.00021334179334368941 8.1095921345074502e-05 0 0.00053069387619398591 -0.0002827060202873242 8.2046687377540907e-05 -3.8761465231440493e-05 -0.00017699731913410049
leaf_weight=2082 6089 907 1562 5703 592 5507 1616
leaf_count=2082 6089 907 1562 5703 592 5507 1616
internal_value=0 0.00010093 0.000331747 -6.56845e-05 -0.000181523 0 0
internal_weight=24058 10174 2469 13884 6295 7589 7705
internal_count=24058 10174 2469 13884 6295 7589 7705
is_linear=0
shrinkage=0.0473034


Tree=31
num_leaves=8
num_cat=0
split_feature=10 10 10 9 8 10 10
split_gain=0.069508 0.138993 0.149314 0.0894313 0.0832869 0.119934 0.0295594
threshold=48.500000000000007 60.500000000000007 74.500000000000014 72.886547088623061 0.017640002071857456 39.500000000000007 38.500000000000007
decision_type=2 2 2 2 2 2 2
left_child=4 3 -3 -2 5 -1 -6
right_child=1 2 -4 -5 6 -7 -8
leaf_value=0.00052546657198657381 -0.00028534265144160423 0.00017142474591657722 -0.00017757908835122922 0 -0.00030413631107369094 0 0
leaf_weight=2116 6425 8263 3338 748 715 2038 415
leaf_count=2116 6425 8263 3338 748 715 2038 415
internal_value=0 -3.72033e-05 3.4713e-05 -0.000212208 0.000156578 0.000275769 0
internal_weight=24058 18774 11601 7173 5284 4154 1130
internal_count=24058 18774 11601 7173 5284 4154 1130
is_linear=0
shrinkage=0.0473034


Tree=32
num_leaves=8
num_cat=0
split_feature=13 5 5 6 2 1 9
split_gain=0.0701539 0.124479 0.0894489 0.0616069 0.0485396 0.0117123 0.00067481
threshold=-0.60785761475563038 0.013290649279952051 0.020298596471548084 0.0018209700938314202 0.091191273182630553 -0.013768061995506285 61.054353713989265
decision_type=2 2 2 2 2 2 2
left_child=1 6 5 -4 -3 -2 -1
right_child=2 4 3 -5 -6 -7 -8
leaf_value=0 6.4676737360755261e-05 -0.00047534772922659354 0.00055263010437787865 0 0 -1.3944589531800519e-05 3.2817065783038679e-05
leaf_weight=2995 5836 2163 1288 769 374 9231 1402
leaf_count=2995 5836 2163 1288 769 374 9231 1402
internal_value=0 -0.000121051 5.68635e-05 0.000352444 -0.000387086 0 0
internal_weight=24058 6934 17124 2057 2537 15067 4397
internal_count=24058 6934 17124 2057 2537 15067 4397
is_linear=0
shrinkage=0.0473034


Tree=33
num_leaves=8
num_cat=0
split_feature=10 10 10 9 8 10 10
split_gain=0.0620068 0.123095 0.137898 0.0837882 0.077539 0.148685 0.0144445
threshold=48.500000000000007 60.500000000000007 74.500000000000014 72.886547088623061 0.015507408417761328 39.500000000000007 38.500000000000007
decision_type=2 2 2 2 2 2 2
left_child=4 3 -3 -2 5 -1 -6
right_child=1 2 -4 -5 6 -7 -8
leaf_value=0.00059625497267614324 -0.00027159336232690235 0.00016404706163332454 -0.00017098894481024372 0 -0.00017453154337208863 0 0
leaf_weight=1751 6425 8263 3338 748 1061 1864 608
leaf_count=1751 6425 8263 3338 748 1061 1864 608
internal_value=0 -3.45509e-05 3.13543e-05 -0.000199834 0.000148379 0.000283152 0
internal_weight=24058 18774 11601 7173 5284 3615 1669
internal_count=24058 18774 11601 7173 5284 3615 1669
is_linear=0
shrinkage=0.0473034


Tree=34
num_leaves=8
num_cat=0
split_feature=13 5 10 5 10 9 10
split_gain=0.0639943 0.111983 0.169359 0.0830365 0.14002 0.0380596 0.0246667
threshold=-0.60785761475563038 0.013290649279952051 79.500000000000014 0.020298596471548084 74.500000000000014 60.78973579406739 38.500000000000007
decision_type=2 2 2 2 2 2 2
left_child=1 6 -3 4 -2 -5 -1
right_child=3 2 -4 5 -6 -7 -8
leaf_value=0.00034434945448897454 6.6926689196840103e-05 -0.00056532578099228884 0 0.00048155761198209328 -0.00038665511285025634 0 -6.5250532408632005e-06
leaf_weight=464 13372 2257 280 1390 1695 667 3933
leaf_count=464 13372 2257 280 1390 1695 667 3933
internal_value=0 -0.000115066 -0.000367358 5.47797e-05 0 0.000339566 0
internal_weight=24058 6934 2537 17124 15067 2057 4397
internal_count=24058 6934 2537 17124 15067 2057 4397
is_linear=0
shrinkage=0.0473034


Tree=35
num_leaves=7
num_cat=0
split_feature=3 10 10 6 10 10
split_gain=0.0558532 0.245723 0.182089 0.0589675 0.0582268 0.0468693
threshold=0.12760812789201739 74.500000000000014 78.500000000000014 -0.0018846052116714416 61.500000000000007 48.500000000000007
decision_type=2 2 2 2 2 2
left_child=1 5 -3 -2 -5 -1
right_child=3 2 -4 4 -6 -7
leaf_value=0.00014386530104996842 0 -0.00089993198583223906 0 0 0.00051627605896772608 -3.0246399327033772e-06
leaf_weight=5272 732 1184 923 63 1430 14454
leaf_count=5272 732 1184 923 63 1430 14454
internal_value=0 -1.6637e-05 -0.000511605 0.000231198 0.000409916 1.48906e-05
internal_weight=24058 21833 2107 2225 1493 19726
internal_count=24058 21833 2107 2225 1493 19726
is_linear=0
shrinkage=0.0473034


Tree=36
num_leaves=8
num_cat=0
split_feature=13 5 5 10 10 9 5
split_gain=0.060129 0.0899058 0.0679853 0.111381 0.0500911 0.0167386 0.0078807
threshold=1.0000000180025095e-35 0.013155177701264622 0.0093296449631452578 79.500000000000014 86.500000000000014 50.13581848144532 0.0051621855236589917
decision_type=2 2 2 2 2 2 2
left_child=2 5 6 -4 -3 -2 -1
right_child=1 4 3 -5 -6 -7 -8
leaf_value=0 -9.830298120512096e-05 0.00033269651038411702 -0.0002259544318035944 0.00018345785752173891 0 5.2179423976535103e-05 7.1236299078144839e-05
leaf_weight=1031 2877 3619 8301 675 133 3545 3877
leaf_count=1031 2877 3619 8301 675 133 3545 3877
internal_value=0 9.26445e-05 -5.83192e-05 -0.000148261 0.000277292 0 2.03903e-05
internal_weight=24058 10174 13884 8976 3752 6422 4908
internal_count=24058 10174 13884 8976 3752 6422 4908
is_linear=0
shrinkage=0.0473034


Tree=37
num_leaves=8
num_cat=0
split_feature=13 4 10 1 10 11 15
split_gain=0.0530747 0.106572 0.0855164 0.0772724 0.0269724 0.0167958 0.00651085
threshold=-0.60785761475563038 0.0048866111319512138 70.500000000000014 -0.036774588748812669 61.500000000000007 0.68793568015098583 17.911972999572757
decision_type=2 2 2 2 2 2 2
left_child=3 4 -3 5 -2 -1 -5
right_child=1 2 -4 6 -6 -7 -8
leaf_value=-0.00045953113427509972 -0.0001191441481146138 0.00027604023898883232 0 -6.9622726016062256e-05 0 0 3.1268410815350914e-05
leaf_weight=1350 4881 6103 2806 2430 3334 301 2853
leaf_count=1350 4881 6103 2806 2430 3334 301 2853
internal_value=0 5.07809e-05 0.000175272 -0.000103725 -3.29785e-05 -0.00038718 0
internal_weight=24058 17124 8909 6934 8215 1651 5283
internal_count=24058 17124 8909 6934 8215 1651 5283
is_linear=0
shrinkage=0.0473034


Tree=38
num_leaves=8
num_cat=0
split_feature=13 4 7 1 13 15 9
split_gain=0.0494963 0.0946319 0.0671661 0.0354034 0.0630843 0.0184649 0.0132224
threshold=1.0000000180025095e-35 0.0048099376726895579 0.021437253803014759 -0.036774588748812669 -1.0000000180025095e-35 17.760222434997562 70.331371307373061
decision_type=2 2 2 2 2 2 2
left_child=3 6 -3 4 -1 -5 -2
right_child=1 2 -4 5 -6 -7 -8
leaf_value=-0.0003224267080836817 -8.5928029673010246e-05 0 0.00041887685171405588 -8.0406973310014903e-05 0 4.4725200631277355e-05 0
leaf_weight=2487 4007 2735 2477 4545 887 5965 955
leaf_count=2487 4007 2735 2477 4545 887 5965 955
internal_value=0 8.44612e-05 0.000233564 -5.24362e-05 -0.000186529 0 0
internal_weight=24058 10174 5212 13884 3374 10510 4962
internal_count=24058 10174 5212 13884 3374 10510 4962
is_linear=0
shrinkage=0.0473034


Tree=39
num_leaves=7
num_cat=0
split_feature=10 10 9 5 4 7
split_gain=0.0524345 0.113777 0.122024 0.119417 0.0731929 0.0996603
threshold=48.500000000000007 53.500000000000007 63.040214538574226 0.0075323772616684445 0.0048099376726895579 0.026873034425079826
decision_type=2 2 2 2 2 2
left_child=4 2 -2 -3 -1 -6
right_child=1 3 -4 -5 5 -7
leaf_value=0 -0.00042883896339737551 0.0003396693285674582 0 -2.4555709049281126e-05 0.00052047583190127145 0
leaf_weight=2948 2967 2251 994 12562 1794 542
leaf_count=2948 2967 2251 994 12562 1794 542
internal_value=0 -3.10534e-05 -0.00026234 2.37161e-06 0.000137033 0.000335534
internal_weight=24058 18774 3961 14813 5284 2336
internal_count=24058 18774 3961 14813 5284 2336
is_linear=0
shrinkage=0.0473034


Tree=40
num_leaves=8
num_cat=0
split_feature=15 10 10 3 10 13 10
split_gain=0.0461854 0.148785 0.066243 0.0544018 0.0796863 0.0146656 0.00780428
threshold=17.760222434997562 74.500000000000014 89.000000000000014 0.1019180864095688 61.500000000000007 -1.0000000180025095e-35 63.500000000000007
decision_type=2 2 2 2 2 2 2
left_child=1 6 -3 5 -5 -2 -1
right_child=3 2 -4 4 -6 -7 -8
leaf_value=-2.6870731768064237e-05 -2.9262310467604081e-05 -0.00061811821302313371 0 0 0.00046944604081596616 6.262240767469657e-05 7.0354432956469217e-05
leaf_weight=5772 5143 1395 72 150 1595 7245 2686
leaf_count=5772 5143 1395 72 150 1595 7245 2686
internal_value=0 -7.22876e-05 -0.000512136 6.03544e-05 0.000315053 0 0
internal_weight=24058 9925 1467 14133 1745 12388 8458
internal_count=24058 9925 1467 14133 1745 12388 8458
is_linear=0
shrinkage=0.0473034


Tree=41
num_leaves=8
num_cat=0
split_feature=10 10 10 9 8 10 10
split_gain=0.0464042 0.101813 0.108684 0.0756789 0.0672444 0.0907511 0.026134
threshold=48.500000000000007 60.500000000000007 74.500000000000014 72.886547088623061 0.017739874310791496 39.500000000000007 38.500000000000007
decision_type=2 2 2 2 2 2 2
left_child=4 3 -3 -2 5 -1 -6
right_child=1 2 -4 -5 6 -7 -8
leaf_value=0.00045478531303185286 -0.00025092765565269573 0.00014852238400431752 -0.0001447274867924735 0 -0.00028922627483483508 0 0
leaf_weight=2132 6425 8263 3338 748 699 2042 411
leaf_count=2132 6425 8263 3338 748 699 2042 411
internal_value=0 -2.95503e-05 2.7853e-05 -0.000181083 0.000128639 0.00023874 0
internal_weight=24058 18774 11601 7173 5284 4174 1110
internal_count=24058 18774 11601 7173 5284 4174 1110
is_linear=0
shrinkage=0.0473034


Tree=42
num_leaves=7
num_cat=0
split_feature=3 6 9 15 4 2
split_gain=0.0434593 0.0590177 0.0366541 0.0370013 0.0326564 0.0227742
threshold=0.13691919296979907 -0.0018846052116714416 34.532400131225593 16.883030891418461 0.026036343537271026 -0.029747114516794678
decision_type=2 2 2 2 2 2
left_child=2 -2 5 -4 -3 -1
right_child=1 4 3 -5 -6 -7
leaf_value=0 0 0.00048697612987637313 -7.3877633283877958e-05 6.1798849669640358e-05 0 -0.00026947160110288006
leaf_weight=1390 667 1257 6870 11861 123 1890
leaf_count=1390 667 1257 6870 11861 123 1890
internal_value=0 0.000213118 -1.39269e-05 0 0.000403808 -0.000162193
internal_weight=24058 2047 22011 18731 1380 3280
internal_count=24058 2047 22011 18731 1380 3280
is_linear=0
shrinkage=0.0473034


Tree=43
num_leaves=8
num_cat=0
split_feature=13 9 5 3 15 3 5
split_gain=0.0447718 0.0736385 0.0603891 0.0456 0.0443528 0.0432336 0.00727975
threshold=1.0000000180025095e-35 49.442607879638679 0.0093296449631452578 1.0000000180025095e-35 16.883030891418461 0.1099631004035473 0.0051621855236589917
decision_type=2 2 2 2 2 2 2
left_child=2 3 6 -2 -3 -4 -1
right_child=1 4 5 -5 -6 -7 -8
leaf_value=0 2.2217143961362201e-05 0 -0.00018787291425068078 -0.00024714660808085965 0.00029041180144341659 0 6.9370929213460322e-05
leaf_weight=1031 2650 1974 7499 1649 3901 1477 3877
leaf_count=1031 2650 1974 7499 1649 3901 1477 3877
internal_value=0 7.99255e-05 -5.03439e-05 0 0.00019776 -0.000136787 2.19671e-05
internal_weight=24058 10174 13884 4299 5875 8976 4908
internal_count=24058 10174 13884 4299 5875 8976 4908
is_linear=0
shrinkage=0.0473034


Tree=44
num_leaves=8
num_cat=0
split_feature=13 5 4 3 9 9 9
split_gain=0.0416782 0.0921842 0.0891176 0.0651081 0.059253 0.0306289 0.000634437
threshold=-0.60785761475563038 0.013290649279952051 0.0048866111319512138 -0.0092852488160133344 67.960651397705092 70.331371307373061 61.054353713989265
decision_type=2 2 2 2 2 2 2
left_child=1 6 5 -3 -4 -2 -1
right_child=2 3 4 -5 -6 -7 -8
leaf_value=0 -0.00010534702935013061 -0.00063827245024169978 0.00021910982904045208 0 0 2.9535459854067129e-05 3.1820203092714531e-05
leaf_weight=2995 6648 1008 7497 1529 1412 1567 1402
leaf_count=2995 6648 1008 7497 1529 1412 1567 1402
internal_value=0 -9.20214e-05 4.49132e-05 -0.000323183 0.000159744 -2.83691e-05 0
internal_weight=24058 6934 17124 2537 8909 8215 4397
internal_count=24058 6934 17124 2537 8909 8215 4397
is_linear=0
shrinkage=0.0473034


Tree=45
num_leaves=8
num_cat=0
split_feature=10 10 5 7 7 5 13
split_gain=0.0446504 0.121791 0.106572 0.0908462 0.0694979 0.0641565 0.0181578
threshold=49.500000000000007 53.500000000000007 0.0075323772616684445 0.023005063645541671 0.030279904603958133 0.0060201985761523255 1.0000000180025095e-35
decision_type=2 2 2 2 2 2 2
left_child=3 4 -3 5 -2 -1 -5
right_child=1 2 -4 6 -6 -7 -8
leaf_value=0 -0.0003848409566053132 0.00031965653539156542 -2.5939439297565311e-05 -0.0001944956370510877 0 0.00036342613286468499 0
leaf_weight=852 3017 2251 12562 1074 259 3240 803
leaf_count=852 3017 2251 12562 1074 259 3240 803
internal_value=0 -3.22416e-05 0 0.000116567 -0.000298204 0.000263623 0
internal_weight=24058 18089 14813 5969 3276 4092 1877
internal_count=24058 18089 14813 5969 3276 4092 1877
is_linear=0
shrinkage=0.0473034


Tree=46
num_leaves=8
num_cat=0
split_feature=10 10 7 13 9 4 13
split_gain=0.0390203 0.108577 0.0826772 0.0821979 0.0724348 0.0389206 0.0164807
threshold=49.500000000000007 53.500000000000007 0.023005063645541671 0.6078576147556306 75.907180786132827 0.0048866111319512138 1.0000000180025095e-35
decision_type=2 2 2 2 2 2 2
left_child=2 4 5 -3 -2 -1 -4
right_child=1 3 6 -5 -6 -7 -8
leaf_value=0 -0.00037492346244359908 -4.3396708518101417e-05 -0.0001852958674104345 0.00019667800973096681 0 0.00045121404044962137 0
leaf_weight=2408 2999 10573 1074 4240 277 1684 803
leaf_count=2408 2999 10573 1074 4240 277 1684 803
internal_value=0 -3.02349e-05 0.000108891 0 -0.000281439 0.000250011 0
internal_weight=24058 18089 5969 14813 3276 4092 1877
internal_count=24058 18089 5969 14813 3276 4092 1877
is_linear=0
shrinkage=0.0473034


Tree=47
num_leaves=8
num_cat=0
split_feature=10 3 10 10 13 10 10
split_gain=0.0389113 0.356475 0.0651971 0.112144 0.102202 0.054831 0.030893
threshold=74.500000000000014 0.028421870432794098 61.500000000000007 49.500000000000007 -1.0000000180025095e-35 81.500000000000014 76.500000000000014
decision_type=2 2 2 2 2 2 2
left_child=2 5 3 -1 -4 -2 -3
right_child=1 6 4 -5 -6 -7 -8
leaf_value=0.00010444625003685558 -0.0010949130481021977 0 0 -0.00016278942253554989 0.00029968997920271946 0 0.00019408725832850679
leaf_weight=5969 826 607 3357 7042 4352 70 1835
leaf_count=5969 826 607 3357 7042 4352 70 1835
internal_value=0 -0.000144778 2.87282e-05 -7.83266e-06 0.000145047 -0.000984002 0
internal_weight=24058 3338 20720 13011 7709 896 2442
internal_count=24058 3338 20720 13011 7709 896 2442
is_linear=0
shrinkage=0.0473034


Tree=48
num_leaves=8
num_cat=0
split_feature=15 10 4 9 2 10 10
split_gain=0.0382044 0.1255 0.112245 0.0623566 0.0262075 0.0180255 0.00401139
threshold=17.760222434997562 74.500000000000014 0.015569808892905714 48.626508712768562 -0.021805663593113419 60.500000000000007 63.500000000000007
decision_type=2 2 2 2 2 2 2
left_child=1 6 -3 4 -2 -5 -1
right_child=3 2 -4 5 -6 -7 -8
leaf_value=-1.8802126078161837e-05 0 -0.00075085140075108149 0 0 -0.00013651489787070461 0.00022720196824299791 5.0813383289473297e-05
leaf_weight=5772 2779 1022 445 3918 3156 4280 2686
leaf_count=5772 2779 1022 445 3918 3156 4280 2686
internal_value=0 -6.67605e-05 -0.000470711 5.40256e-05 -5.43276e-06 0.000148426 0
internal_weight=24058 9925 1467 14133 5935 8198 8458
internal_count=24058 9925 1467 14133 5935 8198 8458
is_linear=0
shrinkage=0.0473034


Tree=49
num_leaves=8
num_cat=0
split_feature=13 5 4 0 9 9 9
split_gain=0.034572 0.0834344 0.0772082 0.0593414 0.0574091 0.0282935 0.000582459
threshold=-0.60785761475563038 0.013290649279952051 0.0048099376726895579 0.43613256514072424 67.960651397705092 70.331371307373061 61.054353713989265
decision_type=2 2 2 2 2 2 2
left_child=1 6 5 -3 -4 -2 -1
right_child=2 3 4 -5 -6 -7 -8
leaf_value=0 -0.00010172154759782453 -0.00045143654708565899 0.00020680368780789157 0 0 2.3213599959659745e-05 3.048889307694285e-05
leaf_weight=2995 6569 1809 7573 728 1433 1549 1402
leaf_count=2995 6569 1809 7573 728 1433 1549 1402
internal_value=0 -8.42348e-05 4.05507e-05 -0.000304925 0.000147306 -2.6021e-05 0
internal_weight=24058 6934 17124 2537 9006 8118 4397
internal_count=24058 6934 17124 2537 9006 8118 4397
is_linear=0
shrinkage=0.0473034


Tree=50
num_leaves=7
num_cat=0
split_feature=3 10 3 6 10 9
split_gain=0.0349058 0.176821 0.167697 0.052577 0.0500967 0.0463054
threshold=0.13691919296979907 74.500000000000014 0.028421870432794098 -0.0018846052116714416 62.500000000000007 34.532400131225593
decision_type=2 2 2 2 2 2
left_child=1 5 -3 -2 -5 -1
right_child=3 2 -4 4 -6 -7
leaf_value=-0.00012003584817867885 0 -0.0009282719433775867 0 0 0.00047941981287604412 6.0688103759278864e-05
leaf_weight=3089 667 896 1293 57 1323 16733
leaf_count=3089 667 896 1293 57 1323 16733
internal_value=0 -1.3057e-05 -0.000425798 0.000190583 0.000372994 1.12846e-05
internal_weight=24058 22011 2189 2047 1380 19822
internal_count=24058 22011 2189 2047 1380 19822
is_linear=0
shrinkage=0.0473034


Tree=51
num_leaves=7
num_cat=0
split_feature=10 3 10 4 8 0
split_gain=0.0332405 0.0727168 0.128894 0.0533095 0.0769063 0.0478649
threshold=48.500000000000007 0.12760812789201739 74.500000000000014 0.0048099376726895579 0.018277920782566074 -0.31059381365776056
decision_type=2 2 2 2 2 2
left_child=3 2 -2 -1 -5 -3
right_child=1 5 -4 4 -6 -7
leaf_value=0 0 0 -0.00043127560994271765 0.00043470780556214395 0 0.00036073124403746318
leaf_weight=2948 14454 837 2107 1868 468 1376
leaf_count=2948 14454 837 2107 1868 468 1376
internal_value=0 -2.60527e-05 -7.90526e-05 0.000108003 0.000278294 0.000180322
internal_weight=24058 18774 16561 5284 2336 2213
internal_count=24058 18774 16561 5284 2336 2213
is_linear=0
shrinkage=0.0473034


Tree=52
num_leaves=8
num_cat=0
split_feature=13 5 5 10 10 9 5
split_gain=0.0313181 0.0707652 0.0499079 0.0928628 0.0434735 0.0191968 0.00564244
threshold=1.0000000180025095e-35 0.01378073636442423 0.0093296449631452578 79.500000000000014 86.500000000000014 49.76539611816407 0.0051621855236589917
decision_type=2 2 2 2 2 2 2
left_child=2 5 6 -4 -3 -2 -1
right_child=1 4 3 -5 -6 -7 -8
leaf_value=0 -0.00010976922960438177 0.00030477202600954551 -0.00019789229541960772 0.00016926719036087733 0 4.3574041709328821e-05 6.0073496397773153e-05
leaf_weight=1031 2956 3223 8301 675 131 3864 3877
leaf_count=1031 2956 3223 8301 675 131 3864 3877
internal_value=0 6.55794e-05 -4.35418e-05 -0.000123376 0.00024547 0 1.66831e-05
internal_weight=24058 10174 13884 8976 3354 6820 4908
internal_count=24058 10174 13884 8976 3354 6820 4908
is_linear=0
shrinkage=0.0473034


Tree=53
num_leaves=8
num_cat=0
split_feature=10 9 7 8 10 8 10
split_gain=0.0295863 0.0753337 0.0580068 0.0499426 0.113061 0.0260406 0.0131625
threshold=48.500000000000007 50.13581848144532 0.027730744332075122 0.015507408417761328 39.500000000000007 0.014974480029195549 38.500000000000007
decision_type=2 2 2 2 2 2 2
left_child=3 2 -2 4 -1 -3 -5
right_child=1 5 -4 6 -6 -7 -8
leaf_value=0.00048969808217682773 -0.00021458043841328088 0 0 -0.00016660626021123046 0 0.00013461288883256174 0
leaf_weight=1751 6524 6842 1696 1061 1864 3712 608
leaf_count=1751 6524 6842 1696 1061 1864 3712 608
internal_value=0 -2.4239e-05 -0.000144064 0.000102183 0.000214883 2.91956e-05 0
internal_weight=24058 18774 8220 5284 3615 10554 1669
internal_count=24058 18774 8220 5284 3615 10554 1669
is_linear=0
shrinkage=0.0473034


Tree=54
num_leaves=8
num_cat=0
split_feature=15 3 5 4 13 13 3
split_gain=0.0348756 0.054188 0.0668192 0.03899 0.0435675 0.0125404 0.00413549
threshold=17.760222434997562 -0.026131695136427876 0.0075323772616684445 0.0048099376726895579 -0.60785761475563038 -0.60785761475563038 0.028421870432794098
decision_type=2 2 2 2 2 2 2
left_child=1 5 -3 6 -5 -1 -2
right_child=3 2 -4 4 -6 -7 -8
leaf_value=0 -4.3495645799081755e-05 0 -0.00024452532817866571 0 0.0002082766868175366 0.00012138335224417569 4.1268417421196323e-07
leaf_weight=897 4891 1913 5203 1964 5125 1912 2153
leaf_count=897 4891 1913 5203 1964 5125 1912 2153
internal_value=0 -6.38392e-05 -0.000150691 5.15719e-05 0.0001327 6.30113e-06 0
internal_weight=24058 9925 7116 14133 7089 2809 7044
internal_count=24058 9925 7116 14133 7089 2809 7044
is_linear=0
shrinkage=0.0473034


Tree=55
num_leaves=8
num_cat=0
split_feature=15 10 10 9 3 5 10
split_gain=0.0303633 0.0991349 0.0535711 0.0504969 0.0314535 0.00967621 0.00463025
threshold=17.760222434997562 74.500000000000014 89.000000000000014 29.081070899963382 -0.018329198472201821 0.024090486578643325 63.500000000000007
decision_type=2 2 2 2 2 2 2
left_child=1 6 -3 5 -5 -2 -1
right_child=3 2 -4 4 -6 -7 -8
leaf_value=-2.0367833584004987e-05 -0.00017942599859282983 -0.00051922927131011723 0 0 0.00015235734353752118 0 5.445863807882029e-05
leaf_weight=5772 1284 1395 72 4279 8496 74 2686
leaf_count=5772 1284 1395 72 4279 8496 74 2686
internal_value=0 -5.88816e-05 -0.000417923 4.87083e-05 9.96415e-05 -0.000120401 0
internal_weight=24058 9925 1467 14133 12775 1358 8458
internal_count=24058 9925 1467 14133 12775 1358 8458
is_linear=0
shrinkage=0.0473034


Tree=56
num_leaves=8
num_cat=0
split_feature=15 10 4 9 2 10 10
split_gain=0.0265691 0.0883767 0.0968032 0.0465457 0.0230786 0.0180278 0.00420256
threshold=17.760222434997562 74.500000000000014 0.015569808892905714 48.626508712768562 -0.021805663593113419 60.500000000000007 63.500000000000007
decision_type=2 2 2 2 2 2 2
left_child=1 6 -3 4 -2 -5 -1
right_child=3 2 -4 5 -6 -7 -8
leaf_value=-1.9404375491168153e-05 0 -0.00065984827271841739 0 0 -0.00012791602914790688 0.00020121979760612553 5.1882614409613134e-05
leaf_weight=5772 2779 1022 445 3918 3156 4280 2686
leaf_count=5772 2779 1022 445 3918 3156 4280 2686
internal_value=0 -5.55663e-05 -0.000394568 4.51469e-05 0 0.000127351 0
internal_weight=24058 9925 1467 14133 5935 8198 8458
internal_count=24058 9925 1467 14133 5935 8198 8458
is_linear=0
shrinkage=0.0473034


Tree=57
num_leaves=8
num_cat=0
split_feature=13 5 10 5 10 9 10
split_gain=0.027024 0.0739408 0.129326 0.0647507 0.0711986 0.0399178 0.0137251
threshold=-0.60785761475563038 0.013290649279952051 79.500000000000014 0.020298596471548084 74.500000000000014 60.78973579406739 38.500000000000007
decision_type=2 2 2 2 2 2 2
left_child=1 6 -3 4 -2 -5 -1
right_child=3 2 -4 5 -6 -7 -8
leaf_value=0.00025725355546276615 3.8385008358029261e-05 -0.00046754378291756114 0 0.00042924577652972114 -0.00028699173220207334 0 0
leaf_weight=464 13372 2257 280 1390 1695 667 3933
leaf_count=464 13372 2257 280 1390 1695 667 3933
internal_value=0 -7.45672e-05 -0.000283567 3.57732e-05 0 0.000284758 0
internal_weight=24058 6934 2537 17124 15067 2057 4397
internal_count=24058 6934 2537 17124 15067 2057 4397
is_linear=0
shrinkage=0.0473034


Tree=58
num_leaves=7
num_cat=0
split_feature=3 10 1 1 3 10
split_gain=0.0260086 0.129677 0.209585 0.0489055 0.0471643 0.0729442
threshold=0.13691919296979907 74.500000000000014 0.031066861934959892 0.032593639567494399 0.20991271734237674 61.500000000000007
decision_type=2 2 2 2 2 2
left_child=1 3 -3 -1 5 -2
right_child=4 2 -4 -5 -6 -7
leaf_value=7.0477844333707263e-05 0 -0.00081702650855053262 0 -8.5131267547991054e-05 0 0.00054544001599543361
leaf_weight=14513 66 1139 1050 5309 890 1091
leaf_count=14513 66 1139 1050 5309 890 1091
internal_value=0 -1.03488e-05 -0.000364846 7.56057e-06 0.000165161 0.000373457
internal_weight=24058 22011 2189 19822 2047 1157
internal_count=24058 22011 2189 19822 2047 1157
is_linear=0
shrinkage=0.0473034


Tree=59
num_leaves=8
num_cat=0
split_feature=13 5 10 10 10 9 9
split_gain=0.0240122 0.0594938 0.04287 0.30835 0.0386463 0.0176438 0.00917621
threshold=1.0000000180025095e-35 0.013155177701264622 79.500000000000014 74.500000000000014 86.500000000000014 77.873954772949233 50.13581848144532
decision_type=2 2 2 2 2 2 2
left_child=2 6 3 -1 -3 -4 -2
right_child=1 4 5 -5 -6 -7 -8
leaf_value=0 -8.3269674259876168e-05 0.000265525397307628 0.00032650301751200586 -0.00084041897189591607 0 0 1.283188098195544e-05
leaf_weight=12057 2877 3619 631 1099 133 97 3545
leaf_count=12057 2877 3619 631 1099 133 97 3545
internal_value=0 5.91181e-05 -3.6178e-05 -8.09943e-05 0.000212031 0.000195385 0
internal_weight=24058 10174 13884 13156 3752 728 6422
internal_count=24058 10174 13884 13156 3752 728 6422
is_linear=0
shrinkage=0.0473034


Tree=60
num_leaves=8
num_cat=0
split_feature=15 3 5 4 13 13 3
split_gain=0.0227675 0.0429865 0.0566493 0.033492 0.036608 0.010806 0.00447146
threshold=17.760222434997562 -0.026131695136427876 0.0075323772616684445 0.0048099376726895579 -0.60785761475563038 -0.60785761475563038 0.028421870432794098
decision_type=2 2 2 2 2 2 2
left_child=1 5 -3 6 -5 -1 -2
right_child=3 2 -4 4 -6 -7 -8
leaf_value=0 -4.5228859773675582e-05 0 -0.00021850633811831613 0 0.00018860765281569465 0.00011248837155983601 0
leaf_weight=897 4891 1913 5203 1964 5125 1912 2153
leaf_count=897 4891 1913 5203 1964 5125 1912 2153
internal_value=0 -5.06766e-05 -0.000130754 4.24403e-05 0.000119006 2.3037e-06 0
internal_weight=24058 9925 7116 14133 7089 2809 7044
internal_count=24058 9925 7116 14133 7089 2809 7044
is_linear=0
shrinkage=0.0473034


Tree=61
num_leaves=7
num_cat=0
split_feature=10 10 9 5 1 5
split_gain=0.022304 0.0727547 0.0963909 0.09373 0.0314426 0.0320628
threshold=48.500000000000007 53.500000000000007 63.040214538574226 0.0075323772616684445 0.012182579375803472 0.0060201985761523255
decision_type=2 2 2 2 2 2
left_child=4 2 -2 -3 5 -1
right_child=1 3 -4 -5 -6 -7
leaf_value=0 -0.00036054300950353588 0.00030222482474669398 0 -1.8243767465574363e-05 0 0.00022420490421232528
leaf_weight=698 2967 2251 994 12562 911 3675
leaf_count=698 2967 2251 994 12562 911 3675
internal_value=0 -1.96796e-05 -0.00020717 2.03414e-06 8.98273e-05 0.000160743
internal_weight=24058 18774 3961 14813 5284 4373
internal_count=24058 18774 3961 14813 5284 4373
is_linear=0
shrinkage=0.0473034


Tree=62
num_leaves=7
num_cat=0
split_feature=3 6 4 9 15 5
split_gain=0.0226353 0.0428197 0.0280674 0.0211856 0.0229522 0.0145819
threshold=0.13691919296979907 -0.0018846052116714416 0.026036343537271026 34.532400131225593 14.684396743774416 0.022239664569497112
decision_type=2 2 2 2 2 2
left_child=3 -2 -3 5 -5 -1
right_child=1 2 -4 4 -6 -7
leaf_value=-0.00016346585534986904 0 0.00040587156492307997 0 -8.9126810423537347e-05 3.6552933479551061e-05 0
leaf_weight=3077 667 1257 123 3985 14746 203
leaf_count=3077 667 1257 123 3985 14746 203
internal_value=0 0.000153861 0.000323329 -9.97175e-06 0 -0.000122963
internal_weight=24058 2047 1380 22011 18731 3280
internal_count=24058 2047 1380 22011 18731 3280
is_linear=0
shrinkage=0.0473034


Tree=63
num_leaves=8
num_cat=0
split_feature=10 10 8 10 9 10 10
split_gain=0.0199786 0.0824568 0.0649123 0.0789736 0.0622848 0.0285367 0.0147245
threshold=49.500000000000007 53.500000000000007 0.015507408417761328 39.500000000000007 75.907180786132827 74.500000000000014 38.500000000000007
decision_type=2 2 2 2 2 2 2
left_child=2 4 3 -1 -2 -3 -4
right_child=1 5 6 -5 -6 -7 -8
leaf_value=0.00045255292451351782 -0.00033267611551582874 5.9933024339122735e-05 -0.00017621488805117538 0 0 -8.234816546209901e-05 0
leaf_weight=1751 2999 11475 1061 2398 277 3338 759
leaf_count=1751 2999 11475 1061 2398 277 3338 759
internal_value=0 -2.10832e-05 7.83728e-05 0.00020939 -0.000242433 0 0
internal_weight=24058 18089 5969 4149 3276 14813 1820
internal_count=24058 18089 5969 4149 3276 14813 1820
is_linear=0
shrinkage=0.0473034


Tree=64
num_leaves=8
num_cat=0
split_feature=13 5 10 5 6 10 10
split_gain=0.0217235 0.0642769 0.118633 0.0556137 0.0645557 0.0532529 0.00991161
threshold=-0.60785761475563038 0.013290649279952051 79.500000000000014 0.020298596471548084 0.0018209700938314202 74.500000000000014 38.500000000000007
decision_type=2 2 2 2 2 2 2
left_child=1 6 -3 5 -5 -2 -1
right_child=3 2 -4 4 -6 -7 -8
leaf_value=0.00021861305702111495 3.2228739217085781e-05 -0.00044166605492817248 0 0.00047162206134249602 0 -0.00024920643281593102 0
leaf_weight=464 13372 2257 280 1288 769 1695 3933
leaf_count=464 13372 2257 280 1288 769 1695 3933
internal_value=0 -6.68645e-05 -0.000262507 3.20662e-05 0.000262783 0 0
internal_weight=24058 6934 2537 17124 2057 15067 4397
internal_count=24058 6934 2537 17124 2057 15067 4397
is_linear=0
shrinkage=0.0473034


Tree=65
num_leaves=8
num_cat=0
split_feature=13 5 15 10 10 0 9
split_gain=0.0192844 0.0513764 0.0442766 0.0382406 0.270665 0.0188662 0.0162569
threshold=1.0000000180025095e-35 0.015176217071712019 17.854054450988773 79.500000000000014 74.500000000000014 -0.95932713150978077 50.13581848144532
decision_type=2 2 2 2 2 2 2
left_child=3 6 -3 4 -1 -5 -2
right_child=1 2 -4 5 -6 -7 -8
leaf_value=0 -8.4517097391963178e-05 0 0.0003838581855971725 0 -0.00078732531491297153 0.0003224457607895173 5.3457060711499752e-05
leaf_weight=12057 3427 935 1649 90 1099 638 4163
leaf_count=12057 3427 935 1649 90 1099 638 4163
internal_value=0 5.3343e-05 0.000235991 -3.19817e-05 -7.58269e-05 0.000182033 0
internal_weight=24058 10174 2584 13884 13156 728 7590
internal_count=24058 10174 2584 13884 13156 728 7590
is_linear=0
shrinkage=0.0473034


Tree=66
num_leaves=7
num_cat=0
split_feature=3 3 8 8 2 3
split_gain=0.0197982 0.0369073 0.0515111 0.0223412 0.0406291 0.0107888
threshold=0.12760812789201739 0.20991271734237674 0.017222159542143348 0.012671655509620907 -0.019472655840218064 -0.029213280417025086
decision_type=2 2 2 2 2 2
left_child=3 2 -2 5 -5 -1
right_child=1 -3 -4 4 -6 -7
leaf_value=8.9911155331537143e-05 0 0 0.00050714838819087757 0 -0.00014791155188497744 0
leaf_weight=3077 401 890 934 3580 6494 8682
leaf_count=3077 401 890 934 3580 6494 8682
internal_value=0 0.000138033 0.000305961 -9.34467e-06 -7.12654e-05 7.89973e-06
internal_weight=24058 2225 1335 21833 10074 11759
internal_count=24058 2225 1335 21833 10074 11759
is_linear=0
shrinkage=0.0473034


Tree=67
num_leaves=8
num_cat=0
split_feature=15 9 3 5 3 13 5
split_gain=0.0178576 0.0398414 0.0360104 0.0503082 0.0283712 0.00894439 0.00813585
threshold=17.760222434997562 29.081070899963382 -0.026131695136427876 0.0075323772616684445 -0.018329198472201821 -0.60785761475563038 0.024090486578643325
decision_type=2 2 2 2 2 2 2
left_child=2 6 5 -4 -3 -1 -2
right_child=1 4 3 -5 -6 -7 -8
leaf_value=0 -0.00015928854537133565 0 0 -0.00020186515621113359 0.00013694795815699526 0.0001023097415376661 0
leaf_weight=897 1284 4279 1913 5203 8496 1912 74
leaf_count=897 1284 4279 1913 5203 8496 1912 74
internal_value=0 3.86237e-05 -4.36087e-05 -0.000118219 8.66228e-05 0 -0.000102885
internal_weight=24058 14133 9925 7116 12775 2809 1358
internal_count=24058 14133 9925 7116 12775 2809 1358
is_linear=0
shrinkage=0.0473034


end of trees

feature_importances:
Column_10=160
Column_5=51
Column_9=49
Column_13=44
Column_3=32
Column_8=29
Column_4=23
Column_15=18
Column_7=15
Column_2=10
Column_6=10
Column_1=8
Column_0=7
Column_12=4
Column_11=2

parameters:
[boosting: gbdt]
[objective: regression]
[metric: l2]
[tree_learner: serial]
[device_type: cpu]
[data_sample_strategy: bagging]
[data: ]
[valid: ]
[num_iterations: 68]
[learning_rate: 0.0473034]
[num_leaves: 31]
[num_threads: 1]
[seed: 42]
[deterministic: 0]
[force_col_wise: 0]
[force_row_wise: 0]
[histogram_pool_size: -1]
[max_depth: 3]
[min_data_in_leaf: 55]
[min_sum_hessian_in_leaf: 0.001]
[bagging_fraction: 0.804509]
[pos_bagging_fraction: 1]
[neg_bagging_fraction: 1]
[bagging_freq: 0]
[bagging_seed: 400]
[bagging_by_query: 0]
[feature_fraction: 0.710559]
[feature_fraction_bynode: 1]
[feature_fraction_seed: 30056]
[extra_trees: 0]
[extra_seed: 12879]
[early_stopping_round: 0]
[early_stopping_min_delta: 0]
[first_metric_only: 0]
[max_delta_step: 0]
[lambda_l1: 8.90033]
[lambda_l2: 0.0632151]
[linear_lambda: 0]
[min_gain_to_split: 0]
[drop_rate: 0.1]
[max_drop: 50]
[skip_drop: 0.5]
[xgboost_dart_mode: 0]
[uniform_drop: 0]
[drop_seed: 17869]
[top_rate: 0.2]
[other_rate: 0.1]
[min_data_per_group: 100]
[max_cat_threshold: 32]
[cat_l2: 10]
[cat_smooth: 10]
[max_cat_to_onehot: 4]
[top_k: 20]
[monotone_constraints: ]
[monotone_constraints_method: basic]
[monotone_penalty: 0]
[feature_contri: ]
[forcedsplits_filename: ]
[refit_decay_rate: 0.9]
[cegb_tradeoff: 1]
[cegb_penalty_split: 0]
[cegb_penalty_feature_lazy: ]
[cegb_penalty_feature_coupled: ]
[path_smooth: 0]
[interaction_constraints: ]
[verbosity: -1]
[saved_feature_importance_type: 0]
[use_quantized_grad: 0]
[num_grad_quant_bins: 4]
[quant_train_renew_leaf: 0]
[stochastic_rounding: 1]
[linear_tree: 0]
[max_bin: 255]
[max_bin_by_feature: ]
[min_data_in_bin: 3]
[bin_construct_sample_cnt: 200000]
[data_random_seed: 175]
[is_enable_sparse: 1]
[enable_bundle: 1]
[use_missing: 1]
[zero_as_missing: 0]
[feature_pre_filter: 1]
[pre_partition: 0]
[two_round: 0]
[header: 0]
[label_column: ]
[weight_column: ]
[group_column: ]
[ignore_column: ]
[categorical_feature: ]
[forcedbins_filename: ]
[precise_float_parser: 0]
[parser_config_file: ]
[objective_seed: 16083]
[num_class: 1]
[is_unbalance: 0]
[scale_pos_weight: 1]
[sigmoid: 1]
[boost_from_average: 1]
[reg_sqrt: 0]
[alpha: 0.9]
[fair_c: 1]
[poisson_max_delta_step: 0.7]
[tweedie_variance_power: 1.5]
[lambdarank_truncation_level: 30]
[lambdarank_norm: 1]
[label_gain: ]
[lambdarank_position_bias_regularization: 0]
[eval_at: ]
[multi_error_top_k: 1]
[auc_mu_weights: ]
[num_machines: 1]
[local_listen_port: 12400]
[time_out: 120]
[machine_list_filename: ]
[machines: ]
[gpu_platform_id: -1]
[gpu_device_id: -1]
[gpu_use_dp: 0]
[num_gpu: 1]

end of parameters

pandas_categorical:null
