tree
version=v4
num_class=1
num_tree_per_iteration=1
label_index=0
max_feature_idx=16
objective=regression
feature_names=Column_0 Column_1 Column_2 Column_3 Column_4 Column_5 Column_6 Column_7 Column_8 Column_9 Column_10 Column_11 Column_12 Column_13 Column_14 Column_15 Column_16
feature_infos=[0.075104303658008575:14.316814422607422] [-1:1] [-0.047696731984615326:0.076497972011566162] [-0.27433878183364868:0.48722726106643677] [-0.05284891277551651:0.076497972011566162] [-0.018080290406942368:0.016626438125967979] [-0.029337029904127121:0.017610961571335793] [5:94] [0:27.9998779296875] [0:100] [-0.97492790222167969:0.97492790222167969] [5:94] [0.00056115532061085105:0.089222215116024017] [-0.90096884965896606:1] [5:94] [-0.2394038587808609:0.11066388338804245] [0:0.10632792115211487]
tree_sizes=971 877 1359 975 1002 1004 978 894 1009 1543 970 987 976 975 996 988 979 1005 1701 1010 998 987 988 1011 1006 1015 1011 1012 1462 1014 1666 890 1343 1359 1458 1002 888 1001 1655 1558 918 1549 1384 1264 1559 1657 1665 1566 1545 1270 1380 1282 1381 1180 1268 1559 1365 1560 1356 1554

Tree=0
num_leaves=9
num_cat=0
split_feature=14 3 12 7 14 7 12 1
split_gain=0.968319 0.268873 0.361842 0.161146 0.153835 0.344884 0.130381 0.0124139
threshold=93.500000000000014 0.20650101453065875 0.020300490781664852 81.500000000000014 14.500000000000002 20.500000000000004 0.013653927948325874 -0.25000000000000006
decision_type=2 2 2 2 2 2 2 2
left_child=1 4 3 -3 6 -6 -1 -4
right_child=-2 2 7 -5 5 -7 -8 -9
leaf_value=-0.00032914572568071195 0.0070387263924779802 0.0021424212158312971 -0.0017075008947517716 0.006357332674913038 0.00054158077168000663 -0.00011202801797382496 -0.0013784829752594237 -0.00027993775656820637
leaf_weight=2834 50 55 32 42 2251 35993 349 32
leaf_count=2834 50 55 32 42 2251 35993 349 32
internal_value=-8.53489e-05 -9.39152e-05 0.00199541 0.00396797 -0.000102036 -7.35577e-05 -0.000444209 -0.000994099
internal_weight=41638 41588 161 97 41427 38244 3183 64
internal_count=41638 41588 161 97 41427 38244 3183 64
is_linear=0
shrinkage=1


Tree=1
num_leaves=8
num_cat=0
split_feature=14 3 8 16 7 16 9
split_gain=0.871666 0.242034 0.318302 0.141888 0.234359 0.103292 0.0880762
threshold=93.500000000000014 0.20650101453065875 16.363808631896976 0.035251228138804443 75.500000000000014 0.037669716402888305 54.251266479492195
decision_type=2 2 2 2 2 2 2
left_child=1 3 -3 4 -1 -4 -5
right_child=-2 2 5 6 -6 -7 -8
leaf_value=1.0020251245837744e-05 0.0067591854008222634 0.0066380022035577302 0.0021575569452151324 0.0014932043245222981 -0.00045051553328901052 -0.0007469733447836418 -9.7180420107873688e-05
leaf_weight=37884 50 31 72 263 3140 58 140
leaf_count=37884 50 31 72 263 3140 58 140
internal_value=0 -8.12747e-06 0.00197418 -1.58322e-05 -2.52291e-05 0.000861585 0.000940678
internal_weight=41638 41588 161 41427 41024 130 403
internal_count=41638 41588 161 41427 41024 130 403
is_linear=0
shrinkage=0.0512268


Tree=2
num_leaves=13
num_cat=0
split_feature=3 13 12 9 16 3 3 5 13 13 12 5
split_gain=0.247128 0.409761 0.194888 0.132766 0.138348 0.152817 0.0797969 0.136805 0.073081 0.0657717 0.0479118 0.0673402
threshold=0.20650101453065875 -0.56174489110708226 0.018074534833431247 44.06212234497071 0.035251228138804443 0.018117665313184265 -0.071465495973825441 0.0029741368489339952 0.81174489855766307 1.0000000180025095e-35 0.021574818529188636 -0.00028997346817050124
decision_type=2 2 2 2 2 2 2 2 2 2 2 2
left_child=3 2 -2 4 8 -6 7 -5 -1 -8 11 -3
right_child=1 10 -4 6 5 -7 9 -9 -10 -11 -12 -13
leaf_value=-0.00011471735868460565 0.0075363908307484193 0.0023325928289669989 0.0020287079586663913 0.00012669452567350608 -0.00045915434833748421 0.002765945143259731 0.00010535324856768078 0.0011834689734380361 -0.00048174037255338504 -5.6487851226491553e-05 -0.0018350728746661239 -0.00099180548795913871
leaf_weight=11346 37 31 31 1265 68 89 14714 431 1628 11934 31 33
leaf_count=11346 37 31 31 1265 68 89 14714 431 1628 11934 31 33
internal_value=0 0.00199069 0.00502628 -7.82361e-06 -0.000142481 0.00136902 5.45587e-05 0.000395264 -0.000160774 3.28739e-05 -0.000182197 0.000618257
internal_weight=41638 163 68 41475 13131 157 28344 1696 12974 26648 95 64
internal_count=41638 163 68 41475 13131 157 28344 1696 12974 26648 95 64
is_linear=0
shrinkage=0.0512268


Tree=3
num_leaves=9
num_cat=0
split_feature=14 3 13 14 14 16 6 2
split_gain=0.782378 0.194898 0.33378 0.138577 0.248949 0.0732523 0.0408253 0.0405495
threshold=93.500000000000014 0.20650101453065875 -0.56174489110708226 14.500000000000002 20.500000000000004 0.024941350333392624 -0.00081547029549255956 0.0011691427789628508
decision_type=2 2 2 2 2 2 2 2
left_child=1 3 7 5 -5 -1 -4 -3
right_child=-2 2 6 4 -6 -7 -8 -9
leaf_value=-0.00028724728673089426 0.0064036482607116715 0.0032970318956422229 0.00094621857286152587 0.00053978759642154454 -1.9974997555787485e-05 -0.0014981354827968065 -0.0011803857900339807 0.0058399943401050919
leaf_weight=3046 50 33 45 2213 36031 137 50 33
leaf_count=3046 50 33 45 2213 36031 137 50 33
internal_value=0 -7.69965e-06 0.00177113 -1.46136e-05 1.24155e-05 -0.000339374 -0.000172866 0.00456929
internal_weight=41638 41588 161 41427 38244 3183 95 66
internal_count=41638 41588 161 41427 38244 3183 95 66
is_linear=0
shrinkage=0.0512268


Tree=4
num_leaves=9
num_cat=0
split_feature=14 14 7 16 13 16 16 13
split_gain=0.704285 0.130069 0.272087 0.117365 0.107804 0.0659398 0.0604252 0.0354469
threshold=93.500000000000014 14.500000000000002 20.500000000000004 0.031249940395355228 -0.56174489110708226 0.024941350333392624 0.012691606767475607 1.0000000180025095e-35
decision_type=2 2 2 2 2 2 2 2
left_child=1 5 4 -4 -3 6 -1 -7
right_child=-2 2 3 -5 -6 7 -8 -9
leaf_value=-0.00062402184133048141 0.0060756579653657231 0.00012680543943454782 -2.9697472526853316e-05 0.00057427142094761748 0.00085189995610933931 -0.00217060726771727 -0.00012441502697577457 -0.00051465583896692776
leaf_weight=903 50 890 35289 865 1361 75 2143 62
leaf_count=903 50 890 35289 865 1361 75 2143 62
internal_value=9.98886e-11 -7.30513e-06 1.87755e-05 -1.52467e-05 0.000565221 -0.00032199 -0.000272533 -0.00142139
internal_weight=41638 41588 38405 36154 2251 3183 3046 137
internal_count=41638 41588 38405 36154 2251 3183 3046 137
is_linear=0
shrinkage=0.0512268


Tree=5
num_leaves=9
num_cat=0
split_feature=11 9 11 11 11 11 11 11
split_gain=0.541104 0.115831 0.143608 0.294934 0.160722 0.0784956 0.214377 0.156209
threshold=93.500000000000014 44.06212234497071 70.500000000000014 61.500000000000007 79.500000000000014 48.500000000000007 44.500000000000007 54.500000000000007
decision_type=2 2 2 2 2 2 2 2
left_child=1 5 3 -3 -4 6 -1 -7
right_child=-2 2 4 -5 -6 7 -8 -9
leaf_value=-0.00010474798909554872 0.005677346203716566 3.411207673112591e-05 -0.00025720532064215594 0.00054663198538899035 0.00035088758213519853 -0.00066736039643184209 0.00085912124590483568 -0.00011011287942897507
leaf_weight=5338 44 17475 6005 3544 1408 1748 683 5393
leaf_count=5338 44 17475 6005 3544 1408 1748 683 5393
internal_value=9.56823e-11 -6.00623e-06 5.21569e-05 0.000120529 -0.000141704 -0.000131649 4.58776e-06 -0.000246521
internal_weight=41638 41594 28432 21019 7413 13162 6021 7141
internal_count=41638 41594 28432 21019 7413 13162 6021 7141
is_linear=0
shrinkage=0.0512268


Tree=6
num_leaves=9
num_cat=0
split_feature=14 3 13 12 11 16 14 12
split_gain=0.586548 0.169659 0.301518 0.187562 0.123223 0.261938 0.133641 0.0445027
threshold=93.500000000000014 0.20650101453065875 -0.56174489110708226 0.017696992494165901 75.500000000000014 0.037669716402888305 14.500000000000002 0.021574818529188636
decision_type=2 2 2 2 2 2 2 2
left_child=1 4 3 -3 6 -6 -1 -4
right_child=-2 2 7 -5 5 -7 -8 -9
leaf_value=-0.00030448164916334163 0.005544610354196019 0.0068823141388851244 0.00057679271438146025 0.0014095628122170695 -0.00041443624164680436 0.0016151389314824096 4.2275318387410624e-05 -0.0017876366796534327
leaf_weight=3183 50 35 64 31 3214 176 34854 31
leaf_count=3183 50 35 64 31 3214 176 34854 31
internal_value=1.40785e-10 -6.66653e-06 0.001653 0.00431249 -1.31173e-05 -0.000309057 1.32576e-05 -0.000194651
internal_weight=41638 41588 161 66 41427 3390 38037 95
internal_count=41638 41588 161 66 41427 3390 38037 95
is_linear=0
shrinkage=0.0512268


Tree=7
num_leaves=8
num_cat=0
split_feature=14 3 8 10 14 14 5
split_gain=0.528002 0.152727 0.233893 0.120144 0.27889 0.176369 0.0453865
threshold=93.500000000000014 0.20650101453065875 16.363808631896976 0.6078576147556306 9.5000000000000018 79.500000000000014 0.0059356563724577436
decision_type=2 2 2 2 2 2 2
left_child=1 3 -3 5 -5 -1 -4
right_child=-2 2 6 4 -6 -7 -8
leaf_value=-9.4706268403505853e-05 0.0052606193719351331 0.0055662376585157818 7.8751175221808748e-05 -0.0013519006759641647 0.00016214370973844828 0.00055259251309083314 0.0023248827974099002
leaf_weight=27974 50 31 99 328 11975 1150 31
leaf_count=27974 50 31 99 328 11975 1150 31
internal_value=2.95844e-10 -6.32489e-06 0.00156834 -1.24453e-05 0.000121777 -6.91461e-05 0.000614604
internal_weight=41638 41588 161 41427 12303 29124 130
internal_count=41638 41588 161 41427 12303 29124 130
is_linear=0
shrinkage=0.0512268


Tree=8
num_leaves=9
num_cat=0
split_feature=11 10 11 11 11 11 11 11
split_gain=0.406301 0.12459 0.326617 0.235387 0.382185 0.181472 0.154143 0.135928
threshold=93.500000000000014 1.0000000180025095e-35 27.500000000000004 44.500000000000007 70.500000000000014 14.500000000000002 79.500000000000014 39.500000000000007
decision_type=2 2 2 2 2 2 2 2
left_child=1 2 5 7 -5 -1 -4 -3
right_child=-2 3 6 4 -6 -7 -8 -9
leaf_value=-0.00018189147964478512 0.0049195921292769559 -7.1840792182170153e-05 -0.00022601498964819043 0.0004774234337666658 -0.00013765160530747537 0.00046454409851540282 0.00045568222237580229 -0.00093967491730116205
leaf_weight=1645 44 6814 16791 6905 4303 3709 918 509
leaf_count=1645 44 6814 16791 6905 4303 3709 918 509
internal_value=4.5829e-10 -5.20415e-06 -8.46766e-05 9.37034e-05 0.000241281 0.000265925 -0.000190676 -0.000132165
internal_weight=41638 41594 23063 18531 11208 5354 17709 7323
internal_count=41638 41594 23063 18531 11208 5354 17709 7323
is_linear=0
shrinkage=0.0512268


Tree=9
num_leaves=15
num_cat=0
split_feature=3 8 5 3 12 10 16 10 10 5 5 12 3 5
split_gain=0.163512 0.142261 0.106287 0.110872 0.182986 0.10663 0.0915184 0.0811591 0.155731 0.0821833 0.0638997 0.0879252 0.0562723 0.048344
threshold=0.16977609694004062 20.519222259521488 -0.0015705439145676789 -0.08153259381651877 0.016087507829070095 0.6078576147556306 0.035251228138804443 1.0000000180025095e-35 0.6078576147556306 0.0014675068669021132 0.0056793426629155883 0.02473479509353638 0.11867688223719598 -0.0059809722006320945
decision_type=2 2 2 2 2 2 2 2 2 2 2 2 2 2
left_child=2 7 5 4 -4 13 -5 9 -9 -2 11 -3 -7 -1
right_child=1 10 3 6 -6 12 -8 8 -10 -11 -12 -13 -14 -15
leaf_value=-0.00061327829346816511 -0.00031546845641492453 0.00037720645367242666 0.00021454351990667547 1.1884262594292124e-05 0.0017313701557903308 0.00013372232914617697 0.0012680698729356111 0.0060155849437645023 0.0011469323161630205 0.0031298451188386972 0.002200357353961025 -0.0026880965538956104 -0.0010339792464013988 -0.00020470623696797102
leaf_weight=855 42 118 1215 28614 252 3269 153 35 34 32 34 31 112 6842
leaf_count=855 42 118 1215 28614 252 3269 153 35 34 32 34 31 112 6842
internal_value=4.3729e-10 0.00114275 -9.01699e-06 4.07198e-05 0.000475122 -0.00014476 1.85663e-05 0.00235329 0.00361717 0.00117432 0.000196663 -0.000260524 9.50333e-05 -0.000250094
internal_weight=41638 326 41312 30234 1467 11078 28767 143 69 74 183 149 3381 7697
internal_count=41638 326 41312 30234 1467 11078 28767 143 69 74 183 149 3381 7697
is_linear=0
shrinkage=0.0512268


Tree=10
num_leaves=9
num_cat=0
split_feature=7 3 12 7 7 16 7 0
split_gain=0.40284 0.129992 0.273671 0.162286 0.114783 0.227248 0.105405 0.0183134
threshold=93.500000000000014 0.20650101453065875 0.020300490781664852 81.500000000000014 75.500000000000014 0.037669716402888305 14.500000000000002 0.87144336104393016
decision_type=2 2 2 2 2 2 2 2
left_child=1 4 3 -3 6 -6 -1 -4
right_child=-2 2 7 -5 5 -7 -8 -9
leaf_value=-0.0002669339147400095 0.0047908192409014021 0.0013004625035882603 -0.0020020148107231408 0.0055018777066604919 -0.00039266250368502539 0.0015235716408884944 4.0364781966890445e-05 -0.00026735931063027985
leaf_weight=3198 46 55 33 43 3227 171 34834 31
leaf_count=3198 46 55 33 43 3227 171 34834 31
internal_value=6.0506e-10 -5.29837e-06 0.00144294 0.00314439 -1.0962e-05 -0.000296222 1.45244e-05 -0.00116219
internal_weight=41638 41592 162 98 41430 3398 38032 64
internal_count=41638 41592 162 98 41430 3398 38032 64
is_linear=0
shrinkage=0.0512268


Tree=11
num_leaves=9
num_cat=0
split_feature=7 9 11 11 11 7 7 7
split_gain=0.362631 0.0999736 0.0920296 0.196346 0.105308 0.0550817 0.0890139 0.0843741
threshold=93.500000000000014 32.555339813232429 70.500000000000014 69.500000000000014 79.500000000000014 80.500000000000014 81.500000000000014 71.500000000000014
decision_type=2 2 2 2 2 2 2 2
left_child=1 5 3 -3 -4 7 -7 -1
right_child=-2 2 4 -5 -6 6 -8 -9
leaf_value=-0.0002842362970616659 0.0045454401182449464 4.4477461816668174e-05 -0.00019914247370768405 0.00078647564499616858 0.00024632919549927128 -0.0035457217405118163 -0.00011963622941354936 0.00036297591118673801
leaf_weight=4136 46 26587 7501 970 1710 34 48 606
leaf_count=4136 46 26587 7501 970 1710 34 48 606
internal_value=6.6256e-10 -5.02689e-06 2.37403e-05 7.05965e-05 -0.00011644 -0.00022429 -0.00154061 -0.000201522
internal_weight=41638 41592 36768 27557 9211 4824 82 4742
internal_count=41638 41592 36768 27557 9211 4824 82 4742
is_linear=0
shrinkage=0.0512268


Tree=12
num_leaves=9
num_cat=0
split_feature=11 3 13 8 11 16 10 10
split_gain=0.297152 0.116222 0.295289 0.126382 0.103059 0.20665 0.124386 0.101082
threshold=93.500000000000014 0.20650101453065875 -0.56174489110708226 21.364018440246586 75.500000000000014 0.037669716402888305 0.6078576147556306 0.6078576147556306
decision_type=2 2 2 2 2 2 2 2
left_child=1 4 3 -3 6 -6 -1 -4
right_child=-2 2 7 -5 5 -7 -8 -9
leaf_value=-4.6179236335165128e-05 0.0042072132538385669 0.0061445423217563301 -0.0027264480445677928 0.0017264651612922902 -0.00037369268513323862 0.0014289314888748651 0.00015614736155079059 0.00076922519333077132
leaf_weight=26661 44 34 34 34 3219 176 11376 60
leaf_count=26661 44 34 34 34 3219 176 11376 60
internal_value=6.4493e-10 -4.45025e-06 0.00136494 0.00393619 -9.80524e-06 -0.000280235 1.43316e-05 -0.000495094
internal_weight=41638 41594 162 68 41432 3395 38037 94
internal_count=41638 41594 162 68 41432 3395 38037 94
is_linear=0
shrinkage=0.0512268


Tree=13
num_leaves=9
num_cat=0
split_feature=7 3 13 12 7 16 7 6
split_gain=0.298308 0.104677 0.265818 0.12779 0.0940255 0.18388 0.0955578 0.0498668
threshold=93.500000000000014 0.20650101453065875 -0.56174489110708226 0.018074534833431247 75.500000000000014 0.037669716402888305 14.500000000000002 -0.0004742753662867471
decision_type=2 2 2 2 2 2 2 2
left_child=1 4 3 -3 6 -6 -1 -4
right_child=-2 2 7 -5 5 -7 -8 -9
leaf_value=-0.00025456301759392119 0.0041226444892551858 0.005767161692868443 0.0007098421115387687 0.001307293241169419 -0.00035457469605231119 0.0013691418678910255 3.8029316057229079e-05 -0.001649603598016127
leaf_weight=3198 46 37 47 31 3227 171 34834 47
leaf_count=3198 46 37 47 31 3227 171 34834 47
internal_value=7.58995e-10 -4.55911e-06 0.00129503 0.00373461 -9.64144e-06 -0.000267823 1.34256e-05 -0.00046973
internal_weight=41638 41592 162 68 41430 3398 38032 94
internal_count=41638 41592 162 68 41430 3398 38032 94
is_linear=0
shrinkage=0.0512268


Tree=14
num_leaves=9
num_cat=0
split_feature=14 13 14 16 7 14 14 14
split_gain=0.311843 0.0950492 0.210257 0.145823 0.118736 0.103757 0.0934309 0.0565613
threshold=93.500000000000014 0.81174489855766307 74.500000000000014 0.031249940395355228 82.500000000000014 75.500000000000014 13.500000000000002 28.500000000000004
decision_type=2 2 2 2 2 2 2 2
left_child=1 3 7 6 -4 -5 -1 -3
right_child=-2 2 4 5 -6 -7 -8 -9
leaf_value=-0.00030387057558332604 0.0040428498807325176 0.00018286869516145416 -0.0014544953981284496 0.00016373112226402122 0.00015446962155119188 0.0013061478518662049 3.2340469165753399e-05 -0.00019591034851530495
leaf_weight=2323 50 1451 495 450 159 389 32717 3604
leaf_count=2323 50 1451 495 450 159 389 32717 3604
internal_value=8.61955e-10 -4.86002e-06 -0.000199006 2.60316e-05 -0.0010633 0.000693437 1.00506e-05 -8.71811e-05
internal_weight=41638 41588 5709 35879 654 839 35040 5055
internal_count=41638 41588 5709 35879 654 839 35040 5055
is_linear=0
shrinkage=0.0512268


Tree=15
num_leaves=9
num_cat=0
split_feature=11 12 16 11 11 15 13 9
split_gain=0.220213 0.0953476 0.207588 0.124285 0.123045 0.0853807 0.0558622 0.0283492
threshold=93.500000000000014 0.02473479509353638 0.031249940395355228 75.500000000000014 78.500000000000014 0.0095441020093858259 -0.56174489110708226 44.06212234497071
decision_type=2 2 2 2 2 2 2 2
left_child=1 2 3 -1 -4 7 -7 -3
right_child=-2 5 4 -5 -6 6 -8 -9
leaf_value=1.2579253207683427e-05 0.0036218190724362559 -0.0010559179058646255 0.00036165593181694002 -0.00033065294442550575 0.0017239968262126517 -0.00032107639094435735 -0.0025763221569777128 0.00026968965853604279
leaf_weight=37518 44 64 496 2989 268 42 92 125
leaf_count=37518 44 64 496 2989 268 42 92 125
internal_value=8.98597e-10 -3.83064e-06 3.03045e-06 -1.27474e-05 0.00083958 -0.000880534 -0.00186964 -0.000179124
internal_weight=41638 41594 41271 40507 764 323 134 189
internal_count=41638 41594 41271 40507 764 323 134 189
is_linear=0
shrinkage=0.0512268


Tree=16
num_leaves=9
num_cat=0
split_feature=14 3 12 7 14 14 14 0
split_gain=0.261307 0.083945 0.191241 0.11895 0.0902442 0.217343 0.0827511 0.0215801
threshold=93.500000000000014 0.20650101453065875 0.020300490781664852 81.500000000000014 76.500000000000014 79.500000000000014 14.500000000000002 0.87144336104393016
decision_type=2 2 2 2 2 2 2 2
left_child=1 4 3 -3 6 -6 -1 -4
right_child=-2 2 7 -5 5 -7 -8 -9
leaf_value=-0.00023898310034869803 0.0037007916601869461 0.0010287990518219993 -0.0019218840603768617 0.0046497529411635534 -0.00087392687228132423 6.2678212453522818e-05 3.3676468465183604e-05 -3.9138766464433287e-05
leaf_weight=3183 50 55 33 42 1046 1718 35480 31
leaf_count=3183 50 55 33 42 1046 1718 35480 31
internal_value=8.68027e-10 -4.44871e-06 0.00116298 0.00259705 -8.98637e-06 -0.000291763 1.12288e-05 -0.00101031
internal_weight=41638 41588 161 97 41427 2764 38663 64
internal_count=41638 41588 161 97 41427 2764 38663 64
is_linear=0
shrinkage=0.0512268


Tree=17
num_leaves=9
num_cat=0
split_feature=14 10 7 7 7 14 7 7
split_gain=0.235224 0.0917984 0.279068 0.201792 0.3005 0.144496 0.132562 0.104046
threshold=93.500000000000014 1.0000000180025095e-35 27.500000000000004 44.500000000000007 70.500000000000014 14.500000000000002 79.500000000000014 39.500000000000007
decision_type=2 2 2 2 2 2 2 2
left_child=1 2 5 7 -5 -1 -4 -3
right_child=-2 3 6 4 -6 -7 -8 -9
leaf_value=-0.00014741606917842773 0.003511239801314201 -7.6425892152661942e-05 -0.00020297815210513448 0.00042551563472110278 -0.00011974268567667662 0.00042948371405814999 0.00043214898135077618 -0.00084066020586721175
leaf_weight=1646 50 6799 16801 6935 4295 3701 909 502
leaf_count=1646 50 6799 16801 6935 4295 3701 909 502
internal_value=8.78993e-10 -4.22077e-06 -7.24517e-05 8.06738e-05 0.000216976 0.00025189 -0.000170378 -0.000128976
internal_weight=41638 41588 23057 18531 11230 5347 17710 7301
internal_count=41638 41588 23057 18531 11230 5347 17710 7301
is_linear=0
shrinkage=0.0512268


Tree=18
num_leaves=16
num_cat=0
split_feature=13 10 8 8 10 2 13 12 2 12 6 2 6 6 12
split_gain=0.0842354 0.0862953 0.102699 0.0923301 0.115852 0.0694714 0.0657311 0.0558049 0.0433369 0.0394981 0.0365096 0.0239008 0.0249947 0.0101776 0.00719111
threshold=0.81174489855766307 -0.60785761475563038 21.79262733459473 14.380588531494142 -0.87837970256805409 0.004560465458780528 1.0000000180025095e-35 0.0085144159384071844 -0.017607061192393299 0.0080625433474779146 -0.0045870472677052012 -0.0036686421371996398 0.0016086984542198481 -0.00081547029549255956 0.016602895222604278
decision_type=2 2 2 2 2 2 2 2 2 2 2 2 2 2 2
left_child=1 3 9 4 -1 -5 -4 11 14 -3 -10 13 -13 -2 -9
right_child=7 2 6 5 -6 -7 -8 8 10 -11 -12 12 -14 -15 -16
leaf_value=6.8674563113564233e-06 6.708317003471059e-05 7.2936005219051151e-05 -0.00016733772433912312 -5.3411344724796527e-05 -0.00069081933962572334 0.00043911230193759073 0.00019747038784988092 0.0014683428717783885 -0.00080994434763706903 0.00022923890898221176 -0.00028934889252705902 1.7120744423891862e-05 -0.00038903274546995707 0.00051983361793136193 0.00043993188961793543
leaf_weight=1187 252 8270 5364 8544 1318 824 1709 33 409 8713 2608 1565 533 270 39
leaf_count=1187 252 8270 5364 8544 1318 824 1709 33 409 8713 2608 1565 533 270 39
internal_value=8.22223e-10 2.90453e-05 8.48203e-05 -8.39594e-05 -0.000360213 -1.00873e-05 -7.91891e-05 -0.000182784 -0.000330285 0.000153127 -0.000359931 -8.87248e-06 -8.60557e-05 0.000301302 0.000911633
internal_weight=41638 35929 24056 11873 2505 9368 7073 5709 3089 16983 3017 2620 2098 522 72
internal_count=41638 35929 24056 11873 2505 9368 7073 5709 3089 16983 3017 2620 2098 522 72
is_linear=0
shrinkage=0.0512268


Tree=19
num_leaves=9
num_cat=0
split_feature=14 5 3 12 7 3 14 13
split_gain=0.211161 0.081149 0.0989335 0.160236 0.0666235 0.0623465 0.0547574 0.0214614
threshold=93.500000000000014 -0.0015705439145676789 -0.08153259381651877 0.016087507829070095 10.500000000000002 0.20650101453065875 76.500000000000014 1.0000000180025095e-35
decision_type=2 2 2 2 2 2 2 2
left_child=1 4 3 -3 7 -4 -6 -1
right_child=-2 2 5 -5 6 -7 -8 -9
leaf_value=-0.00033569069356073205 0.0033267956769991057 0.00020595896982492405 1.4139038041262882e-05 0.0016253665032366557 -5.7482084181373463e-05 0.0012890699126347298 -0.00042004266311365174 -0.001127384541053146
leaf_weight=154 50 1215 28838 252 9578 101 1234 216
leaf_count=154 50 1215 28838 252 9578 101 1234 216
internal_value=8.54557e-10 -3.99901e-06 3.9395e-05 0.000449803 -0.000121997 1.85896e-05 -9.88639e-05 -0.00079793
internal_weight=41638 41588 30406 1467 11182 28939 10812 370
internal_count=41638 41588 30406 1467 11182 28939 10812 370
is_linear=0
shrinkage=0.0512268


Tree=20
num_leaves=9
num_cat=0
split_feature=7 9 3 7 7 7 3 7
split_gain=0.164168 0.0881037 0.100159 0.136798 0.0855953 0.234513 0.105779 0.0713094
threshold=93.500000000000014 44.06212234497071 0.065636821091175093 48.500000000000007 70.500000000000014 61.500000000000007 0.20650101453065875 70.500000000000014
decision_type=2 2 2 2 2 2 2 2
left_child=1 2 3 -1 5 -3 -6 -4
right_child=-2 4 7 -5 6 -7 -8 -9
leaf_value=2.3829682336983273e-05 0.0030583575348849916 2.3223268961310324e-05 -7.4700462896828493e-05 -0.00031930471519514493 -0.00012711470301784612 0.00048079296960951487 0.0013469630298565613 0.00081091235708178927
leaf_weight=5932 46 17419 453 6273 7345 3536 130 504
leaf_count=5932 46 17419 453 6273 7345 3536 130 504
internal_value=8.52077e-10 -3.38175e-06 -0.000112958 -0.00015253 4.73474e-05 0.000100436 -0.000101475 0.000391688
internal_weight=41638 41592 13162 12205 28430 20955 7475 957
internal_count=41638 41592 13162 12205 28430 20955 7475 957
is_linear=0
shrinkage=0.0512268


Tree=21
num_leaves=9
num_cat=0
split_feature=14 12 16 14 14 3 14 6
split_gain=0.174338 0.0802473 0.166074 0.116685 0.111831 0.045467 0.0424775 0.00899808
threshold=93.500000000000014 0.02473479509353638 0.031249940395355228 78.500000000000014 76.500000000000014 -0.011776645667850969 29.500000000000004 -0.0013567414716817436
decision_type=2 2 2 2 2 2 2 2
left_child=1 2 4 -4 -1 7 -7 -3
right_child=-2 5 3 -5 -6 6 -8 -9
leaf_value=1.0353307204096912e-05 0.0030228380144972345 -0.00041868369731468683 0.00031438637385414355 0.0016697928126941169 -0.00034414936857419994 -0.0028042451422366165 -0.00089028337384345236 0.00060307556585293006
leaf_weight=38012 50 40 517 246 2488 36 197 52
leaf_count=38012 50 40 517 246 2488 36 197 52
internal_value=8.98866e-10 -3.63347e-06 2.6814e-06 0.00075142 -1.14242e-05 -0.000805426 -0.00118616 0.000158643
internal_weight=41638 41588 41263 763 40500 325 233 92
internal_count=41638 41588 41263 763 40500 325 233 92
is_linear=0
shrinkage=0.0512268


Tree=22
num_leaves=9
num_cat=0
split_feature=7 12 16 7 11 15 11 10
split_gain=0.134 0.0770104 0.155546 0.105047 0.0911077 0.0737751 0.0231081 0.0217077
threshold=93.500000000000014 0.02473479509353638 0.031249940395355228 76.500000000000014 75.500000000000014 0.0095441020093858259 80.500000000000014 -1.0000000180025095e-35
decision_type=2 2 2 2 2 2 2 2
left_child=1 2 4 -4 -1 6 -3 -7
right_child=-2 5 3 -5 -6 7 -8 -9
leaf_value=1.113643311776031e-05 0.0027630991645722766 0.00019408341656879203 0.00025866547183304756 0.0014973455744175649 -0.00028287080810961412 -0.00079999789152335502 -0.0011070909371752057 -0.0021714407334707275
leaf_weight=37518 46 141 475 289 2986 46 48 89
leaf_count=37518 46 141 475 289 2986 46 48 89
internal_value=8.62778e-10 -3.05514e-06 3.12087e-06 0.000727257 -1.05377e-05 -0.000789732 -0.00013631 -0.00170433
internal_weight=41638 41592 41268 764 40504 324 189 135
internal_count=41638 41592 41268 764 40504 324 189 135
is_linear=0
shrinkage=0.0512268


Tree=23
num_leaves=9
num_cat=0
split_feature=14 9 2 13 9 14 2 2
split_gain=0.144303 0.0820362 0.0855208 0.0786516 0.0487241 0.073245 0.0468967 0.0313348
threshold=93.500000000000014 32.555339813232429 -0.012610261328518389 1.0000000180025095e-35 30.020529747009281 54.500000000000007 -0.005333277164027094 -0.013434679713100193
decision_type=2 2 2 2 2 2 2 2
left_child=1 4 7 -4 5 -1 -6 -3
right_child=-2 2 3 -5 6 -7 -8 -9
leaf_value=-0.00027303506300063333 0.0027501546152328893 0.00038290122533462785 7.6960554286541506e-05 -7.608107608632312e-05 0.00018201286251280278 0.00021907928188634657 -0.00060905796569870815 0.0012352084035949647
leaf_weight=2278 50 834 20119 15680 240 1218 1088 131
leaf_count=2278 50 834 20119 15680 240 1218 1088 131
internal_value=8.22734e-10 -3.30566e-06 2.27559e-05 9.92766e-06 -0.000201926 -0.000101578 -0.00046608 0.00049863
internal_weight=41638 41588 36764 35799 4824 3496 1328 965
internal_count=41638 41588 36764 35799 4824 3496 1328 965
is_linear=0
shrinkage=0.0512268


Tree=24
num_leaves=9
num_cat=0
split_feature=7 5 3 11 11 16 11 5
split_gain=0.10905 0.0689597 0.0878846 0.0862021 0.0604004 0.0559405 0.0480171 0.0139698
threshold=93.500000000000014 -0.0015705439145676789 -0.08153259381651877 24.500000000000004 10.500000000000002 0.035251228138804443 21.500000000000004 -0.004072049167007207
decision_type=2 2 2 2 2 2 2 2
left_child=1 4 3 -3 7 -4 -6 -1
right_child=-2 2 5 -5 6 -7 -8 -9
leaf_value=-0.0013103299419720891 0.0024926238135978898 0.00095318977878647358 1.1371640770960834e-05 0.00013261231068141402 0.00026505619172661511 0.00082767091634374575 -0.00012206349356285263 -0.00057462531875945324
leaf_weight=88 46 521 28722 946 919 222 9879 295
leaf_count=88 46 521 28722 946 919 222 9879 295
internal_value=8.59689e-10 -2.75595e-06 3.72395e-05 0.000424053 -0.00011154 1.76335e-05 -8.91146e-05 -0.000743732
internal_weight=41638 41592 30411 1467 11181 28944 10798 383
internal_count=41638 41592 30411 1467 11181 28944 10798 383
is_linear=0
shrinkage=0.0512268


Tree=25
num_leaves=9
num_cat=0
split_feature=14 10 14 14 14 3 3 14
split_gain=0.119352 0.0686294 0.231317 0.182934 0.24173 0.130257 0.125892 0.122857
threshold=93.500000000000014 1.0000000180025095e-35 27.500000000000004 44.500000000000007 70.500000000000014 0.02866767626255751 -0.037868656218051903 79.500000000000014
decision_type=2 2 2 2 2 2 2 2
left_child=1 2 6 5 -5 -3 -1 -4
right_child=-2 3 7 4 -6 -7 -8 -9
leaf_value=0.00057939282104218788 0.0025011211899189797 -4.2529622579898204e-05 -0.00018247254616842956 0.00038627212546249755 -0.00010256008972795862 -0.0006683579484763933 5.4703690788489596e-05 0.00042927830429592744
leaf_weight=1820 50 6265 16806 6961 4291 1014 3523 908
leaf_count=1820 50 6265 16806 6961 4291 1014 3523 908
internal_value=8.81731e-10 -3.00616e-06 -6.20017e-05 7.03975e-05 0.000199852 -0.000129714 0.000233434 -0.000151114
internal_weight=41638 41588 23057 18531 11252 7279 5343 17714
internal_count=41638 41588 23057 18531 11252 7279 5343 17714
is_linear=0
shrinkage=0.0512268


Tree=26
num_leaves=9
num_cat=0
split_feature=11 9 10 11 13 11 11 11
split_gain=0.0829888 0.0759742 0.0979611 0.186504 0.129451 0.0742938 0.224213 0.10467
threshold=93.500000000000014 44.06212234497071 1.0000000180025095e-35 80.500000000000014 1.0000000180025095e-35 70.500000000000014 69.500000000000014 79.500000000000014
decision_type=2 2 2 2 2 2 2 2
left_child=1 2 4 -4 -1 6 -3 -7
right_child=-2 5 3 -5 -6 7 -8 -9
leaf_value=-3.0921711652843213e-05 0.0022233859523845731 6.0070347540258588e-05 9.7843173191519304e-05 -0.0015204195498280358 -0.00047051367484731127 -0.00018789255704895693 0.00092064892955447271 0.00030283963071863824
leaf_weight=3810 44 20192 5895 193 3264 6005 827 1408
leaf_count=3810 44 20192 5895 193 3264 6005 827 1408
internal_value=8.62157e-10 -2.3511e-06 -0.000104107 4.65368e-05 -0.000233756 4.4754e-05 9.39313e-05 -9.4682e-05
internal_weight=41638 41594 13162 6088 7074 28432 21019 7413
internal_count=41638 41594 13162 6088 7074 28432 21019 7413
is_linear=0
shrinkage=0.0512268


Tree=27
num_leaves=9
num_cat=0
split_feature=14 14 14 10 10 10 14 14
split_gain=0.0995919 0.0644819 0.152124 0.153332 0.093492 0.0567062 0.0727085 0.0503949
threshold=93.500000000000014 14.500000000000002 20.500000000000004 -0.60785761475563038 1.0000000180025095e-35 0.87837970256805431 13.500000000000002 9.5000000000000018
decision_type=2 2 2 2 2 2 2 2
left_child=1 5 3 -3 -4 7 -7 -1
right_child=-2 2 4 -5 -6 6 -8 -9
leaf_value=0.00013426613196117502 0.0022847114020982853 0.0011318884096447087 -8.3172059024919036e-05 0.00016962554820356443 8.2537144204097678e-05 -0.00039026559844456332 -0.0018418236779281102 -0.00031792488728914632
leaf_weight=1116 50 594 20122 1619 16070 413 116 1538
leaf_count=1116 50 594 20122 1619 16070 413 116 1538
internal_value=8.32025e-10 -2.74598e-06 1.56171e-05 0.000427921 -9.59324e-06 -0.000224314 -0.00070862 -0.000127773
internal_weight=41638 41588 38405 2213 36192 3183 529 2654
internal_count=41638 41588 38405 2213 36192 3183 529 2654
is_linear=0
shrinkage=0.0512268


Tree=28
num_leaves=14
num_cat=0
split_feature=3 13 16 11 7 11 3 16 16 13 13 13 16
split_gain=0.0790715 0.267376 0.161627 0.0934284 0.0532182 0.2261 0.140661 0.0587206 0.0654597 0.0593667 0.0521055 0.0369999 0.0405924
threshold=0.16977609694004062 -0.56174489110708226 0.037669716402888305 77.500000000000014 14.500000000000002 20.500000000000004 -0.08153259381651877 0.021154165267944339 0.015075711067765953 -0.56174489110708226 1.0000000180025095e-35 0.81174489855766307 0.030329024419188503
decision_type=2 2 2 2 2 2 2 2 2 2 2 2 2
left_child=4 2 3 -2 7 6 -6 8 -1 -9 -7 12 -3
right_child=1 11 -4 -5 5 10 -8 9 -10 -11 -12 -13 -14
leaf_value=-0.00034761566007072606 0.0022062172738533626 -0.00086593287996910998 0.00019154394863659725 0.0058113098132185842 0.0016515934798013783 3.3337157320486624e-05 0.00036389100040472359 -0.0022048227413835855 0.0001504666812365928 -0.00051263378134477834 -9.1252476015896296e-05 -0.0014639744170287705 0.00081456550087836467
leaf_weight=1543 35 66 42 41 250 20229 2032 65 1256 334 15603 54 88
leaf_count=1543 35 66 42 41 250 20229 2032 65 1256 334 15603 54 88
internal_value=7.99464e-10 0.000794671 0.00274239 0.00415167 -6.26979e-06 1.05715e-05 0.000504975 -0.00020699 -0.000124104 -0.000788383 -2.09148e-05 -0.000310256 9.42304e-05
internal_weight=41638 326 118 76 41312 38114 2282 3198 2799 399 35832 208 154
internal_count=41638 326 118 76 41312 38114 2282 3198 2799 399 35832 208 154
is_linear=0
shrinkage=0.0512268


Tree=29
num_leaves=9
num_cat=0
split_feature=14 5 3 7 7 14 2 13
split_gain=0.0870674 0.0589325 0.072776 0.0687244 0.0516705 0.04602 0.0431191 0.0190614
threshold=93.500000000000014 -0.0015705439145676789 -0.08153259381651877 24.500000000000004 10.500000000000002 76.500000000000014 0.0084945340640842932 1.0000000180025095e-35
decision_type=2 2 2 2 2 2 2 2
left_child=1 4 3 -3 7 -6 -4 -1
right_child=-2 2 6 -5 5 -7 -8 -9
leaf_value=-0.00026276533050599761 0.0021362261888891692 0.00086240536512648212 -9.4929483372296015e-07 0.00012811544938389844 -4.4814563367418473e-05 -0.00037719258445139086 0.00023976825970368007 -0.0010088735123920292
leaf_weight=154 50 516 26833 951 9578 1234 2106 216
leaf_count=154 50 516 26833 951 9578 1234 2106 216
internal_value=8.33148e-10 -2.56744e-06 3.44124e-05 0.000386408 -0.000103124 -8.27515e-05 1.65681e-05 -0.00069839
internal_weight=41638 41588 30406 1467 11182 10812 28939 370
internal_count=41638 41588 30406 1467 11182 10812 28939 370
is_linear=0
shrinkage=0.0512268


Tree=30
num_leaves=16
num_cat=0
split_feature=9 11 11 13 11 11 13 11 2 2 11 5 11 11 9
split_gain=0.0683881 0.0852149 0.276537 0.21924 0.0990453 0.237193 0.155937 0.0856152 0.062059 0.0575857 0.0573578 0.0561595 0.0500287 0.0283502 0.0167159
threshold=50.912115097045906 70.500000000000014 61.500000000000007 1.0000000180025095e-35 79.500000000000014 78.500000000000014 -0.56174489110708226 54.500000000000007 0.011305345688015224 -0.012610261328518389 48.500000000000007 -0.0014367897529155014 16.500000000000004 24.500000000000004 41.900838851928718
decision_type=2 2 2 2 2 2 2 2 2 2 2 2 2 2 2
left_child=8 2 7 -4 5 -3 -6 -2 9 11 -11 -1 14 -14 -10
right_child=1 4 3 -5 6 -7 -8 -9 12 10 -12 -13 13 -15 -16
leaf_value=7.2599269422332503e-06 6.5833726673343411e-05 -0.00016540557345790609 0.0010114697082352375 8.1283568547387556e-05 0.0013252799319943235 -0.0029798160226281174 -3.2257996398003337e-05 -0.00042509492576557964 0.00059432863123291531 -2.1258384962916578e-07 -0.0001788313909106488 0.000852659657754573 0.0021791404200690065 0.0007204020029395777 -0.00083419108372067175
leaf_weight=547 11958 4413 1496 1197 298 80 871 1011 31 8590 10466 331 41 238 70
leaf_count=547 11958 4413 1496 1197 298 80 871 1011 31 8590 10466 331 41 238 70
internal_value=7.6223e-10 6.40787e-05 0.000125651 0.000598023 -0.000106237 -0.000215526 0.000313795 2.75617e-05 -6.72622e-05 -7.96253e-05 -9.83152e-05 0.000325994 0.000581221 0.000934883 -0.000395549
internal_weight=41638 21324 15662 2693 5662 4493 1169 12969 20314 19934 19056 878 380 279 101
internal_count=41638 21324 15662 2693 5662 4493 1169 12969 20314 19934 19056 878 380 279 101
is_linear=0
shrinkage=0.0512268


Tree=31
num_leaves=8
num_cat=0
split_feature=14 12 3 13 9 9 14
split_gain=0.0732148 0.0667107 0.104888 0.217781 0.0615101 0.03873 0.0428964
threshold=93.500000000000014 0.02473479509353638 0.20650101453065875 -0.56174489110708226 32.555339813232429 73.220493316650405 80.500000000000014
decision_type=2 2 2 2 2 2 2
left_child=1 2 4 -4 -1 6 -3
right_child=-2 5 3 -5 -6 -7 -8
leaf_value=-0.00017341431598088072 0.0019589303960711592 -0.00011739278291734577 0.0041446577727265793 -0.00026988024905760317 2.1717300425319745e-05 -0.0022260939090494184 -0.0014959215668081934
leaf_weight=4799 50 201 49 73 36342 40 84
leaf_count=4799 50 201 49 73 36342 40 84
internal_value=7.63377e-10 -2.35432e-06 3.40333e-06 0.00150317 -1.04394e-06 -0.0007334 -0.000523786
internal_weight=41638 41588 41263 122 41141 325 285
internal_count=41638 41588 41263 122 41141 325 285
is_linear=0
shrinkage=0.0512268


Tree=32
num_leaves=13
num_cat=0
split_feature=3 13 11 11 6 7 11 11 7 13 6 7
split_gain=0.0673478 0.2182 0.143097 0.099733 0.0613058 0.0777112 0.0560154 0.185722 0.16573 0.0326877 0.0334685 0.018795
threshold=0.16977609694004062 -0.56174489110708226 83.500000000000014 77.500000000000014 0.0093318293802440184 28.500000000000004 27.500000000000004 28.500000000000004 14.500000000000002 0.81174489855766307 -0.00087207031901925791 65.500000000000014
decision_type=2 2 2 2 2 2 2 2 2 2 2 2
left_child=4 2 3 -2 6 -6 8 -8 -1 10 -3 -7
right_child=1 9 -4 -5 5 11 7 -9 -10 -11 -12 -13
leaf_value=-0.00019693359838484858 0.0018755552435030839 0.0010353771154875391 -0.00043100024348017993 0.0053666398532599916 -0.0028080596524032728 -0.00092944100080906433 -0.00077701787517266575 -1.4578010682792789e-05 0.00025337697509407545 -0.0013491675938218848 -0.00050438394939626902 0.00059476250712278092
leaf_weight=3196 44 62 32 42 46 44 862 30603 6520 54 92 41
leaf_count=3196 44 62 32 42 46 44 862 30603 6520 54 92 41
internal_value=6.76889e-10 0.000733396 0.00249291 0.00358102 -5.78637e-06 -0.00111218 -2.26622e-06 -3.54662e-05 0.000105249 -0.000264755 0.000115425 -0.000194042
internal_weight=41638 326 118 86 41312 131 41181 31465 9716 208 154 85
internal_count=41638 326 118 86 41312 131 41181 31465 9716 208 154 85
is_linear=0
shrinkage=0.0512268


Tree=33
num_leaves=13
num_cat=0
split_feature=3 13 11 11 4 5 10 11 13 5 11 11
split_gain=0.0606252 0.196421 0.128817 0.0897761 0.0509179 0.0505279 0.063115 0.0555599 0.0294249 0.0268161 0.0251486 0.0213628
threshold=0.16977609694004062 -0.56174489110708226 83.500000000000014 77.500000000000014 -0.012366553302854298 -0.001930862956214696 0.6078576147556306 27.500000000000004 0.81174489855766307 -0.0010800241143442688 8.5000000000000018 12.500000000000002
decision_type=2 2 2 2 2 2 2 2 2 2 2 2
left_child=4 2 3 -2 10 6 -6 -7 9 -3 -1 -12
right_child=1 8 -4 -5 5 7 -8 -9 -10 -11 11 -13
leaf_value=0.0016607164992864731 0.0017794926430830507 0.00085005524333641098 -0.00040892652449380163 0.0050917721510661202 -0.00021145234168327029 0.000136379633734513 8.6028394960830843e-05 -2.3678483883759632e-05 -0.0012800634659905737 -0.00050742564849515421 -0.000466094033002623 0.00032786554111381401
leaf_weight=35 44 70 32 42 6297 7509 2663 23508 54 84 96 1204
leaf_count=35 44 70 32 42 6297 7509 2663 23508 54 84 96 1204
internal_value=5.75066e-10 0.000695831 0.00236522 0.00339762 -5.49004e-06 -1.58832e-05 -0.000123036 1.50699e-05 -0.000251194 0.000109508 0.000305722 0.000269219
internal_weight=41638 326 118 86 41312 39977 8960 31017 208 154 1335 1300
internal_count=41638 326 118 86 41312 39977 8960 31017 208 154 1335 1300
is_linear=0
shrinkage=0.0512268


Tree=34
num_leaves=14
num_cat=0
split_feature=12 15 12 11 11 13 11 15 8 13 5 11 5
split_gain=0.055901 0.055466 0.049622 0.173907 0.143581 0.0642521 0.157493 0.0683637 0.0595549 0.0340519 0.0247531 0.0181132 0.0105516
threshold=0.02473479509353638 0.0095441020093858259 0.019262793473899368 42.500000000000007 31.500000000000004 0.81174489855766307 77.500000000000014 0.0048294661100953826 25.027126312255863 1.0000000180025095e-35 0.0020244158804416661 80.500000000000014 -0.0042792716994881621
decision_type=2 2 2 2 2 2 2 2 2 2 2 2 2
left_child=2 11 5 4 -4 7 -7 -1 -5 10 -3 12 -2
right_child=1 9 3 8 -6 6 -8 -9 -10 -11 -12 -13 -14
leaf_value=-2.1361925440201259e-05 -0.00054932430643318494 -0.0018128883207089738 -6.0201845025862355e-05 0.0010065048150060358 -0.0026044492800739736 -9.9728469484236675e-05 -0.001278540367119141 0.00014219889510226524 -0.00050344581483931499 -0.0023545085122519188 5.9086138047880801e-05 -0.00095865646759380049 0.00045774955415604454
leaf_weight=25728 37 32 372 623 69 5057 316 9070 77 61 44 48 104
leaf_count=25728 37 32 372 623 69 5057 316 9070 77 61 44 48 104
internal_value=6.06896e-10 -0.000668168 5.27378e-06 0.0003384 -0.000458358 -4.1878e-06 -0.000169062 2.12693e-05 0.000840382 -0.00145297 -0.00072898 -9.91615e-05 0.000193342
internal_weight=41638 326 41312 1141 441 40171 5373 34798 700 137 76 189 141
internal_count=41638 326 41312 1141 441 40171 5373 34798 700 137 76 189 141
is_linear=0
shrinkage=0.0512268


Tree=35
num_leaves=9
num_cat=0
split_feature=14 2 14 7 12 10 2 4
split_gain=0.0642285 0.0525851 0.0514306 0.139639 0.0939241 0.0295059 0.0339452 0.0199165
threshold=93.500000000000014 -0.012610261328518389 14.500000000000002 20.500000000000004 0.0056742737069725999 0.6078576147556306 -0.023745444603264328 0.014247773680835964
decision_type=2 2 2 2 2 2 2 2
left_child=1 5 4 -4 -3 7 -7 -1
right_child=-2 2 3 -5 -6 6 -8 -9
leaf_value=0.00023346167895537016 0.0018347769703890421 -0.00082176572310027694 0.00040567713216660748 -1.9945043689985084e-05 -8.113858869671519e-05 -0.00072013845873695006 0.00089976014596646091 -0.00079349570946758827
leaf_weight=760 50 548 2146 35230 2496 38 317 53
leaf_count=760 50 548 2146 35230 2496 38 317 53
internal_value=3.46944e-10 -2.20545e-06 -1.19978e-05 4.4923e-06 -0.000214478 0.000336654 0.000726302 0.000166485
internal_weight=41638 41588 40420 37376 3044 1168 355 813
internal_count=41638 41588 40420 37376 3044 1168 355 813
is_linear=0
shrinkage=0.0512268


Tree=36
num_leaves=8
num_cat=0
split_feature=14 12 3 8 4 8 14
split_gain=0.0578175 0.0526238 0.0738998 0.0880544 0.0481732 0.0481462 0.0430437
threshold=93.500000000000014 0.02473479509353638 0.20650101453065875 18.397685050964359 -0.012366553302854298 17.45592021942139 26.500000000000004
decision_type=2 2 2 2 2 2 2
left_child=1 2 4 -4 -1 -3 -7
right_child=-2 5 3 -5 -6 6 -8
leaf_value=0.00030530803135728007 0.0017408010308088196 -0.002475364375952712 0.0031271175094618499 0.00024623002998665 -1.0753055589950779e-05 -0.0018758950880716112 -0.00016808861155749304
leaf_weight=1307 50 34 43 79 39834 46 245
leaf_count=1307 50 34 43 79 39834 46 245
internal_value=2.94473e-10 -2.0925e-06 3.02118e-06 0.0012619 -7.11694e-07 -0.000651381 -0.000438152
internal_weight=41638 41588 41263 122 41141 325 291
internal_count=41638 41588 41263 122 41141 325 291
is_linear=0
shrinkage=0.0512268


Tree=37
num_leaves=9
num_cat=0
split_feature=14 2 13 14 16 4 4 16
split_gain=0.0520465 0.0476616 0.049224 0.149778 0.0711294 0.0191224 0.0464615 0.00920499
threshold=93.500000000000014 -0.012610261328518389 0.81174489855766307 73.500000000000014 0.028779904358088974 0.014247773680835964 0.0068546722177416095 0.021484068594872955
decision_type=2 2 2 2 2 2 2 2
left_child=1 5 4 -4 -3 6 -1 -7
right_child=-2 2 3 -5 -6 7 -8 -9
leaf_value=0.00025214261764291296 0.001651638507574359 -2.6008905859540577e-06 -3.474233662565434e-05 -0.00075803578462232024 0.00040467489817053273 0.00012928121259705218 0.0012940315856738225 -0.0010566699825577109
leaf_weight=972 50 33833 4522 901 1164 32 127 37
leaf_count=972 50 33833 4522 901 1164 32 127 37
internal_value=2.66749e-10 -1.98531e-06 -1.1308e-05 -0.000154917 1.09447e-05 0.00032062 0.000372567 -0.000506453
internal_weight=41638 41588 40420 5423 34997 1168 1099 69
internal_count=41638 41588 40420 5423 34997 1168 1099 69
is_linear=0
shrinkage=0.0512268


Tree=38
num_leaves=16
num_cat=0
split_feature=9 10 11 11 11 11 11 11 11 10 12 10 11 2 10
split_gain=0.0566508 0.0787566 0.303872 0.0817828 0.0781033 0.204892 0.0710912 0.0569678 0.141063 0.203818 0.0941836 0.0569069 0.0478918 0.0432441 0.0199017
threshold=44.06212234497071 0.6078576147556306 80.500000000000014 78.500000000000014 78.500000000000014 77.500000000000014 81.500000000000014 14.500000000000002 20.500000000000004 -0.60785761475563038 0.0058160133194178351 0.87837970256805431 79.500000000000014 0.0084945340640842932 0.87837970256805431
decision_type=2 2 2 2 2 2 2 2 2 2 2 2 2 2 2
left_child=1 4 3 -3 5 -1 -4 10 9 -9 14 -12 -10 -6 -2
right_child=7 2 6 -5 13 -7 -8 8 12 -11 11 -13 -14 -15 -16
leaf_value=-0.00017376910594631956 -0.00073104862377706156 0.00016417939665819921 -0.0033183955101067377 0.0020405072939450185 0.00038423730501483853 -0.0027155748710357684 -0.00093634795495587612 0.0013683042548753165 1.2011456433675612e-05 0.00014118392617216115 0.00010882419849002606 -0.00068097546820506804 0.0003152192851607309 0.0022554522992008674 -0.0016281097690891144
leaf_weight=8908 345 3613 76 62 325 84 58 511 23358 1165 1270 295 1452 36 80
leaf_count=8908 345 3613 76 62 325 84 58 511 23358 1165 1270 295 1452 36 80
internal_value=2.69556e-10 -8.78881e-05 0.000108467 0.000195843 -0.000167856 -0.000197518 -0.0022876 4.06241e-05 6.04852e-05 0.000515339 -0.000223708 -4.0043e-05 2.97574e-05 0.000570931 -0.000899974
internal_weight=41638 13162 3809 3675 9353 8992 134 28476 26486 1676 1990 1565 24810 361 425
internal_count=41638 13162 3809 3675 9353 8992 134 28476 26486 1676 1990 1565 24810 361 425
is_linear=0
shrinkage=0.0512268


Tree=39
num_leaves=15
num_cat=0
split_feature=8 3 7 10 10 7 5 14 7 6 5 3 10 10
split_gain=0.0496365 0.106967 0.067041 0.13985 0.103645 0.0456399 0.056295 0.0409903 0.190604 0.080581 0.058166 0.0601205 0.0242971 0.0159717
threshold=21.79262733459473 0.16977609694004062 72.500000000000014 0.87837970256805431 -0.60785761475563038 76.500000000000014 -0.00047168997116386885 64.500000000000014 64.500000000000014 0.0093318293802440184 -0.0059809722006320945 0.017660879530012611 -0.60785761475563038 -1.0000000180025095e-35
decision_type=2 2 2 2 2 2 2 2 2 2 2 2 2 2
left_child=1 2 4 -4 -1 13 -7 8 9 -2 11 -9 -12 -3
right_child=7 5 3 -5 -6 6 -8 10 -10 -11 12 -13 -14 -15
leaf_value=-0.00010123607206800347 -0.00012200290616233683 0.0010886472271053862 -3.2355695328538506e-05 -0.00079985733480395101 0.00013374702982994928 0.00056715753587631456 0.0030477648473925928 -0.0014792551015968991 -0.0039806551662121045 -0.0018316534176866209 0.00031078908006607666 1.7557952891574103e-05 1.9364847680682968e-05 -0.00036788664433100451
leaf_weight=6951 8002 40 4667 719 16905 41 58 129 34 73 1026 155 2799 39
leaf_count=6951 8002 40 4667 719 16905 41 58 129 34 73 1026 155 2799 39
internal_value=2.469e-10 3.60445e-05 2.84229e-05 -0.000134817 6.52785e-05 0.00128799 0.00202074 -8.67901e-05 -0.000153582 -0.000137462 4.50179e-05 -0.000662291 9.75402e-05 0.000369408
internal_weight=41638 29420 29242 5386 23856 178 99 12218 8109 8075 4109 284 3825 79
internal_count=41638 29420 29242 5386 23856 178 99 12218 8109 8075 4109 284 3825 79
is_linear=0
shrinkage=0.0512268


Tree=40
num_leaves=8
num_cat=0
split_feature=14 2 14 13 10 15 4
split_gain=0.045566 0.0435875 0.0470063 0.232454 0.0650794 0.0319873 0.0381477
threshold=93.500000000000014 0.0095016560517251509 76.500000000000014 -0.56174489110708226 0.6078576147556306 -0.024436108767986294 0.0003159599873470143
decision_type=2 2 2 2 2 2 2
left_child=1 2 4 -4 -1 -3 -7
right_child=-2 5 3 -5 -6 6 -8
leaf_value=-4.3017681717019625e-05 0.0015453965626432049 0.0017149802604920882 0.00047996611591552595 -0.00054244323662745416 0.00010663755334014749 2.5259853786881052e-06 0.00043886675234267681
leaf_weight=25911 50 37 852 1852 10805 1187 944
leaf_count=25911 50 37 852 1852 10805 1187 944
internal_value=1.58073e-10 -1.85767e-06 -1.4157e-05 -0.000220287 1.02327e-06 0.000221768 0.000195827
internal_weight=41638 41588 39420 2704 36716 2168 2131
internal_count=41638 41588 39420 2704 36716 2168 2131
is_linear=0
shrinkage=0.0512268


Tree=41
num_leaves=15
num_cat=0
split_feature=9 15 16 7 7 7 7 7 7 7 7 7 7 7
split_gain=0.0520551 0.10377 0.102312 0.105308 0.127952 0.095976 0.245455 0.0921575 0.0878175 0.151525 0.0629306 0.0409685 0.129519 0.0831943
threshold=50.912115097045906 -0.0063088000752031794 0.032155508175492294 76.500000000000014 78.500000000000014 70.500000000000014 61.500000000000007 71.500000000000014 24.500000000000004 63.500000000000007 93.500000000000014 38.500000000000007 32.500000000000007 39.500000000000007
decision_type=2 2 2 2 2 2 2 2 2 2 2 2 2 2
left_child=2 11 3 7 -5 6 -3 -1 -4 -10 -7 12 -2 -13
right_child=1 5 8 4 -6 10 -8 -9 9 -11 -12 13 -14 -15
leaf_value=-9.3219625617879553e-05 0.00032249156961155372 -1.0562624545342109e-05 0.0029090863485854339 -0.0013970173079343939 -0.00017443501398831576 -0.00019097910438846229 0.00054971575595192269 0.00023920274474896323 -0.0013396464956206562 0.0010178267435792916 0.0018001219838740157 0.0024356247061671737 -0.0020232031021921839 0.00047131191820609387
leaf_weight=16336 525 11818 43 339 666 4948 2483 2527 93 310 42 59 70 1379
leaf_count=16336 525 11818 43 339 666 4948 2483 2527 93 310 42 59 70 1379
internal_value=2.49989e-10 5.59052e-05 -5.86834e-05 -7.5909e-05 -0.000586853 1.9219e-05 8.67143e-05 -4.86853e-05 0.000708618 0.000473736 -0.000174214 0.000404008 4.64763e-05 0.00055193
internal_weight=41638 21324 20314 19868 1005 19291 14301 18863 446 403 4990 2033 595 1438
internal_count=41638 21324 20314 19868 1005 19291 14301 18863 446 403 4990 2033 595 1438
is_linear=0
shrinkage=0.0512268


Tree=42
num_leaves=13
num_cat=0
split_feature=9 4 16 8 5 9 4 2 9 9 9 4
split_gain=0.0481387 0.0627073 0.0616572 0.056201 0.0531322 0.04148 0.0592932 0.0581665 0.0348356 0.0309954 0.0264323 0.0163641
threshold=32.555339813232429 -0.0088704461231827719 0.041512506082654006 9.4223322868347186 -0.0075108895543962708 30.020529747009281 0.0038897899212315683 -0.00086641186499036838 63.508396148681648 44.554792404174812 40.28820991516114 -0.013860484119504688
decision_type=2 2 2 2 2 2 2 2 2 2 2 2
left_child=2 8 5 10 -5 7 -7 -1 9 -2 -3 -10
right_child=1 3 -4 4 -6 6 -8 -9 11 -11 -12 -13
leaf_value=-0.00028174806837970371 0.00014375656802460734 0.00011782417043358313 0.0018762008907893383 -0.00076589959492142051 1.6986960241316802e-05 -0.00054471509171417031 0.00049380653288328118 0.00013760760741290105 -0.0012575029424906465 0.00057746781761080287 -0.00078572331073044203 -0.00010118642768864957
leaf_weight=1769 813 113 39 229 34223 1147 165 1704 43 924 342 127
leaf_count=1769 813 113 39 229 34223 1147 165 1704 43 924 342 127
internal_value=2.77172e-10 1.99394e-05 -0.00015216 4.3121e-06 1.17825e-05 -0.000168698 -0.000414093 -7.59896e-05 0.000305981 0.000374482 -0.000561289 -0.000393812
internal_weight=41638 36814 4824 34907 34452 4785 1312 3473 1907 1737 455 170
internal_count=41638 36814 4824 34907 34452 4785 1312 3473 1907 1737 455 170
is_linear=0
shrinkage=0.0512268


Tree=43
num_leaves=12
num_cat=0
split_feature=12 3 13 14 9 14 12 8 9 8 5
split_gain=0.0471193 0.0763884 0.167133 0.108979 0.0447877 0.0711578 0.0609942 0.043356 0.0399961 0.0308549 0.0231782
threshold=0.02473479509353638 0.16977609694004062 -0.56174489110708226 79.500000000000014 50.912115097045906 70.500000000000014 0.01974086090922356 17.45592021942139 73.220493316650405 23.982464790344242 0.0020244158804416661
decision_type=2 2 2 2 2 2 2 2 2 2 2
left_child=1 4 3 -3 6 -6 -1 -2 10 -4 -9
right_child=7 2 9 -5 5 -7 -8 8 -10 -11 -12
leaf_value=-6.9282615746789282e-05 -0.0023446287867627288 0.0013370805954751154 0.00028831317385829912 0.0049430343447661755 0.00010794769461710165 -0.00010654967441579132 0.00052245614123092813 -0.00063922655687024871 -0.0019616606719045251 -0.0013027902170593812 0.00034134454456660708
leaf_weight=19625 34 66 134 33 15438 5506 468 135 38 42 119
leaf_count=19625 34 66 134 33 15438 5506 468 135 38 42 119
internal_value=2.6034e-10 4.84159e-06 0.000855761 0.00253952 -8.60367e-07 5.15573e-05 -5.5499e-05 -0.000613445 -0.000411754 -9.13202e-05 -0.000179759
internal_weight=41638 41312 275 99 41037 20944 20093 326 292 176 254
internal_count=41638 41312 275 99 41037 20944 20093 326 292 176 254
is_linear=0
shrinkage=0.0512268


Tree=44
num_leaves=15
num_cat=0
split_feature=2 13 11 11 3 13 4 6 6 11 3 2 4 16
split_gain=0.0420415 0.0433759 0.122475 0.284715 0.0850888 0.117924 0.0707955 0.0600133 0.0260288 0.0396747 0.0227699 0.0215505 0.0127573 0.00469178
threshold=-0.012610261328518389 0.81174489855766307 77.500000000000014 79.500000000000014 0.16977609694004062 -0.56174489110708226 -0.0060314221773296586 0.0093318293802440184 -0.0034300592960789795 27.500000000000004 -0.09268565475940703 -0.014254540205001829 -0.0013387954677455125 0.020735665224492553
decision_type=2 2 2 2 2 2 2 2 2 2 2 2 2 2
left_child=8 4 6 -4 7 -6 -3 -2 9 13 -10 -11 -12 -1
right_child=1 2 3 -5 5 -7 -8 -9 10 11 12 -13 -14 -15
leaf_value=-0.00063149270877913607 9.2629481792397868e-06 0.00038640768694195738 -0.0035866739579767607 -0.00025047026829120916 0.0022193543612594297 1.437820762143369e-05 -0.00015684533526106993 -0.001106316517054084 0.0015670256275153471 -3.2655385551123381e-05 0.00066824275186140602 0.0010232690198232481 0.00023679946530356867 -0.0013687444290382675
leaf_weight=47 34658 737 88 283 109 153 4315 127 46 184 283 70 494 44
leaf_count=47 34658 737 88 283 109 153 4315 127 46 184 283 70 494 44
internal_value=2.34229e-10 -8.74409e-06 -0.000143566 -0.00104191 1.21171e-05 0.000931819 -7.75901e-05 5.18923e-06 0.000302995 -7.04614e-05 0.000459568 0.000258299 0.000393968 -0.000988241
internal_weight=41638 40470 5423 371 35047 262 5052 34785 1168 345 823 254 777 91
internal_count=41638 40470 5423 371 35047 262 5052 34785 1168 345 823 254 777 91
is_linear=0
shrinkage=0.0512268


Tree=45
num_leaves=16
num_cat=0
split_feature=9 10 9 0 3 5 4 5 4 15 9 10 9 15 4
split_gain=0.041461 0.0970898 0.0740965 0.070829 0.0565463 0.0562717 0.0551954 0.045443 0.0432334 0.0365773 0.0319645 0.0310048 0.026449 0.02312 0.0152823
threshold=32.555339813232429 -0.60785761475563038 17.605015754699711 0.63902038335800182 0.04861854016780854 -0.0033712986623868342 -0.0088704461231827719 -0.0075108895543962708 0.002192470477893949 0.010615544859319927 63.508396148681648 0.87837970256805431 44.554792404174812 -0.010538995731621979 -0.013860484119504688
decision_type=2 2 2 2 2 2 2 2 2 2 2 2 2 2 2
left_child=1 3 13 4 -1 -5 10 11 -9 -4 12 -8 -2 -3 -12
right_child=6 2 9 5 -6 -7 7 8 -10 -11 14 -13 -14 -15 -16
leaf_value=-0.00028846209282179671 0.0001393489948895973 0.00037763737683759867 -9.1904714097753687e-05 -0.0018178703391721618 0.0017706469276826833 -0.0006520294996793575 -0.0009770965396459089 -3.2552679370012079e-05 8.8104203843651264e-05 0.0011260930883845801 -0.0012181222072976171 0.00064203771638149615 0.00053999432475454858 0.0013840416050295542 -0.00010067311267225125
leaf_weight=644 813 124 3266 146 37 425 192 22852 11826 66 43 37 924 116 127
leaf_count=644 813 124 3266 146 37 425 192 22852 11826 66 43 37 924 116 127
internal_value=2.14222e-10 -0.000141212 -5.14819e-06 -0.000529392 -0.000176543 -0.000950176 1.85048e-05 3.84334e-06 8.59361e-06 -6.7771e-05 0.000286867 -0.0007154 0.000352484 0.000864167 -0.000383466
internal_weight=41638 4824 3572 1252 681 571 36814 34907 34678 3332 1907 229 1737 240 170
internal_count=41638 4824 3572 1252 681 571 36814 34907 34678 3332 1907 229 1737 240 170
is_linear=0
shrinkage=0.0512268


Tree=46
num_leaves=16
num_cat=0
split_feature=14 12 12 14 10 16 14 16 3 2 4 10 3 10 14
split_gain=0.0436606 0.107201 0.114559 0.0808709 0.126977 0.356539 0.129953 0.0619691 0.0599029 0.0543601 0.0533497 0.0486094 0.0423523 0.039108 0.0250709
threshold=14.500000000000002 0.013653927948325874 0.0056742737069725999 20.500000000000004 -0.60785761475563038 0.021484068594872955 16.500000000000004 0.01881891489028931 -0.03915696777403354 0.0095016560517251509 0.0019785754848271613 0.87837970256805431 -0.025133318267762658 0.6078576147556306 10.500000000000002
decision_type=2 2 2 2 2 2 2 2 2 2 2 2 2 2 2
left_child=1 2 12 4 5 -2 -6 14 -9 13 -11 -4 -1 -5 -3
right_child=3 7 11 9 6 -7 -8 8 -10 10 -12 -13 -14 -15 -16
leaf_value=-6.9299613580214742e-05 0.00055135747347177864 -0.00051064125527476762 0.0001930723374636669 -5.2610194766824745e-05 -0.00048112324290421141 0.0048461476977995849 0.00045560340209738236 -0.0026957442093479811 -0.00094434458185077552 7.5889813896040561e-05 0.00067771696147869741 -0.00042278847613740463 -0.0010394060618742573 6.7031112856224192e-05 0.0012022147494850498
leaf_weight=171 538 81 1871 24336 648 56 971 75 162 1163 579 410 382 10164 31
leaf_count=171 538 81 1871 24336 648 56 971 75 162 1163 579 410 382 10164 31
internal_value=1.89106e-10 -0.000182328 -7.79941e-05 1.50923e-05 0.000315722 0.000956338 8.06699e-05 -0.00102948 -0.00149873 -3.26419e-06 0.000275935 8.23653e-05 -0.000739464 -1.73623e-05 -3.63421e-05
internal_weight=41638 3183 2834 38455 2213 594 1619 349 237 36242 1742 2281 553 34500 112
internal_count=41638 3183 2834 38455 2213 594 1619 349 237 36242 1742 2281 553 34500 112
is_linear=0
shrinkage=0.0512268


Tree=47
num_leaves=15
num_cat=0
split_feature=14 11 10 9 14 14 10 10 14 14 11 10 10 6
split_gain=0.0393026 0.139206 0.199809 0.272415 0.0904626 0.0626331 0.0609275 0.0474888 0.0600127 0.153981 0.0476129 0.135729 0.123422 0.020605
threshold=14.500000000000002 20.500000000000004 -0.60785761475563038 61.880777359008796 15.500000000000002 19.500000000000004 1.0000000180025095e-35 0.87837970256805431 9.5000000000000018 13.500000000000002 9.5000000000000018 0.6078576147556306 -0.60785761475563038 -0.0011169694480486212
decision_type=2 2 2 2 2 2 2 2 2 2 2 2 2 2
left_child=7 2 3 -2 -4 -3 -7 10 13 -10 12 -12 -1 -9
right_child=1 5 4 -5 -6 6 -8 8 9 -11 11 -13 -14 -15
leaf_value=-0.00053393928195508318 0.00035367617731830927 -0.0019416513673944891 -0.0005632063510375879 0.0025545185752602496 0.00031959387494234185 -6.726741898699998e-05 6.667469867103481e-05 -0.00018954742235704694 0.00070894983839649953 -0.0016435275710307165 -0.00058745090875393874 0.00047781410541496182 0.00056989700987702637 -0.0015041688417779639
leaf_weight=420 394 44 401 236 1267 20106 16007 38 197 116 1065 445 724 178
leaf_count=420 394 44 401 236 1267 20106 16007 38 197 116 1065 445 724 178
internal_value=1.74795e-10 1.43193e-05 0.000400926 0.00117817 0.00010735 -1.02515e-05 -7.89741e-06 -0.000172989 -0.000616188 -0.000162857 -8.46418e-05 -0.000273503 0.000164626 -0.00127299
internal_weight=41638 38455 2298 630 1668 36157 36113 3183 529 313 2654 1510 1144 216
internal_count=41638 38455 2298 630 1668 36157 36113 3183 529 313 2654 1510 1144 216
is_linear=0
shrinkage=0.0512268


Tree=48
num_leaves=15
num_cat=0
split_feature=8 3 13 7 3 14 14 7 3 13 7 0 2 14
split_gain=0.0445977 0.0956479 0.115337 0.0587422 0.0774933 0.0540507 0.0453537 0.234545 0.047966 0.0462807 0.0976147 0.036893 0.0353462 0.00850022
threshold=21.203143119812015 0.16977609694004062 -0.56174489110708226 72.500000000000014 -0.0057229720987379542 64.500000000000014 64.500000000000014 65.500000000000014 -0.08153259381651877 0.81174489855766307 77.500000000000014 0.81937503814697277 0.01244440581649542 75.500000000000014
decision_type=2 2 2 2 2 2 2 2 2 2 2 2 2 2
left_child=1 3 11 5 -5 -1 7 8 -2 12 -11 -3 -8 -4
right_child=6 2 13 4 -6 -7 9 -9 -10 10 -12 -13 -14 -15
leaf_value=3.006778298298691e-05 0.00023119712169094239 0.001669169510219037 0.00059772881880513563 -0.0004279285849450079 6.1897913626586573e-06 0.00024180957650922846 0.00010052598552184918 -0.0043251381793130159 -0.00016235573958329826 -9.4863844463857582e-05 -0.001878512429306559 0.0041144682230753564 0.0011006774629267857 -0.00036951236608084116
leaf_weight=18577 900 31 52 1556 3520 3813 3871 35 8373 645 92 34 95 44
leaf_count=18577 900 31 52 1556 3520 3813 3871 35 8373 645 92 34 95 44
internal_value=1.03665e-10 3.77557e-05 0.00128268 3.04572e-05 -0.000126882 6.61281e-05 -7.44453e-05 -0.000139959 -0.000124157 5.52129e-05 -0.000317558 0.00294884 0.00012449 0.000154232
internal_weight=41638 27627 161 27466 5076 22390 14011 9308 9273 4703 737 65 3966 96
internal_count=41638 27627 161 27466 5076 22390 14011 9308 9273 4703 737 65 3966 96
is_linear=0
shrinkage=0.0512268


Tree=49
num_leaves=12
num_cat=0
split_feature=12 16 14 10 14 14 14 10 10 14 6
split_gain=0.0409887 0.0816967 0.0764725 0.145787 0.0684964 0.0524794 0.173453 0.0535302 0.0368143 0.0263636 0.0291316
threshold=0.02473479509353638 0.031249940395355228 78.500000000000014 -1.0000000180025095e-35 24.500000000000004 76.500000000000014 79.500000000000014 0.6078576147556306 0.87837970256805431 26.500000000000004 0.0083021940663456934
decision_type=2 2 2 2 2 2 2 2 2 2 2
left_child=1 5 4 -4 -3 7 -7 -1 9 -2 -11
right_child=8 2 3 -5 -6 6 -8 -9 -10 10 -12
leaf_value=-2.984804194058311e-05 -0.001647517701993059 0.0013091873468412975 0.0040602602151424165 0.00071540251022054167 -0.00013147775267539853 -0.00075779709199465652 0.00010969826591520849 0.00010316919319107502 -0.0020488436737429506 -0.00039432473494325679 0.0012606232390630424
leaf_weight=26716 37 110 41 206 407 996 1540 11296 39 218 32
leaf_count=26716 37 110 41 206 407 996 1540 11296 39 218 32
internal_value=1.49389e-10 4.51559e-06 0.00052932 0.0012708 0.000175027 -5.37235e-06 -0.000231 9.68015e-06 -0.000572148 -0.000371373 -0.00018239
internal_weight=41638 41312 764 247 517 40548 2536 38012 326 287 250
internal_count=41638 41312 764 247 517 40548 2536 38012 326 287 250
is_linear=0
shrinkage=0.0512268


Tree=50
num_leaves=13
num_cat=0
split_feature=8 14 11 11 14 14 11 14 5 11 0 5
split_gain=0.0409909 0.0912632 0.04659 0.119525 0.0927588 0.0322972 0.0437275 0.30949 0.0450376 0.0240244 0.0243315 0.0175868
threshold=22.486733436584476 93.500000000000014 27.500000000000004 28.500000000000004 15.500000000000002 71.500000000000014 67.500000000000014 64.500000000000014 0.0081309741362929362 75.500000000000014 0.51099762320518505 0.0016404318157583477
decision_type=2 2 2 2 2 2 2 2 2 2 2 2
left_child=1 2 4 -4 -1 6 8 -8 -2 11 -11 -7
right_child=5 -3 3 -5 -6 9 7 -9 -10 10 -12 -13
leaf_value=-0.00010046620979520986 -8.0476809523110431e-05 0.0025711795433806476 -0.00066860603978695647 1.0759395704610256e-05 0.00027372153309586762 0.00033994185894579943 -0.0050738069181914727 -0.00027462135961730925 -0.0010427682279095479 0.00042120222743114447 -0.00029157233868498856 -3.9944593124523199e-05
leaf_weight=2737 6994 37 700 23300 4765 931 37 748 130 158 614 487
leaf_count=2737 6994 37 700 23300 4765 931 37 748 130 158 614 487
internal_value=1.43105e-10 2.8762e-05 2.57747e-05 -9.05489e-06 0.000137202 -8.98209e-05 -0.000138028 -0.000500893 -9.80404e-05 8.42659e-05 -0.000145668 0.000209461
internal_weight=41638 31539 31502 24000 7502 10099 7909 785 7124 2190 772 1418
internal_count=41638 31539 31502 24000 7502 10099 7909 785 7124 2190 772 1418
is_linear=0
shrinkage=0.0512268


Tree=51
num_leaves=12
num_cat=0
split_feature=12 9 10 7 14 7 14 12 10 9 7
split_gain=0.0359772 0.0388151 0.0720901 0.14495 0.121135 0.0469868 0.212078 0.101894 0.0329173 0.0360696 0.0209321
threshold=0.02473479509353638 50.912115097045906 0.6078576147556306 80.500000000000014 79.500000000000014 70.500000000000014 61.500000000000007 0.016087507829070095 0.87837970256805431 73.77860260009767 81.500000000000014
decision_type=2 2 2 2 2 2 2 2 2 2 2
left_child=1 2 4 -4 -1 6 -3 -7 9 10 -2
right_child=8 5 3 -5 -6 7 -8 -9 -10 -11 -12
leaf_value=-0.00013575507335712053 0.00014686842361139835 9.5814751463742199e-06 0.00014532931239167912 -0.0013550115274980259 0.00075047274358775069 -0.00014506800053166156 0.00050116885808931648 0.00059882674428001577 -0.0019323871295498065 -0.0019125893956956689 -0.00090409042813476513
leaf_weight=13750 185 12702 5845 174 417 5077 2813 534 39 34 68
leaf_count=13750 185 12702 5845 174 417 5077 2813 534 39 34 68
internal_value=1.32943e-11 4.23045e-06 -4.65666e-05 0.000101952 -0.000109668 5.27681e-05 9.87117e-05 -7.42676e-05 -0.000536031 -0.000346176 -0.000135551
internal_weight=41638 41312 20186 6019 14167 21126 15515 5611 326 287 253
internal_count=41638 41312 20186 6019 14167 21126 15515 5611 326 287 253
is_linear=0
shrinkage=0.0512268


Tree=52
num_leaves=13
num_cat=0
split_feature=8 7 13 7 16 7 9 12 13 9 7 5
split_gain=0.0367684 0.0576559 0.0519459 0.176803 0.0751443 0.0293291 0.0448289 0.0526183 0.0452273 0.0392852 0.0735011 0.0333845
threshold=22.486733436584476 93.500000000000014 1.0000000180025095e-35 77.500000000000014 0.022727204486727718 71.500000000000014 50.912115097045906 0.017368285916745666 -0.56174489110708226 60.013166427612312 83.500000000000014 0.0062204033602029094
decision_type=2 2 2 2 2 2 2 2 2 2 2 2
left_child=1 2 4 -4 -1 6 8 -8 -2 11 -11 -7
right_child=5 -3 3 -5 -6 9 7 -9 -10 10 -12 -13
leaf_value=4.2945010895591683e-05 -0.00050593772585993924 0.0020759312577277628 -8.0158754005385329e-07 -0.0007359050165718638 0.00036267068767425087 0.00019507077967432113 4.7922056911728388e-05 -0.0007168752850562855 -0.00013646640445088179 -8.010375770184887e-05 -0.0020599189876937345 0.0016780604577250953
leaf_weight=15713 1242 36 12670 921 2199 1398 3526 253 2899 687 53 41
leaf_count=15713 1242 36 12670 921 2199 1398 3526 253 2899 687 53 41
internal_value=0 2.72402e-05 2.4898e-05 -5.06179e-05 8.21978e-05 -8.50691e-05 -0.00013086 -3.27693e-06 -0.000247286 8.13595e-05 -0.000221944 0.000237345
internal_weight=41638 31539 31503 13591 17912 10099 7920 3779 4141 2179 740 1439
internal_count=41638 31539 31503 13591 17912 10099 7920 3779 4141 2179 740 1439
is_linear=0
shrinkage=0.0512268


Tree=53
num_leaves=11
num_cat=0
split_feature=16 14 11 3 16 16 14 3 5 5
split_gain=0.0346997 0.0334477 0.12041 0.112744 0.0617279 0.0803307 0.0558845 0.0372302 0.0280217 0.00722093
threshold=1.0000000180025095e-35 14.500000000000002 20.500000000000004 -0.064984161406755434 0.018324013799428943 0.015075711067765953 19.500000000000004 -0.038465309888124459 0.0015521797467954459 0.0037703644484281544
decision_type=2 2 2 2 2 2 2 2 2 2
left_child=8 4 3 -3 5 -2 -4 -6 -1 -10
right_child=1 2 6 -5 7 -7 -8 -9 9 -11
leaf_value=0.00023981364386581769 -0.00025466409060040504 0.001123123792535973 -0.00183157239389801 0.00020309065673894077 -0.0009029347674785257 0.00035762256955614079 -4.9617148673368355e-06 -0.00018402388150427581 -0.00094744069135171906 -0.0019348365010801679
leaf_weight=39 1539 430 44 1868 397 886 35996 361 39 39
leaf_count=39 1539 430 44 1868 397 886 35996 361 39 39
internal_value=0 2.48283e-06 1.57312e-05 0.000375257 -0.000157083 -3.09509e-05 -7.19262e-06 -0.000560579 -0.000880932 -0.0014415
internal_weight=41638 41521 38338 2298 3183 2425 36040 758 117 78
internal_count=41638 41521 38338 2298 3183 2425 36040 758 117 78
is_linear=0
shrinkage=0.0512268


Tree=54
num_leaves=12
num_cat=0
split_feature=8 3 8 3 7 14 14 7 12 7 14
split_gain=0.0353746 0.0508867 0.0421545 0.0794655 0.0459351 0.045032 0.0370666 0.198045 0.0336146 0.0325135 0.0270419
threshold=10.123809337615969 -0.052744593471288674 21.203143119812015 0.16977609694004062 47.500000000000007 79.500000000000014 64.500000000000014 65.500000000000014 0.013653927948325874 70.500000000000014 67.500000000000014
decision_type=2 2 2 2 2 2 2 2 2 2 2
left_child=1 -1 3 4 -2 -5 7 -4 10 -8 -3
right_child=2 8 6 5 -6 -7 9 -9 -10 -11 -12
leaf_value=-0.0018737534791328661 0.00011195366871974973 -9.3859557593786421e-05 -0.00010968086813459692 0.00067818100517457543 -2.3363471271707276e-05 0.0026470432761101499 0.00027062744284125272 -0.0039699650767464727 0.0011724593344607835 -3.0827477815414901e-05 -0.00073303677752928689
leaf_weight=52 12024 545 9273 119 14548 41 1296 35 43 3407 255
leaf_count=52 12024 545 9273 119 14548 41 1296 35 43 3407 255
internal_value=0 -0.000318574 6.99838e-06 4.47222e-05 3.78678e-05 0.00118291 -6.49747e-05 -0.000124201 -0.000222607 5.22406e-05 -0.000297624
internal_weight=41638 895 40743 26732 26572 160 14011 9308 843 4703 800
internal_count=41638 895 40743 26732 26572 160 14011 9308 843 4703 800
is_linear=0
shrinkage=0.0512268


Tree=55
num_leaves=15
num_cat=0
split_feature=2 2 7 10 12 16 6 6 10 2 6 7 15 1
split_gain=0.037606 0.0334046 0.0299518 0.0445565 0.0438331 0.0278415 0.0332139 0.0252255 0.0211409 0.0303995 0.0190217 0.0237167 0.0158237 0.0133222
threshold=-0.012610261328518389 0.0095016560517251509 38.500000000000007 1.0000000180025095e-35 0.012548189144581558 1.0000000180025095e-35 0.0054778684861958036 0.0015560670872218909 0.6078576147556306 -0.023745444603264328 -0.0043705864809453479 27.500000000000004 -0.014935236889868973 0.25000000000000011
decision_type=2 2 2 2 2 2 2 2 2 2 2 2 2 2
left_child=8 5 4 -4 -3 7 -7 -2 10 -10 11 -1 -11 -12
right_child=1 2 3 -5 -6 6 -8 -9 9 12 13 -13 -14 -15
leaf_value=-0.0011100563746780547 0.00025500225672445663 0.00022024543162736876 3.1167967400819013e-05 0.00065409697046122273 -0.00051233778010070145 -2.5080671542309574e-05 0.00026297529322594741 -0.0013402083965885748 -0.00075242453263788781 0.0018425046483741363 -7.4005742041227706e-05 0.00010401883089448292 0.00065704150770027497 0.00043711205954956534
leaf_weight=64 39 637 576 632 323 37104 1081 78 38 33 194 124 284 431
leaf_count=64 39 637 576 632 323 37104 1081 78 38 33 194 124 284 431
internal_value=0 -8.27045e-06 0.000187349 0.000357088 -2.62219e-05 -1.93435e-05 -1.69254e-05 -0.000808338 0.000286566 0.00061639 0.000142521 -0.000309217 0.000780545 0.000278434
internal_weight=41638 40470 2168 1208 960 38302 38185 117 1168 355 813 188 317 625
internal_count=41638 40470 2168 1208 960 38302 38185 117 1168 355 813 188 317 625
is_linear=0
shrinkage=0.0512268


Tree=56
num_leaves=13
num_cat=0
split_feature=4 13 14 6 7 7 14 4 7 14 7 13
split_gain=0.0324196 0.03493 0.106015 0.120226 0.0549055 0.08332 0.0548276 0.0515727 0.0252602 0.0214084 0.0293292 0.0141367
threshold=-0.012366553302854298 0.81174489855766307 73.500000000000014 -0.0061684150714427224 8.5000000000000018 7.5000000000000009 60.500000000000007 0.0021215133601799612 7.5000000000000009 13.500000000000002 21.500000000000004 -0.56174489110708226
decision_type=2 2 2 2 2 2 2 2 2 2 2 2
left_child=8 4 6 -4 5 -2 -3 -6 -1 11 -11 -10
right_child=1 2 3 -5 7 -7 -8 -9 9 10 -12 -13
leaf_value=0.0016921662914014847 0.00015630378559367529 -0.00014488990087860095 -0.0031591273851389414 -0.00049800306270604447 -2.3123496187287335e-05 -0.0010233989131623899 0.0002475901583329506 0.0001125376031093838 -0.0014035080194879414 0.00095512476920601389 0.00018095140441387351 -0.00010530758841019699
leaf_weight=31 299 3126 47 854 23620 331 1332 10678 31 146 1067 76
leaf_count=31 299 3126 47 854 23620 331 1332 10678 31 146 1067 76
internal_value=0 -8.27734e-06 -0.000130053 -0.000636863 1.04061e-05 -0.000463485 -2.76171e-05 1.91114e-05 0.000246837 0.000212871 0.000274153 -0.000481657
internal_weight=41638 40287 5359 901 34928 630 4458 34298 1351 1320 1213 107
internal_count=41638 40287 5359 901 34928 630 4458 34298 1351 1320 1213 107
is_linear=0
shrinkage=0.0512268


Tree=57
num_leaves=15
num_cat=0
split_feature=2 9 10 11 11 11 11 11 9 4 4 9 6 6
split_gain=0.0342542 0.0351373 0.0530874 0.221983 0.0844907 0.0503175 0.203508 0.0766094 0.0283389 0.0215557 0.0313996 0.0190858 0.00923678 0.0053465
threshold=-0.012610261328518389 50.912115097045906 0.6078576147556306 80.500000000000014 79.500000000000014 70.500000000000014 61.500000000000007 79.500000000000014 29.497988700866703 0.014247773680835964 0.0085206236690282839 23.493623733520511 -0.0013567414716817436 -0.0044807787053287021
decision_type=2 2 2 2 2 2 2 2 2 2 2 2 2 2
left_child=8 2 4 -4 -2 6 -3 -7 11 10 -10 -1 -11 -13
right_child=1 5 3 -5 -6 7 -8 -9 9 12 -12 13 -14 -15
leaf_value=0.00044938210504865685 -0.00013616786925969244 5.9690199709989821e-07 0.00012904440422407167 -0.0017084408645800489 0.00057838345802726035 -0.00018831819661701616 0.00049226638080622812 0.00028432380017994483 0.00033944044548697987 -0.0011593957356218229 0.0013503192108472505 -0.00035400716032054817 3.1625921836688773e-05 -0.0011036491175844736
leaf_weight=49 13202 12754 5607 178 449 4482 2672 1126 859 31 89 44 38 58
leaf_count=49 13202 12754 5607 178 449 4482 2672 1126 859 31 89 44 38 58
internal_value=0 -7.89327e-06 -5.75496e-05 7.25013e-05 -0.000112664 3.79898e-05 8.57623e-05 -9.34156e-05 0.000273497 0.000370735 0.000434372 -0.000381277 -0.000503281 -0.000780496
internal_weight=41638 40470 19436 5785 13651 21034 15426 5608 1168 1017 948 151 69 102
internal_count=41638 40470 19436 5785 13651 21034 15426 5608 1168 1017 948 151 69 102
is_linear=0
shrinkage=0.0512268


Tree=58
num_leaves=13
num_cat=0
split_feature=12 3 13 7 11 11 10 10 6 3 13 6
split_gain=0.0321041 0.0497081 0.1239 0.0689738 0.0313877 0.153778 0.127555 0.0294037 0.0284986 0.0248204 0.03811 0.00583166
threshold=0.02473479509353638 0.16977609694004062 -0.56174489110708226 79.500000000000014 27.500000000000004 28.500000000000004 -1.0000000180025095e-35 0.87837970256805431 -0.00087207031901925791 -0.012224236503243445 1.0000000180025095e-35 -0.0039737357292324296
decision_type=2 2 2 2 2 2 2 2 2 2 2 2
left_child=1 4 3 -3 6 -6 -1 9 -4 11 -11 -2
right_child=7 2 8 -5 5 -7 -8 -9 -10 10 -12 -13
leaf_value=0.00029802678762813818 -0.00016798383195755143 0.0011174047299866055 0.00074782174176044622 0.0039288443157491429 -0.0007027089122549424 -6.5270241520949074e-06 -7.8086795741232941e-05 -0.0018260933062527772 -0.00061181058362452464 0.00012484562814387277 -0.0012937779637527641 0.00070730850920585047
leaf_weight=4079 31 63 63 36 856 30467 5635 39 113 92 108 56
leaf_count=4079 31 63 63 36 856 30467 5635 39 113 92 108 56
internal_value=0 3.99604e-06 0.000690413 0.00214014 -6.03522e-07 -2.55531e-05 7.98451e-05 -0.000506357 -0.000125013 -0.000326916 -0.000641142 0.000395232
internal_weight=41638 41312 275 99 41037 31323 9714 326 176 287 200 87
internal_count=41638 41312 275 99 41037 31323 9714 326 176 287 200 87
is_linear=0
shrinkage=0.0512268


Tree=59
num_leaves=15
num_cat=0
split_feature=2 9 15 16 14 14 14 3 9 0 9 9 9 15
split_gain=0.0310268 0.0310291 0.0960912 0.070844 0.0805991 0.0642899 0.0577207 0.0401039 0.0257296 0.0200419 0.0226902 0.0171422 0.0134401 0.00887718
threshold=-0.012610261328518389 50.912115097045906 -0.010538995731621979 0.03343606926500798 76.500000000000014 70.500000000000014 38.500000000000007 0.034167394042015083 29.497988700866703 1.7104296684265139 38.359224319458015 23.493623733520511 37.373880386352546 -0.005368458339944481
decision_type=2 2 2 2 2 2 2 2 2 2 2 2 2 2
left_child=8 3 6 4 -2 -4 -3 -5 11 10 -10 -1 -11 -13
right_child=1 2 5 7 -6 -7 -8 -9 9 12 -12 13 -14 -15
leaf_value=0.00042361001918073571 -4.242384710305234e-05 -0.00014890969759248228 6.8181388545256492e-05 3.6881519745018716e-08 -0.00052595787775962092 -0.00013881215771295268 0.00082034672819593314 0.0012034993750116476 -1.3123478165396489e-05 0.00093826526488894712 0.00064638064115878178 -0.00040359114561895891 -0.00016620596405814015 -0.0014179301117945302
leaf_weight=49 18181 217 14829 121 952 5361 627 182 180 33 571 68 233 34
leaf_count=49 18181 217 14829 121 952 5361 627 182 180 33 571 68 233 34
internal_value=0 -7.51218e-06 3.56052e-05 -5.41755e-05 -6.64841e-05 1.3218e-05 0.000571122 0.000722979 0.000260294 0.000352948 0.000488288 -0.000363606 -2.90967e-05 -0.000741955
internal_weight=41638 40470 21034 19436 19133 20190 844 303 1168 1017 751 151 266 102
internal_count=41638 40470 21034 19436 19133 20190 844 303 1168 1017 751 151 266 102
is_linear=0
shrinkage=0.0512268


end of trees

feature_importances:
Column_14=91
Column_11=81
Column_7=72
Column_3=48
Column_10=47
Column_13=43
Column_9=39
Column_12=35
Column_16=35
Column_5=27
Column_2=25
Column_6=21
Column_4=19
Column_8=18
Column_15=11
Column_0=6
Column_1=2

parameters:
[boosting: gbdt]
[objective: regression]
[metric: l2]
[tree_learner: serial]
[device_type: cpu]
[data_sample_strategy: bagging]
[data: ]
[valid: ]
[num_iterations: 60]
[learning_rate: 0.0512268]
[num_leaves: 31]
[num_threads: 1]
[seed: 0]
[deterministic: 0]
[force_col_wise: 0]
[force_row_wise: 0]
[histogram_pool_size: -1]
[max_depth: 4]
[min_data_in_leaf: 31]
[min_sum_hessian_in_leaf: 0.001]
[bagging_fraction: 0.732533]
[pos_bagging_fraction: 1]
[neg_bagging_fraction: 1]
[bagging_freq: 0]
[bagging_seed: 3]
[bagging_by_query: 0]
[feature_fraction: 0.445334]
[feature_fraction_bynode: 1]
[feature_fraction_seed: 2]
[extra_trees: 0]
[extra_seed: 6]
[early_stopping_round: 0]
[early_stopping_min_delta: 0]
[first_metric_only: 0]
[max_delta_step: 0]
[lambda_l1: 0.000344361]
[lambda_l2: 0.00732781]
[linear_lambda: 0]
[min_gain_to_split: 0]
[drop_rate: 0.1]
[max_drop: 50]
[skip_drop: 0.5]
[xgboost_dart_mode: 0]
[uniform_drop: 0]
[drop_seed: 4]
[top_rate: 0.2]
[other_rate: 0.1]
[min_data_per_group: 100]
[max_cat_threshold: 32]
[cat_l2: 10]
[cat_smooth: 10]
[max_cat_to_onehot: 4]
[top_k: 20]
[monotone_constraints: ]
[monotone_constraints_method: basic]
[monotone_penalty: 0]
[feature_contri: ]
[forcedsplits_filename: ]
[refit_decay_rate: 0.9]
[cegb_tradeoff: 1]
[cegb_penalty_split: 0]
[cegb_penalty_feature_lazy: ]
[cegb_penalty_feature_coupled: ]
[path_smooth: 0]
[interaction_constraints: ]
[verbosity: -1]
[saved_feature_importance_type: 0]
[use_quantized_grad: 0]
[num_grad_quant_bins: 4]
[quant_train_renew_leaf: 0]
[stochastic_rounding: 1]
[linear_tree: 0]
[max_bin: 255]
[max_bin_by_feature: ]
[min_data_in_bin: 3]
[bin_construct_sample_cnt: 200000]
[data_random_seed: 1]
[is_enable_sparse: 1]
[enable_bundle: 1]
[use_missing: 1]
[zero_as_missing: 0]
[feature_pre_filter: 1]
[pre_partition: 0]
[two_round: 0]
[header: 0]
[label_column: ]
[weight_column: ]
[group_column: ]
[ignore_column: ]
[categorical_feature: ]
[forcedbins_filename: ]
[precise_float_parser: 0]
[parser_config_file: ]
[objective_seed: 5]
[num_class: 1]
[is_unbalance: 0]
[scale_pos_weight: 1]
[sigmoid: 1]
[boost_from_average: 1]
[reg_sqrt: 0]
[alpha: 0.9]
[fair_c: 1]
[poisson_max_delta_step: 0.7]
[tweedie_variance_power: 1.5]
[lambdarank_truncation_level: 30]
[lambdarank_norm: 1]
[label_gain: ]
[lambdarank_position_bias_regularization: 0]
[eval_at: ]
[multi_error_top_k: 1]
[auc_mu_weights: ]
[num_machines: 1]
[local_listen_port: 12400]
[time_out: 120]
[machine_list_filename: ]
[machines: ]
[gpu_platform_id: -1]
[gpu_device_id: -1]
[gpu_use_dp: 0]
[num_gpu: 1]

end of parameters

pandas_categorical:null
